0.00845261
m_BRANCH0_q,1,0.00036629,1
m_BRANCH0_q,0,0.000186886,0
m_BRANCH0_Z,1,0.000175855,1
m_BRANCH0_Z,0,0.000260183,1
d_BRANCH0_X,1,0.000208004,1
d_BRANCH0_X,0,0.000164596,0
d_BRANCH0_r,1,0.000174529,1
d_BRANCH0_r,0,0.000164091,1
X,1,0.000166218,0
X,0,6.8271e-05,1
m_BRANCH0_r,1,0.000142451,1
m_BRANCH0_r,0,0.000147214,1
B,1,0.000199817,1
B,0,0.000202205,1
d,1,0.000164153,1
d,0,0.000222241,1
d_BRANCH0_m,1,0.000203525,1
d_BRANCH0_m,0,0.000143471,1
s_BRANCH0_v,1,0.000165106,0
s_BRANCH0_v,0,0.000241803,1
B_BRANCH0_m,1,8.4803e-05,0
B_BRANCH0_m,0,0.000183808,1
B_BRANCH0_v,1,9.0009e-05,0
B_BRANCH0_v,0,0.000177663,1
C,1,0.000223763,1
C,0,0.000216722,1
s_BRANCH0_Y,1,0.000162797,0
s_BRANCH0_Y,0,0.00014935,1
B_BRANCH0_d,1,0.000141588,1
B_BRANCH0_d,0,0.000200966,1
A,1,0.000188578,1
A,0,0.000202015,1
m,1,0.000151526,1
m,0,0.000188509,1
r_BRANCH0_s,1,0.000175178,1
r_BRANCH0_s,0,0.000156528,0
Y,1,0.000150458,0
Y,0,0.000145803,1
r_BRANCH0_X,1,0.000162581,1
r_BRANCH0_X,0,0.000134118,0
Z,1,0.000177736,1
Z,0,0.00013705,1
r,1,0.000144551,1
r,0,0.000136055,0
q,1,0.000103544,0
q,0,0.000108704,1
s,1,0.000146618,0
s,0,0.000130191,1
v,1,0.000147536,0
v,0,0.000166949,1
