0.00553241
m_BRANCH0_q,1,0.00042512,1
m_BRANCH0_q,0,0.000147581,0
m_BRANCH0_Z,1,8.0648e-05,1
m_BRANCH0_Z,0,0.000139524,1
d_BRANCH0_X,1,9.4267e-05,1
d_BRANCH0_X,0,9.5991e-05,0
d_BRANCH0_r,1,7.0995e-05,1
d_BRANCH0_r,0,6.9239e-05,1
X,1,9.3237e-05,0
X,0,3.4705e-05,1
m_BRANCH0_r,1,9.9938e-05,1
m_BRANCH0_r,0,8.1385e-05,1
B,1,0.000108567,1
B,0,0.000111371,1
d,1,9.601e-05,1
d,0,0.00011294,1
d_BRANCH0_m,1,0.000114845,1
d_BRANCH0_m,0,8.5432e-05,1
s_BRANCH0_v,1,0.000143173,0
s_BRANCH0_v,0,0.000146931,1
B_BRANCH0_m,1,6.5102e-05,0
B_BRANCH0_m,0,8.98e-05,1
B_BRANCH0_v,1,6.831e-05,0
B_BRANCH0_v,0,9.2381e-05,1
C,1,0.000135157,1
C,0,0.000127854,1
s_BRANCH0_Y,1,0.00014141,0
s_BRANCH0_Y,0,0.000126492,1
B_BRANCH0_d,1,7.9722e-05,1
B_BRANCH0_d,0,0.000100662,1
A,1,0.000101142,1
A,0,0.000104557,1
m,1,0.000115672,1
m,0,0.000111473,1
r_BRANCH0_s,1,0.000128897,1
r_BRANCH0_s,0,0.000139753,0
Y,1,0.000126372,0
Y,0,7.2069e-05,1
r_BRANCH0_X,1,8.2753e-05,1
r_BRANCH0_X,0,0.00012992,0
Z,1,0.000107463,1
Z,0,8.4885e-05,1
r,1,7.9321e-05,1
r,0,0.000132556,0
q,1,9.701e-05,0
q,0,5.479e-05,1
s,1,0.000131404,0
s,0,0.000121735,1
v,1,0.000132757,0
v,0,9.9096e-05,1
