0.00250491
16_BRANCH0_22,1,0.000451175,1
16_BRANCH0_22,0,0.000100775,1
11,1,6.8212e-05,1
11,0,0.000113143,1
11_BRANCH0_19,1,6.4883e-05,1
11_BRANCH0_19,0,6.0071e-05,1
11_BRANCH0_16,1,8.7249e-05,1
11_BRANCH0_16,0,0.000115129,1
7,1,0.000117925,1
7,0,0.000172575,1
6,1,0.000118033,1
6,0,0.000130636,1
19,1,0.000175353,1
19,0,3.3233e-05,1
3_BRANCH0_11,1,5.0297e-05,1
3_BRANCH0_11,0,4.9469e-05,1
16_BRANCH0_23,1,3.5498e-05,1
16_BRANCH0_23,0,3.8058e-05,1
10,1,3.1984e-05,1
10,0,2.9203e-05,1
3_BRANCH0_10,1,3.376e-05,1
3_BRANCH0_10,0,3.5195e-05,1
2,1,3.0134e-05,1
2,0,3.0321e-05,1
3,1,3.651e-05,1
3,0,3.2267e-05,1
16,1,3.4499e-05,1
16,0,3.3453e-05,1
1,1,3.4895e-05,1
1,0,2.8947e-05,1
22,1,2.8264e-05,1
22,0,3.5676e-05,1
23,1,3.075e-05,1
23,0,3.7338e-05,1
