0.639645
m_BRANCH0_q,1,0.0314111,1
m_BRANCH0_q,0,0.0293238,0
m_BRANCH0_Z,1,0.0209092,1
m_BRANCH0_Z,0,0.00867757,1
d_BRANCH0_X,1,0.000122856,1
d_BRANCH0_X,0,8.5326e-05,0
d_BRANCH0_r,1,7.7639e-05,1
d_BRANCH0_r,0,8.6482e-05,1
X,1,7.5815e-05,0
X,0,3.7244e-05,1
m_BRANCH0_r,1,7.9308e-05,1
m_BRANCH0_r,0,8.4874e-05,1
B,1,0.000111168,1
B,0,0.000105986,1
d,1,8.8334e-05,1
d,0,0.000115241,1
d_BRANCH0_m,1,0.020863,1
d_BRANCH0_m,0,0.0415848,1
s_BRANCH0_v,1,0.0209263,0
s_BRANCH0_v,0,0.0388223,1
B_BRANCH0_m,1,0.0139197,0
B_BRANCH0_m,0,0.0416488,1
B_BRANCH0_v,1,0.0208329,0
B_BRANCH0_v,0,0.0416524,1
C,1,0.0209539,1
C,0,0.0416326,1
s_BRANCH0_Y,1,0.0209025,0
s_BRANCH0_Y,0,0.0416277,1
B_BRANCH0_d,1,0.0209141,1
B_BRANCH0_d,0,0.0416469,1
A,1,0.0209409,1
A,0,0.0373035,1
m,1,0.0127407,1
m,0,0.0416697,1
r_BRANCH0_s,1,0.0063223,1
r_BRANCH0_s,0,0.000124784,0
Y,1,8.7461e-05,0
Y,0,8.3426e-05,1
r_BRANCH0_X,1,8.9139e-05,1
r_BRANCH0_X,0,8.6754e-05,0
Z,1,0.000111337,1
Z,0,8.8669e-05,1
r,1,9.0987e-05,1
r,0,8.4349e-05,0
q,1,7.119e-05,0
q,0,7.3242e-05,1
s,1,8.3464e-05,0
s,0,7.899e-05,1
v,1,8.4376e-05,0
v,0,0.000110281,1
