136.814
1701,1,0.0122426,1
1701,0,0.0117611,1
700,1,0.0120361,1
700,0,0.00985091,1
1701_BRANCH0_1763,1,0.0211167,1
1701_BRANCH0_1763,0,0.0150484,1
1212,1,0.015151,1
1212,0,0.0130957,1
1697_BRANCH0_1762,1,0.0083123,1
1697_BRANCH0_1762,0,0.00740192,1
2658,1,0.00837259,1
2658,0,0.0146543,1
1685_BRANCH0_1740,1,0.00921039,1
1685_BRANCH0_1740,0,0.00782873,1
1679,1,0.00987913,1
1679,0,0.00965602,1
2148_BRANCH0_2217,1,0.0139181,1
2148_BRANCH0_2217,0,0.0139903,1
2617_BRANCH0_2746,1,0.0132339,1
2617_BRANCH0_2746,0,0.0117897,1
1651,1,0.011341,1
1651,0,0.0078043,1
1252_BRANCH0_2233,1,0.0148571,1
1252_BRANCH0_2233,0,0.0140785,1
1651_BRANCH0_1711,1,0.00905803,1
1651_BRANCH0_1711,0,0.00840004,1
60_BRANCH0_655,1,0.0122726,1
60_BRANCH0_655,0,0.0140381,1
1647,1,0.0122287,1
1647,0,0.0133435,1
1643,1,0.0138122,1
1643,0,0.0129924,1
1643_BRANCH0_1885,1,0.0148897,1
1643_BRANCH0_1885,0,0.0139953,1
1640,1,0.0117144,1
1640,0,0.00803354,1
1640_BRANCH0_1897,1,0.00828027,1
1640_BRANCH0_1897,0,0.00756013,1
676_BRANCH0_1942,1,0.0145929,1
676_BRANCH0_1942,0,0.0164954,1
1623_BRANCH0_1734,1,0.0155253,1
1623_BRANCH0_1734,0,0.0130082,1
1623_BRANCH0_1731,1,0.0101673,1
1623_BRANCH0_1731,0,0.00818757,1
1620_BRANCH0_1717,1,0.0132318,1
1620_BRANCH0_1717,0,0.0145376,1
700_BRANCH0_954,1,0.0122505,1
700_BRANCH0_954,0,0.0120972,1
1615,1,0.0138145,1
1615,0,0.0143899,1
724,1,0.00986928,1
724,0,0.0135444,1
2750,1,0.0115643,1
2750,0,0.009617,1
1615_BRANCH0_1683,1,0.0133878,1
1615_BRANCH0_1683,0,0.0132277,1
1612,1,0.0102026,1
1612,0,0.00795488,1
1022_BRANCH0_1213,1,0.0112925,1
1022_BRANCH0_1213,0,0.0115143,1
1612_BRANCH0_1809,1,0.00922572,1
1612_BRANCH0_1809,0,0.00881672,1
1609_BRANCH0_1681,1,0.0119306,1
1609_BRANCH0_1681,0,0.0124801,1
1606_BRANCH0_1678,1,0.00973704,1
1606_BRANCH0_1678,0,0.010256,1
724_BRANCH0_991,1,0.00849089,1
724_BRANCH0_991,0,0.0143202,1
1603_BRANCH0_1677,1,0.00899264,1
1603_BRANCH0_1677,0,0.0110124,1
1600_BRANCH0_1746,1,0.0120637,1
1600_BRANCH0_1746,0,0.0140378,1
697_BRANCH0_1312,1,0.0157182,1
697_BRANCH0_1312,0,0.0159852,1
1596_BRANCH0_1671,1,0.00971573,1
1596_BRANCH0_1671,0,0.00726921,1
991,1,0.0133517,1
991,0,0.0109785,1
1795,1,0.0185376,1
1795,0,0.0209139,1
1595,1,0.00936971,1
1595,0,0.00886773,1
1593,1,0.0105938,1
1593,0,0.0120223,1
1188_BRANCH0_2658,1,0.0125107,1
1188_BRANCH0_2658,0,0.0110079,1
22,1,0.0104681,1
22,0,0.0105804,1
1588,1,0.0104969,1
1588,0,0.0117228,1
1588_BRANCH0_1697,1,0.00890629,1
1588_BRANCH0_1697,0,0.00752723,1
1571_BRANCH0_1635,1,0.0084584,1
1571_BRANCH0_1635,0,0.00876572,1
1569,1,0.00779344,1
1569,0,0.00834412,1
2340_BRANCH0_2633,1,0.00937943,1
2340_BRANCH0_2633,0,0.0107625,1
1568,1,0.00846914,1
1568,0,0.00795669,1
1364_BRANCH0_1456,1,0.0109772,1
1364_BRANCH0_1456,0,0.0120738,1
1345,1,0.0120355,1
1345,0,0.00773417,1
1561_BRANCH0_1643,1,0.0145023,1
1561_BRANCH0_1643,0,0.0128225,1
1037,1,0.0114478,1
1037,0,0.0113297,1
1322,1,0.00989293,1
1322,0,0.0100433,1
1664_BRANCH0_1730,1,0.0113907,1
1664_BRANCH0_1730,0,0.0154363,1
887,1,0.0130643,1
887,0,0.0145843,1
1557_BRANCH0_1620,1,0.00899089,1
1557_BRANCH0_1620,0,0.0102127,1
1554,1,0.00785114,1
1554,0,0.0084263,1
326_BRANCH0_602,1,0.011338,1
326_BRANCH0_602,0,0.0124022,1
1787,1,0.01435,1
1787,0,0.0150219,1
1554_BRANCH0_1623,1,0.00953572,1
1554_BRANCH0_1623,0,0.00786588,1
634_BRANCH0_1433,1,0.0117609,1
634_BRANCH0_1433,0,0.0128791,1
721_BRANCH0_1119,1,0.011308,1
721_BRANCH0_1119,0,0.0123484,1
1546_BRANCH0_1647,1,0.0128479,1
1546_BRANCH0_1647,0,0.0133594,1
280_BRANCH0_922,1,0.0139866,1
280_BRANCH0_922,0,0.0163533,1
1540,1,0.00979286,1
1540,0,0.00821249,1
1661_BRANCH0_1791,1,0.00801067,1
1661_BRANCH0_1791,0,0.00945925,1
1540_BRANCH0_1595,1,0.00858182,1
1540_BRANCH0_1595,0,0.00851852,1
190_BRANCH0_556,1,0.00987073,1
190_BRANCH0_556,0,0.0104154,1
1537_BRANCH0_1759,1,0.0110053,1
1537_BRANCH0_1759,0,0.00947883,1
1532,1,0.00865214,1
1532,0,0.00765987,1
1522_BRANCH0_1609,1,0.0118314,1
1522_BRANCH0_1609,0,0.0134612,1
1520,1,0.0131239,1
1520,0,0.0121753,1
608,1,0.0174767,1
608,0,0.0119742,1
1517,1,0.0100732,1
1517,0,0.00950255,1
1517_BRANCH0_1603,1,0.00845537,1
1517_BRANCH0_1603,0,0.00907002,1
1647_BRANCH0_1709,1,0.0121158,1
1647_BRANCH0_1709,0,0.0116013,1
1510_BRANCH0_1688,1,0.00974294,1
1510_BRANCH0_1688,0,0.00826445,1
903_BRANCH0_1168,1,0.0107799,1
903_BRANCH0_1168,0,0.0140355,1
1504,1,0.0122552,1
1504,0,0.00867309,1
63_BRANCH0_574,1,0.0111688,1
63_BRANCH0_574,0,0.0115127,1
1501,1,0.0170784,1
1501,0,0.0156316,1
1513,1,0.0109505,1
1513,0,0.0100878,1
1499,1,0.0142537,1
1499,0,0.0159308,1
1498,1,0.0133704,1
1498,0,0.0093846,1
1495,1,0.0115282,1
1495,0,0.0109358,1
1664_BRANCH0_1792,1,0.0122934,1
1664_BRANCH0_1792,0,0.0145931,1
1224,1,0.0124672,1
1224,0,0.0110826,1
1609,1,0.0124655,1
1609,0,0.0121241,1
1492,1,0.0142033,1
1492,0,0.0150233,1
1491,1,0.014681,1
1491,0,0.0145532,1
1013,1,0.0115724,1
1013,0,0.0103264,1
1490,1,0.0100028,1
1490,0,0.0092332,1
1213,1,0.0123789,1
1213,0,0.0125092,1
1488,1,0.0135329,1
1488,0,0.00914902,1
1209,1,0.0109739,1
1209,0,0.0128309,1
670_BRANCH0_2009,1,0.0163137,1
670_BRANCH0_2009,0,0.0155429,1
2690,1,0.0147649,1
2690,0,0.00955113,1
2732,1,0.0131464,1
2732,0,0.0127543,1
1484_BRANCH0_1567,1,0.00899194,1
1484_BRANCH0_1567,0,0.00771182,1
1481_BRANCH0_1531,1,0.00769712,1
1481_BRANCH0_1531,0,0.00876401,1
1476,1,0.0101022,1
1476,0,0.00988806,1
691,1,0.00959274,1
691,0,0.0111569,1
1475,1,0.0106989,1
1475,0,0.0109239,1
1031,1,0.0148591,1
1031,0,0.0147341,1
1472,1,0.00927997,1
1472,0,0.00864164,1
1751_BRANCH0_1795,1,0.0184399,1
1751_BRANCH0_1795,0,0.0197603,1
1469,1,0.0130538,1
1469,0,0.0120154,1
2237_BRANCH0_2257,1,0.0119931,1
2237_BRANCH0_2257,0,0.0132147,1
1468,1,0.0129372,1
1468,0,0.0119143,1
2119_BRANCH0_2549,1,0.0137364,1
2119_BRANCH0_2549,0,0.0161171,1
1462,1,0.0120604,1
1462,0,0.0087043,1
1640_BRANCH0_1728,1,0.00925813,1
1640_BRANCH0_1728,0,0.00846521,1
1460,1,0.0145065,1
1460,0,0.0128638,1
1455,1,0.0117924,1
1455,0,0.00881045,1
1454,1,0.0109553,1
1454,0,0.0122684,1
1448,1,0.0128173,1
1448,0,0.0120397,1
652_BRANCH0_895,1,0.0156952,1
652_BRANCH0_895,0,0.0150761,1
1571,1,0.00856426,1
1571,0,0.00833758,1
1801,1,0.00981391,1
1801,0,0.00838926,1
1447,1,0.0105884,1
1447,0,0.00878043,1
1446,1,0.0109282,1
1446,0,0.0103568,1
1443,1,0.0115134,1
1443,0,0.00929783,1
1636,1,0.0091923,1
1636,0,0.00808767,1
370_BRANCH0_543,1,0.0148439,1
370_BRANCH0_543,0,0.017624,1
1440_BRANCH0_1499,1,0.0142102,1
1440_BRANCH0_1499,0,0.0158851,1
1681,1,0.0137246,1
1681,0,0.0118995,1
1494,1,0.012965,1
1494,0,0.00854938,1
1439,1,0.012469,1
1439,0,0.00970138,1
1438,1,0.0108978,1
1438,0,0.00854657,1
1228,1,0.0106575,1
1228,0,0.011554,1
1171_BRANCH0_2600,1,0.012017,1
1171_BRANCH0_2600,0,0.0137238,1
2119_BRANCH0_2597,1,0.0138223,1
2119_BRANCH0_2597,0,0.0143035,1
1433,1,0.0138053,1
1433,0,0.00845444,1
2427_BRANCH0_2629,1,0.00764797,1
2427_BRANCH0_2629,0,0.0128673,1
1484_BRANCH0_1532,1,0.009568,1
1484_BRANCH0_1532,0,0.00823208,1
1419_BRANCH0_1848,1,0.00963644,1
1419_BRANCH0_1848,0,0.00983974,1
56_BRANCH0_898,1,0.015807,1
56_BRANCH0_898,0,0.015367,1
1416_BRANCH0_1849,1,0.01603,1
1416_BRANCH0_1849,0,0.0153012,1
1003,1,0.0126138,1
1003,0,0.0114813,1
1397,1,0.011749,1
1397,0,0.00871082,1
1393_BRANCH0_1463,1,0.00963652,1
1393_BRANCH0_1463,0,0.0116077,1
592_BRANCH0_981,1,0.00946439,1
592_BRANCH0_981,0,0.0137537,1
2812_BRANCH0_2857,1,0.0103826,1
2812_BRANCH0_2857,0,0.0169637,1
1393_BRANCH0_1462,1,0.0134003,1
1393_BRANCH0_1462,0,0.00930143,1
28_BRANCH0_370,1,0.0106808,1
28_BRANCH0_370,0,0.0103278,1
1390_BRANCH0_1475,1,0.0113408,1
1390_BRANCH0_1475,0,0.0117912,1
1389,1,0.00879473,1
1389,0,0.00869644,1
1487,1,0.0120488,1
1487,0,0.00837291,1
1387,1,0.011472,1
1387,0,0.00825543,1
1223,1,0.0116115,1
1223,0,0.0119835,1
2260_BRANCH0_2361,1,0.0138832,1
2260_BRANCH0_2361,0,0.0137742,1
1379_BRANCH0_1460,1,0.0138915,1
1379_BRANCH0_1460,0,0.0139496,1
1379_BRANCH0_1459,1,0.0110613,1
1379_BRANCH0_1459,0,0.0101812,1
40_BRANCH0_382,1,0.0103538,1
40_BRANCH0_382,0,0.00834716,1
1376_BRANCH0_1470,1,0.0131753,1
1376_BRANCH0_1470,0,0.018453,1
1373_BRANCH0_1458,1,0.012784,1
1373_BRANCH0_1458,0,0.0119297,1
1370_BRANCH0_1468,1,0.0129643,1
1370_BRANCH0_1468,0,0.0123992,1
1557_BRANCH0_1664,1,0.0157837,1
1557_BRANCH0_1664,0,0.0151636,1
1367,1,0.0113465,1
1367,0,0.0112853,1
1367_BRANCH0_1453,1,0.0110893,1
1367_BRANCH0_1453,0,0.0132902,1
1246_BRANCH0_1399,1,0.0125648,1
1246_BRANCH0_1399,0,0.0119583,1
1364_BRANCH0_1455,1,0.0107513,1
1364_BRANCH0_1455,0,0.0116685,1
1358_BRANCH0_1447,1,0.0113008,1
1358_BRANCH0_1447,0,0.0110948,1
1355,1,0.012695,1
1355,0,0.0100047,1
2071_BRANCH0_2143,1,0.0136933,1
2071_BRANCH0_2143,0,0.0133078,1
1355_BRANCH0_1444,1,0.0128222,1
1355_BRANCH0_1444,0,0.0133717,1
1352,1,0.011552,1
1352,0,0.00952773,1
1352_BRANCH0_1445,1,0.0104941,1
1352_BRANCH0_1445,0,0.0115208,1
612,1,0.0172218,1
612,0,0.0119387,1
1346,1,0.0118702,1
1346,0,0.0110512,1
1344,1,0.0142111,1
1344,0,0.0166942,1
634,1,0.0120684,1
634,0,0.0103249,1
1606,1,0.00947873,1
1606,0,0.0107986,1
1334,1,0.00884467,1
1334,0,0.0086156,1
1697_BRANCH0_1761,1,0.00841511,1
1697_BRANCH0_1761,0,0.0124191,1
1334_BRANCH0_1413,1,0.00836577,1
1334_BRANCH0_1413,0,0.00951372,1
37_BRANCH0_379,1,0.0101787,1
37_BRANCH0_379,0,0.00802371,1
2742,1,0.0110994,1
2742,0,0.0100884,1
1328,1,0.0110346,1
1328,0,0.00985998,1
2549,1,0.0116503,1
2549,0,0.0134843,1
2880,1,0.00899831,1
2880,0,0.00845252,1
2891,1,0.00942587,1
2891,0,0.0127047,1
1319,1,0.00987514,1
1319,0,0.0126288,1
625,1,0.0101978,1
625,0,0.0120972,1
2645,1,0.00852852,1
2645,0,0.0147228,1
1514_BRANCH0_1612,1,0.00935501,1
1514_BRANCH0_1612,0,0.00977004,1
94_BRANCH0_290,1,0.0146787,1
94_BRANCH0_290,0,0.0162246,1
1318,1,0.0134127,1
1318,0,0.0107929,1
1314,1,0.013262,1
1314,0,0.0101009,1
1312,1,0.0166205,1
1312,0,0.0144732,1
1264,1,0.0112309,1
1264,0,0.0104542,1
1261_BRANCH0_2024,1,0.0165295,1
1261_BRANCH0_2024,0,0.0149341,1
1416,1,0.016811,1
1416,0,0.0162789,1
1258,1,0.0142943,1
1258,0,0.0162782,1
1609_BRANCH0_1680,1,0.013677,1
1609_BRANCH0_1680,0,0.0140961,1
1258_BRANCH0_1351,1,0.0117491,1
1258_BRANCH0_1351,0,0.0147201,1
1453,1,0.0127037,1
1453,0,0.0107139,1
921,1,0.0178122,1
921,0,0.0122171,1
1255,1,0.0114329,1
1255,0,0.0161287,1
1348,1,0.0160753,1
1348,0,0.015368,1
1046,1,0.0109514,1
1046,0,0.0106742,1
628,1,0.010508,1
628,0,0.0105983,1
1252,1,0.0139378,1
1252,0,0.0148729,1
2868,1,0.00916982,1
2868,0,0.00777195,1
1383_BRANCH0_2897,1,0.0107601,1
1383_BRANCH0_2897,0,0.00870096,1
1243,1,0.0100443,1
1243,0,0.00957923,1
1723,1,0.00858631,1
1723,0,0.00824032,1
1243_BRANCH0_1397,1,0.0113293,1
1243_BRANCH0_1397,0,0.0114199,1
1242,1,0.0122739,1
1242,0,0.0115155,1
1240,1,0.0131093,1
1240,0,0.0106193,1
1373_BRANCH0_1457,1,0.0119316,1
1373_BRANCH0_1457,0,0.0129611,1
1238,1,0.0126993,1
1238,0,0.0114501,1
1472_BRANCH0_1528,1,0.00896683,1
1472_BRANCH0_1528,0,0.00827717,1
1235,1,0.00789309,1
1235,0,0.0093,1
1232,1,0.00986453,1
1232,0,0.00993034,1
1232_BRANCH0_1387,1,0.0114865,1
1232_BRANCH0_1387,0,0.0109496,1
1464,1,0.00894984,1
1464,0,0.00845932,1
1230,1,0.0141134,1
1230,0,0.0121294,1
1976,1,0.0130262,1
1976,0,0.0366386,1
1661,1,0.0113965,1
1661,0,0.0105126,1
1225,1,0.016601,1
1225,0,0.0182808,1
1222,1,0.0133792,1
1222,0,0.0117283,1
1221,1,0.0119616,1
1221,0,0.0119418,1
243_BRANCH0_727,1,0.0107008,1
243_BRANCH0_727,0,0.010326,1
2326_BRANCH0_2552,1,0.0126249,1
2326_BRANCH0_2552,0,0.0131709,1
2386_BRANCH0_2632,1,0.0141672,1
2386_BRANCH0_2632,0,0.0147605,1
1220,1,0.012961,1
1220,0,0.0133005,1
2361_BRANCH0_2537,1,0.0141404,1
2361_BRANCH0_2537,0,0.0154991,1
1218,1,0.0132236,1
1218,0,0.0126843,1
2037,1,0.00838562,1
2037,0,0.00918542,1
1383_BRANCH0_1461,1,0.00922249,1
1383_BRANCH0_1461,0,0.0105807,1
1211,1,0.0162636,1
1211,0,0.0151459,1
926_BRANCH0_2634,1,0.0169508,1
926_BRANCH0_2634,0,0.0160809,1
2620,1,0.0153854,1
2620,0,0.0113953,1
1416_BRANCH0_1491,1,0.0144572,1
1416_BRANCH0_1491,0,0.0148318,1
1313,1,0.0130771,1
1313,0,0.0114451,1
709_BRANCH0_1316,1,0.0129355,1
709_BRANCH0_1316,0,0.0135059,1
1788,1,0.00987464,1
1788,0,0.00854006,1
1208,1,0.0126592,1
1208,0,0.0115627,1
1206,1,0.0117732,1
1206,0,0.0105216,1
2564_BRANCH0_2674,1,0.00904658,1
2564_BRANCH0_2674,0,18.7735,1
1205,1,0.0122164,1
1205,0,0.0121318,1
574_BRANCH0_962,0,0.0164702,1
1188,1,0.0131967,1
1188,0,0.012917,1
1546_BRANCH0_1651,1,0.00849066,1
1546_BRANCH0_1651,0,0.0083137,1
1217,1,0.0110462,1
1217,0,0.0103771,1
1188_BRANCH0_2614,1,0.0126351,1
1188_BRANCH0_2614,0,0.0119329,1
1188_BRANCH0_2606,1,0.0119269,1
1188_BRANCH0_2606,0,0.0102376,1
700_BRANCH0_1313,1,0.0119435,1
700_BRANCH0_1313,0,0.0121734,1
1510,1,0.0094173,1
1510,0,0.00791131,1
1869_BRANCH0_1921,1,0.0140825,1
1869_BRANCH0_1921,0,0.0138766,1
2297_BRANCH0_2576,1,0.0138738,1
2297_BRANCH0_2576,0,0.0156526,1
1188_BRANCH0_2576,1,0.0123169,1
1188_BRANCH0_2576,0,0.0136118,1
1188_BRANCH0_2570,1,0.00911908,1
1188_BRANCH0_2570,0,0.0122918,1
2244,1,0.0134866,1
2244,0,0.0145444,1
1521,1,0.0113165,1
1521,0,0.00923742,1
1188_BRANCH0_2555,1,0.0108379,1
1188_BRANCH0_2555,0,0.0118176,1
1386,1,0.0111709,1
1386,0,0.0129719,1
1188_BRANCH0_2549,1,0.0134108,1
1188_BRANCH0_2549,0,0.0128706,1
4_BRANCH0_346,1,0.0112571,1
4_BRANCH0_346,0,0.00836462,1
1171,1,0.0142012,1
1171,0,0.013704,1
290,1,0.0162574,1
290,0,0.0156615,1
1171_BRANCH0_2645,1,0.0106561,1
1171_BRANCH0_2645,0,0.0110809,1
1576_BRANCH0_1638,1,0.00902978,1
1576_BRANCH0_1638,0,0.00820636,1
1028,1,0.0111833,1
1028,0,0.0116242,1
1419_BRANCH0_1490,1,0.0106694,1
1419_BRANCH0_1490,0,0.01093,1
727_BRANCH0_1121,1,0.0106913,1
727_BRANCH0_1121,0,0.010815,1
1171_BRANCH0_2642,1,0.009271,1
1171_BRANCH0_2642,0,0.0110163,1
1731_BRANCH0_1783,1,0.00816569,1
1731_BRANCH0_1783,0,0.010546,1
1171_BRANCH0_2597,1,0.0112562,1
1171_BRANCH0_2597,0,0.0113705,1
616,1,0.0109036,1
616,0,0.0125577,1
1635,1,0.00907323,1
1635,0,0.00850082,1
1522_BRANCH0_1588,1,0.0108741,1
1522_BRANCH0_1588,0,0.0100989,1
1171_BRANCH0_2594,1,0.0104489,1
1171_BRANCH0_2594,0,0.0114577,1
263_BRANCH0_658,1,0.0145683,1
263_BRANCH0_658,0,0.014565,1
1171_BRANCH0_2567,1,0.0120402,1
1171_BRANCH0_2567,0,0.0124165,1
2279,1,0.0141097,1
2279,0,0.0112719,1
2573,1,0.00877374,1
2573,0,0.0133885,1
1171_BRANCH0_2564,1,0.0119572,1
1171_BRANCH0_2564,0,0.0118276,1
1561,1,0.0121916,1
1561,0,0.0123902,1
1171_BRANCH0_2561,1,0.0126311,1
1171_BRANCH0_2561,0,0.0112938,1
1798_BRANCH0_1858,1,0.0424421,1
1798_BRANCH0_1858,0,0.043206,1
2887,1,0.00724496,1
2887,0,0.00924441,1
1171_BRANCH0_2558,1,0.0102087,1
1171_BRANCH0_2558,0,0.0121627,1
897,1,0.0197162,1
897,0,0.016743,1
1869,1,0.0156202,1
1869,0,0.0153143,1
1171_BRANCH0_2546,1,0.0124888,1
1171_BRANCH0_2546,0,0.0113935,1
667,1,0.0156202,1
667,0,0.0163453,1
2119_BRANCH0_2631,1,16.0745,1
2119_BRANCH0_2631,0,0.0147089,1
1229,1,0.0131407,1
1229,0,0.0118503,1
1730,1,0.013729,1
1730,0,0.0137481,1
1171_BRANCH0_2543,1,0.0110486,1
1171_BRANCH0_2543,0,0.011856,1
603_BRANCH0_922,1,0.0178488,1
603_BRANCH0_922,0,0.015416,1
1171_BRANCH0_2540,1,0.015113,1
1171_BRANCH0_2540,0,0.0127324,1
1824,1,0.0125203,1
1824,0,0.0143321,1
1171_BRANCH0_2537,1,0.0134296,1
1171_BRANCH0_2537,0,0.0133332,1
1534_BRANCH0_2039,1,0.0152759,1
1534_BRANCH0_2039,0,0.0140508,1
1168_BRANCH0_2427,1,0.0174514,1
1168_BRANCH0_2427,0,0.0148098,1
385_BRANCH0_2743,1,0.0111687,1
385_BRANCH0_2743,0,0.0100426,1
1370_BRANCH0_1469,1,0.0114312,1
1370_BRANCH0_1469,0,0.0129485,1
1168_BRANCH0_2272,1,0.0131623,1
1168_BRANCH0_2272,0,0.0152075,1
272_BRANCH0_676,1,0.0173314,1
272_BRANCH0_676,0,0.0178513,1
2077,1,0.0162179,1
2077,0,0.0131794,1
1167,0,0.0144393,1
2005,1,0.0159903,1
2005,0,0.0136886,1
1529,1,0.0118834,1
1529,0,0.00920755,1
2683,1,0.0149715,1
2683,0,0.0123133,1
1164,1,0.0141275,1
1164,0,0.0169301,1
338_BRANCH0_2800,1,0.0132248,1
338_BRANCH0_2800,0,0.0131628,1
46_BRANCH0_388,1,0.0107961,1
46_BRANCH0_388,0,0.0110493,1
76_BRANCH0_2815,1,0.0200734,1
76_BRANCH0_2815,0,0.0201255,1
2750_BRANCH0_2788,1,0.0161052,1
2750_BRANCH0_2788,0,0.0104914,1
1163,0,0.0143919,1
2007,1,0.014255,1
2007,0,0.0148556,1
1161,1,0.0136109,1
1161,0,0.011108,1
1489,1,0.0132833,1
1489,0,0.00943742,1
1160,1,0.0203403,1
1160,0,0.0187167,1
1740,1,0.0106704,1
1740,0,0.00863005,1
1159,1,0.0200194,1
1159,0,0.0175036,1
1158,1,0.0125164,1
1158,0,0.0123185,1
1319_BRANCH0_1409,1,0.0128957,1
1319_BRANCH0_1409,0,0.0112095,1
1825,1,0.0167668,1
1825,0,0.0159684,1
1157,1,0.0138818,1
1157,0,0.0140901,1
1156,1,0.0141085,1
1156,0,0.0139718,1
1865,1,0.00992529,1
1865,0,0.00906334,1
2006,1,0.012306,1
2006,0,0.0118699,1
1155,1,0.0172657,1
1155,0,0.0230387,1
2326_BRANCH0_2661,1,0.01113,1
2326_BRANCH0_2661,0,0.0159047,1
1458,1,0.0131951,1
1458,0,0.0131823,1
2776_BRANCH0_2809,1,0.00989946,1
2776_BRANCH0_2809,0,0.0142657,1
1370,1,0.0125768,1
1370,0,0.0130735,1
1154,1,0.0138875,1
1154,0,0.0124466,1
1152,1,0.0171361,1
1152,0,0.0192387,1
1001,1,0.0144808,1
1001,0,0.014005,1
1481,1,0.0096685,1
1481,0,0.00859648,1
1007,1,0.0133657,1
1007,0,0.0135537,1
1149,1,0.0145694,1
1149,0,0.0132337,1
1478_BRANCH0_1636,1,0.00993845,1
1478_BRANCH0_1636,0,0.00915838,1
1148,1,0.0125085,1
1148,0,0.0155356,1
972,1,0.0128741,1
972,0,0.0131971,1
225_BRANCH0_742,1,0.0116741,1
225_BRANCH0_742,0,0.011095,1
1207,1,0.013585,1
1207,0,0.0130834,1
709_BRANCH0_972,1,0.0130126,1
709_BRANCH0_972,0,0.0137929,1
1131,1,0.0140422,1
1131,0,0.0103968,1
1537_BRANCH0_1593,1,0.00899706,1
1537_BRANCH0_1593,0,0.0116837,1
1129,1,0.011826,1
1129,0,0.0116209,1
2676,1,0.0145449,1
2676,0,0.0123422,1
1128,1,0.0133386,1
1128,0,0.0109529,1
1119,1,0.0122235,1
1119,0,0.0121533,1
1054,1,0.0118688,1
1054,0,0.0114061,1
1376,1,0.0158834,1
1376,0,0.0168083,1
1484,1,0.0108181,1
1484,0,0.00902661,1
1049_BRANCH0_1242,1,0.0123852,1
1049_BRANCH0_1242,0,0.013356,1
1049_BRANCH0_1241,1,0.0129219,1
1049_BRANCH0_1241,0,0.0131583,1
280_BRANCH0_602,1,0.0130348,1
280_BRANCH0_602,0,0.015642,1
1046_BRANCH0_1239,1,0.0128498,1
1046_BRANCH0_1239,0,0.0125501,1
2561_BRANCH0_2671,1,0.00987171,1
2561_BRANCH0_2671,0,9.86747,1
1588_BRANCH0_1701,1,0.0132152,1
1588_BRANCH0_1701,0,0.0146617,1
2883_BRANCH0_2895,1,0.0100388,1
2883_BRANCH0_2895,0,0.00903657,1
1043_BRANCH0_1229,1,0.013101,1
1043_BRANCH0_1229,0,0.0123763,1
31_BRANCH0_229,1,0.0124917,1
31_BRANCH0_229,0,0.0118292,1
1358_BRANCH0_1448,1,0.0129324,1
1358_BRANCH0_1448,0,0.0121567,1
923,1,0.0157301,1
923,0,0.0158726,1
72,1,0.0124695,1
72,0,0.0137822,1
1043_BRANCH0_1228,1,0.0137745,1
1043_BRANCH0_1228,0,0.0137896,1
1188_BRANCH0_2620,1,0.0121422,1
1188_BRANCH0_2620,0,0.0131029,1
1055,1,0.0124747,1
1055,0,0.0124833,1
2119_BRANCH0_2614,1,0.0133689,1
2119_BRANCH0_2614,0,0.015897,1
2789_BRANCH0_2812,1,0.0136174,1
1040,1,0.0153351,1
1040,0,0.0170287,1
1683,1,0.0170501,1
1683,0,0.0150054,1
1040_BRANCH0_1226,1,0.0186257,1
1040_BRANCH0_1226,0,0.0182055,1
1028_BRANCH0_1217,1,0.0129938,1
1028_BRANCH0_1217,0,0.0119397,1
1132,1,0.0131568,1
1132,0,0.0108884,1
319_BRANCH0_655,1,0.0151326,1
319_BRANCH0_655,0,0.0157502,1
2340_BRANCH0_2628,1,0.0164334,1
2340_BRANCH0_2628,0,0.0166584,1
1037_BRANCH0_1224,1,0.0134365,1
1037_BRANCH0_1224,0,0.0141453,1
1037_BRANCH0_1223,1,0.0136871,1
1037_BRANCH0_1223,0,0.0137191,1
947_BRANCH0_1492,1,0.0166267,1
947_BRANCH0_1492,0,0.0182951,1
1034_BRANCH0_1221,1,0.0154598,1
1034_BRANCH0_1221,0,0.0135752,1
1034_BRANCH0_1220,1,0.0127099,1
1034_BRANCH0_1220,0,0.0135127,1
1028_BRANCH0_1712,1,0.0112828,1
1028_BRANCH0_1712,0,0.011539,1
2081,1,0.0139703,1
2081,0,0.0148863,1
1500,1,0.0144164,1
1500,0,0.00956599,1
1025_BRANCH0_1216,1,0.0120559,1
1025_BRANCH0_1216,0,0.0145943,1
331_BRANCH0_553,1,0.0135412,1
331_BRANCH0_553,0,0.0132734,1
1025_BRANCH0_1215,1,0.0136965,1
1025_BRANCH0_1215,0,0.0140581,1
1022,1,0.0122324,1
1022,0,0.0117608,1
1019_BRANCH0_1211,1,0.0168335,1
1019_BRANCH0_1211,0,0.0198797,1
571_BRANCH0_1025,1,0.0122692,1
571_BRANCH0_1025,0,0.0122646,1
104_BRANCH0_331,1,0.0134454,1
104_BRANCH0_331,0,0.0127526,1
1600,1,0.014573,1
1600,0,0.014595,1
206,1,0.0124178,1
206,0,0.011126,1
2597_BRANCH0_2745,1,0.0148877,1
2597_BRANCH0_2745,0,0.0110809,1
2783,1,0.0105504,1
2783,0,0.00984494,1
1267,1,0.0168753,1
1267,0,0.0175145,1
1016_BRANCH0_1210,1,0.0139691,1
1016_BRANCH0_1210,0,0.0130951,1
1016_BRANCH0_1209,1,0.0138092,1
1016_BRANCH0_1209,0,0.0138977,1
2129_BRANCH0_2620,1,0.0134277,1
2129_BRANCH0_2620,0,0.0158102,1
1013_BRANCH0_1208,1,0.0133369,1
1013_BRANCH0_1208,0,0.013759,1
1010,1,0.0112932,1
1010,0,0.0115131,1
379,1,0.0120463,1
379,0,0.00915061,1
2129_BRANCH0_2651,1,0.0122216,1
2129_BRANCH0_2651,0,0.0163917,1
1009,1,0.0138824,1
1009,0,0.0122227,1
2876,1,0.00998857,1
2876,0,0.0100075,1
1008,1,0.0132265,1
1008,0,0.0131918,1
1243_BRANCH0_1396,1,0.0121941,1
1243_BRANCH0_1396,0,0.0123828,1
989,1,0.0132795,1
989,0,0.0138943,1
243_BRANCH0_745,1,0.0120402,1
243_BRANCH0_745,0,0.0114454,1
1361_BRANCH0_1451,1,0.0161036,1
1361_BRANCH0_1451,0,0.0173857,1
104,1,0.0127982,1
104,0,0.0117361,1
1006,1,0.0124884,1
1006,0,0.0126898,1
1005,1,0.0135236,1
1005,0,0.0131259,1
1210,1,0.0128533,1
1210,0,0.0108934,1
1784,1,0.0102932,1
1784,0,0.00951557,1
2867,1,0.00975143,1
2867,0,0.00906022,1
1004,1,0.0144109,1
1004,0,0.0156801,1
1002,1,0.0120005,1
1002,0,0.0128275,1
1396,1,0.0114177,1
1396,0,0.0127737,1
998,1,0.011373,1
998,0,0.0120687,1
1046_BRANCH0_1238,1,0.0135621,1
1046_BRANCH0_1238,0,0.012651,1
1067,1,0.0169797,1
1067,0,0.0109217,1
46_BRANCH0_247,1,0.0155329,1
46_BRANCH0_247,0,0.0131055,1
998_BRANCH0_1161,1,0.0136944,1
998_BRANCH0_1161,0,0.0143595,1
619,1,0.0111168,1
619,0,0.011589,1
1866_BRANCH0_1915,1,0.0116726,1
1866_BRANCH0_1915,0,0.0121035,1
997,1,0.0142417,1
997,0,0.0133699,1
994_BRANCH0_1504,1,0.0138245,1
994_BRANCH0_1504,0,0.0129694,1
994_BRANCH0_1240,1,0.0142125,1
994_BRANCH0_1240,0,0.0140563,1
1773,1,0.00923113,1
1773,0,0.00888007,1
2573_BRANCH0_2689,1,0.0117978,1
2573_BRANCH0_2689,0,0.0175211,1
1034,1,0.0134282,1
1034,0,0.0117743,1
343,1,0.0124595,1
343,0,0.0113464,1
592_BRANCH0_985,1,0.0160141,1
592_BRANCH0_985,0,0.0205935,1
990,1,0.0150518,1
990,0,0.0136369,1
94_BRANCH0_297,1,0.0164712,1
94_BRANCH0_297,0,0.0169349,1
2859,1,0.0178867,1
2859,0,0.0112943,1
988,1,0.0125621,1
988,0,0.01328,1
985,1,0.0159448,1
985,0,0.0210967,1
1164_BRANCH0_2386,1,0.0145977,1
1164_BRANCH0_2386,0,0.0164328,1
1393,1,0.0133387,1
1393,0,0.0112667,1
1571_BRANCH0_2037,1,0.00833353,1
1571_BRANCH0_2037,0,0.00991007,1
2869,1,0.00908135,1
2869,0,0.00880304,1
1350,1,0.015383,1
1350,0,0.0171527,1
981,1,0.010947,1
981,0,0.0158724,1
981_BRANCH0_1231,1,0.010138,1
981_BRANCH0_1231,0,0.0158493,1
981_BRANCH0_1230,1,0.0114483,1
981_BRANCH0_1230,0,0.0176157,1
980,1,0.013989,1
980,0,0.0136393,1
2104_BRANCH0_2567,1,0.0146666,1
2104_BRANCH0_2567,0,0.0163369,1
977_BRANCH0_1496,1,0.0117811,1
977_BRANCH0_1496,0,0.0149736,1
2022,1,0.0127337,1
2022,0,0.0148113,1
1457,1,0.0137,1
1457,0,0.0127849,1
1239,1,0.013028,1
1239,0,0.0114996,1
1168,1,0.0137977,1
1168,0,0.0150808,1
2042,1,0.0134296,1
2042,0,0.0119771,1
973,0,0.0183514,1
1309,1,0.0144205,1
1309,0,0.0122025,1
973_BRANCH0_1227,0,0.0187926,1
1016,1,0.0155011,1
1016,0,0.0135316,1
969_BRANCH0_1156,1,0.0141517,1
969_BRANCH0_1156,0,0.0143442,1
1171_BRANCH0_2603,1,0.0133794,1
1171_BRANCH0_2603,0,0.0123145,1
1748,1,0.00982019,1
1748,0,0.00936961,1
992,1,0.0159355,1
992,0,0.0165153,1
965,1,0.0131207,1
965,0,0.0134286,1
358_BRANCH0_2758,1,0.0097483,1
358_BRANCH0_2758,0,0.0107851,1
959_BRANCH0_1837,1,0.0111555,1
959_BRANCH0_1837,0,0.013691,1
962,0,0.0178946,1
962_BRANCH0_1825,1,0.02359,1
962_BRANCH0_1825,0,0.0184533,1
1875_BRANCH0_2036,1,0.0109112,1
1875_BRANCH0_2036,0,0.00961856,1
962_BRANCH0_1155,1,0.0223881,1
962_BRANCH0_1155,0,0.0195269,1
331_BRANCH0_554,1,0.013899,1
331_BRANCH0_554,0,0.0129095,1
2297_BRANCH0_2555,1,0.0148135,1
2297_BRANCH0_2555,0,0.0160481,1
959,1,0.0126155,1
959,0,0.0127922,1
1978,1,0.014467,1
1978,0,0.0149709,1
2286_BRANCH0_2594,1,0.0151742,1
2286_BRANCH0_2594,0,0.0162144,1
959_BRANCH0_1218,1,0.0103407,1
959_BRANCH0_1218,0,0.0135151,1
2340_BRANCH0_2648,1,0.016575,1
2340_BRANCH0_2648,0,0.0176345,1
1493,1,0.0149724,1
1493,0,0.0103504,1
958,1,0.0129918,1
958,0,0.0151273,1
1661_BRANCH0_1727,1,0.0109232,1
1661_BRANCH0_1727,0,0.00894626,1
1546,1,0.0125523,1
1546,0,0.00924851,1
1409,1,0.0116494,1
1409,0,0.0123077,1
2052,1,0.00998153,1
2052,0,0.00885012,1
2821_BRANCH0_2860,1,0.0090841,1
2821_BRANCH0_2860,0,0.0184937,1
955,1,0.0136424,1
955,0,0.0128403,1
1459,1,0.0121936,1
1459,0,0.0106391,1
1762,1,0.00877025,1
1762,0,0.00897257,1
955_BRANCH0_1153,1,0.013259,1
955_BRANCH0_1153,0,0.0150198,1
1537,1,0.0126387,1
1537,0,0.00911675,1
951,1,0.0120626,1
951,0,0.0124171,1
951_BRANCH0_1154,1,0.0153937,1
951_BRANCH0_1154,0,0.0144805,1
1711,1,0.00980521,1
1711,0,0.0113071,1
947,1,0.013415,1
947,0,0.017574,1
947_BRANCH0_1152,1,0.0186815,1
947_BRANCH0_1152,0,0.0184755,1
2078_BRANCH0_2196,1,0.0165903,1
2078_BRANCH0_2196,0,0.0138782,1
2720,1,0.00967637,1
2720,0,0.0122951,1
1478,1,0.0094422,1
1478,0,0.00958361,1
946,1,0.0121764,1
946,0,0.0130126,1
1685,1,0.0102103,1
1685,0,0.00862436,1
2315,1,0.0139319,1
2315,0,0.0157126,1
1643_BRANCH0_1707,1,0.0167316,1
1643_BRANCH0_1707,0,0.0256908,1
1376_BRANCH0_1471,1,0.0171474,1
1376_BRANCH0_1471,0,0.0183827,1
943_BRANCH0_1489,1,0.0152222,1
943_BRANCH0_1489,0,0.0152263,1
943_BRANCH0_1151,1,0.0142825,1
943_BRANCH0_1151,0,0.0120461,1
608_BRANCH0_903,1,0.0203129,1
608_BRANCH0_903,0,0.0181752,1
1351,1,0.0148965,1
1351,0,0.0135376,1
1958_BRANCH0_2014,1,0.0112152,1
1958_BRANCH0_2014,0,0.00951763,1
942,1,0.0133807,1
942,0,0.012862,1
939_BRANCH0_1487,1,0.0140625,1
939_BRANCH0_1487,0,0.0157128,1
939_BRANCH0_1148,1,0.0165207,1
939_BRANCH0_1148,0,0.0129297,1
715_BRANCH0_980,1,0.014578,1
715_BRANCH0_980,0,0.0135247,1
2757,1,0.0112515,1
2757,0,0.0101748,1
935,1,0.011069,1
935,0,0.0125879,1
676_BRANCH0_920,1,0.0166733,1
676_BRANCH0_920,0,0.0189068,1
1249,1,0.0143328,1
1249,0,0.0111806,1
1122,1,0.0172638,1
1122,0,0.0113274,1
1188_BRANCH0_2664,1,0.0120278,1
1188_BRANCH0_2664,0,0.0129084,1
935_BRANCH0_1149,1,0.0143151,1
935_BRANCH0_1149,0,0.0137839,1
319_BRANCH0_592,1,0.0177236,1
319_BRANCH0_592,0,0.0168493,1
1639,1,0.0104489,1
1639,0,0.00894646,1
556,1,0.011738,1
556,0,0.0123223,1
926_BRANCH0_2633,1,0.0144475,1
926_BRANCH0_2633,0,0.017352,1
918,1,0.0180823,1
918,0,0.0176506,1
388_BRANCH0_549,1,0.0178923,1
388_BRANCH0_549,0,0.0165523,1
926_BRANCH0_2632,1,0.0155532,1
926_BRANCH0_2632,0,0.0187684,1
926_BRANCH0_2630,1,0.017303,1
926_BRANCH0_2630,0,0.0188014,1
2227,1,0.0153287,1
2227,0,0.0162932,1
993,1,0.0125108,1
993,0,0.0127727,1
926_BRANCH0_2629,1,0.0145304,1
926_BRANCH0_2629,0,0.0181851,1
1675,1,0.0146359,1
1675,0,0.0153974,1
923_BRANCH0_1188,1,0.0201993,1
923_BRANCH0_1188,0,0.0157273,1
1317,1,0.0173845,1
1317,0,0.0177084,1
2272,1,0.0149249,1
2272,0,0.016617,1
1316,1,0.0144358,1
1316,0,0.0117539,1
2353_BRANCH0_2664,1,0.0153136,1
2353_BRANCH0_2664,0,0.0176893,1
922,1,0.0169184,1
922,0,0.0130293,1
2228,1,0.0154186,1
2228,0,0.013439,1
920,1,0.0174097,1
920,0,0.0168948,1
919,1,0.0158763,1
919,0,0.0171717,1
1815_BRANCH0_1855,1,0.0146706,1
1815_BRANCH0_1855,0,0.016109,1
917,1,0.0186251,1
917,0,0.0194593,1
916,1,0.0173333,1
916,0,0.0185094,1
915,1,0.0166774,1
915,0,0.018242,1
913,1,0.0183833,1
913,0,0.0178512,1
688,1,0.0130906,1
688,0,0.0123096,1
2027_BRANCH0_2071,1,0.0155915,1
2027_BRANCH0_2071,0,0.0142327,1
1671,1,0.0107831,1
1671,0,0.00897121,1
1748_BRANCH0_1807,1,0.00872434,1
1748_BRANCH0_1807,0,0.00994069,1
1171_BRANCH0_2648,1,0.0111846,1
1171_BRANCH0_2648,0,0.0131258,1
1388,1,0.0111244,1
1388,0,0.00914541,1
910,1,0.0133426,1
910,0,0.0166718,1
277,1,0.0156535,1
277,0,0.0145401,1
907,1,0.016103,1
907,0,0.0166031,1
2067,1,0.0172038,1
2067,0,0.0174344,1
907_BRANCH0_1252,1,0.0129332,1
907_BRANCH0_1252,0,0.0159879,1
216_BRANCH0_739,1,0.0123626,1
216_BRANCH0_739,0,0.0124839,1
201,1,0.0126395,1
201,0,0.0130394,1
903_BRANCH0_2279,1,0.0132592,1
903_BRANCH0_2279,0,0.015407,1
899,1,0.0173089,1
899,0,0.0138714,1
748_BRANCH0_1008,1,0.0153214,1
748_BRANCH0_1008,0,0.0126224,1
1226,1,0.0185036,1
1226,0,0.0170468,1
910_BRANCH0_1258,1,0.0160073,1
910_BRANCH0_1258,0,0.0164863,1
586_BRANCH0_973,0,0.0189239,1
899_BRANCH0_2279,1,0.014355,1
899_BRANCH0_2279,0,0.0165305,1
899_BRANCH0_1164,1,0.0168554,1
899_BRANCH0_1164,0,0.0170829,1
1827,1,0.0116905,1
1827,0,0.00998803,1
2315_BRANCH0_2546,1,0.00988283,1
2315_BRANCH0_2546,0,0.0159658,1
2361_BRANCH0_2573,1,0.017254,1
2361_BRANCH0_2573,0,0.0150233,1
976,1,0.0183547,1
976,0,0.0184396,1
899_BRANCH0_1163,1,0.014974,1
2843_BRANCH0_2871,1,0.0102893,1
2843_BRANCH0_2871,0,0.0102728,1
898,1,0.0216174,1
898,0,0.0167883,1
1576,1,0.0120838,1
1576,0,0.00944225,1
551,1,0.0135735,1
551,0,0.0144004,1
1451,1,0.0168183,1
1451,0,0.0167119,1
1434,1,0.0127905,1
1434,0,0.010054,1
998_BRANCH0_1498,1,0.0140768,1
998_BRANCH0_1498,0,0.0145309,1
2897,1,0.0121791,1
2897,0,0.00879346,1
896,1,0.015278,1
896,0,0.0130563,1
2104_BRANCH0_2634,1,0.0130581,1
2104_BRANCH0_2634,0,0.0193752,1
326_BRANCH0_601,1,0.0135869,1
326_BRANCH0_601,0,0.0138387,1
28_BRANCH0_225,1,0.0126932,1
28_BRANCH0_225,0,0.0115133,1
326,1,0.0116961,1
326,0,0.0124981,1
319_BRANCH0_586,1,0.0175598,1
319_BRANCH0_586,0,0.01593,1
306,1,0.0141321,1
306,0,0.01391,1
306_BRANCH0_555,1,0.0130845,1
306_BRANCH0_555,0,0.0136481,1
703_BRANCH0_958,1,0.0134851,1
703_BRANCH0_958,0,0.01402,1
673_BRANCH0_2008,1,0.0405626,1
673_BRANCH0_2008,0,0.0424264,1
306_BRANCH0_554,1,0.0140514,1
306_BRANCH0_554,0,0.0132243,1
216_BRANCH0_619,1,0.0129885,1
216_BRANCH0_619,0,0.0120694,1
535,1,0.016149,1
535,0,0.0192453,1
2634,1,0.0175572,1
2634,0,0.0141926,1
685,1,0.0109278,1
685,0,0.00978171,1
595_BRANCH0_998,1,0.0128567,1
595_BRANCH0_998,0,0.0111874,1
1777,1,0.0093357,1
1777,0,0.00985497,1
306_BRANCH0_553,1,0.0128299,1
306_BRANCH0_553,0,0.0136333,1
2600_BRANCH0_2745,1,0.014953,1
2600_BRANCH0_2745,0,0.0131966,1
664,1,0.0174015,1
664,0,0.0175676,1
697,1,0.0166588,1
697,0,0.0182079,1
1255_BRANCH0_1348,1,0.0172344,1
1255_BRANCH0_1348,0,0.0177902,1
893,1,0.0159419,1
893,0,0.0096983,1
2858,1,0.0176717,1
2858,0,0.0112152,1
712_BRANCH0_976,1,0.0175018,1
712_BRANCH0_976,0,0.0210719,1
303_BRANCH0_923,1,0.0200339,1
303_BRANCH0_923,0,0.0195861,1
194_BRANCH0_634,1,0.0130118,1
194_BRANCH0_634,0,0.0121407,1
56_BRANCH0_910,1,0.0160686,1
56_BRANCH0_910,0,0.012384,1
290_BRANCH0_2078,1,0.0144166,1
290_BRANCH0_2078,0,0.0246951,1
25_BRANCH0_367,1,0.0107695,1
25_BRANCH0_367,0,0.0113866,1
69_BRANCH0_257,1,0.014809,1
69_BRANCH0_257,0,0.0143694,1
34_BRANCH0_232,1,0.0117991,1
34_BRANCH0_232,0,0.0116219,1
283_BRANCH0_2815,1,0.0200379,1
283_BRANCH0_2815,0,0.0201293,1
1040_BRANCH0_1225,1,0.01903,1
1040_BRANCH0_1225,0,0.018449,1
2129_BRANCH0_2561,1,0.0143525,1
2129_BRANCH0_2561,0,0.0164676,1
539,1,0.0177555,1
539,0,0.0175617,1
1664,1,0.0192198,1
1664,0,0.0153886,1
2658_BRANCH0_2738,1,0.0108774,1
2658_BRANCH0_2738,0,0.0136893,1
691_BRANCH0_942,1,0.0137763,1
691_BRANCH0_942,0,0.0134316,1
283_BRANCH0_2812,1,0.0208121,1
283_BRANCH0_2812,0,0.020012,1
319_BRANCH0_724,1,0.0165537,1
319_BRANCH0_724,0,0.0174085,1
2631,1,0.0140396,1
2631,0,0.0113273,1
2824,1,0.00987843,1
2824,0,0.0166786,1
565,1,0.0173753,1
565,0,0.0132091,1
595_BRANCH0_994,1,0.0127394,1
595_BRANCH0_994,0,0.0118612,1
571,1,0.0121393,1
571,0,0.0115997,1
2068_BRANCH0_2104,1,0.0148373,1
2068_BRANCH0_2104,0,0.0154294,1
2785,1,0.0125589,1
2785,0,0.00977511,1
2863,1,0.0194435,1
2863,0,0.0120614,1
1534,1,0.0145589,1
1534,0,0.0142357,1
2673,1,0.0146344,1
2673,0,0.0103385,1
16,1,0.010504,1
16,0,0.00918871,1
277_BRANCH0_921,1,0.0166138,1
277_BRANCH0_921,0,0.0208023,1
349,1,0.0125179,1
349,0,0.011624,1
939,1,0.0118349,1
939,0,0.0130685,1
272_BRANCH0_679,1,0.0180129,1
272_BRANCH0_679,0,0.019813,1
300,1,0.0139183,1
300,0,0.018602,1
1252_BRANCH0_1349,1,0.014211,1
1252_BRANCH0_1349,0,0.0144939,1
1658_BRANCH0_1720,1,0.0132666,1
1658_BRANCH0_1720,0,0.0101388,1
266_BRANCH0_667,1,0.0172469,1
266_BRANCH0_667,0,0.0192368,1
338_BRANCH0_926,0,0.0189908,1
25,1,0.01451,1
25,0,0.00886125,1
608_BRANCH0_910,1,0.0188152,1
608_BRANCH0_910,0,0.0171224,1
297,1,0.0180843,1
297,0,0.0158131,1
1315,1,0.0142206,1
1315,0,0.0134692,1
2427_BRANCH0_2639,1,0.0123448,1
2427_BRANCH0_2639,0,0.0174301,1
730_BRANCH0_997,1,0.0140098,1
730_BRANCH0_997,0,0.0139031,1
4,1,0.00980036,1
4,0,0.00884532,1
263,1,0.0166868,1
263,0,0.0187457,1
91_BRANCH0_252,1,0.00973657,1
91_BRANCH0_252,0,0.0139301,1
2297_BRANCH0_2645,1,0.014864,1
2297_BRANCH0_2645,0,0.0163601,1
724_BRANCH0_1122,1,0.0119982,1
724_BRANCH0_1122,0,0.0154303,1
1010_BRANCH0_1206,1,0.0137038,1
1010_BRANCH0_1206,0,0.0133889,1
252,1,0.0151409,1
252,0,0.0129213,1
1688,1,0.0093939,1
1688,0,0.00895044,1
1510_BRANCH0_1569,1,0.0094356,1
1510_BRANCH0_1569,0,0.00961689,1
263_BRANCH0_661,1,0.0162271,1
263_BRANCH0_661,0,0.017771,1
2851,1,0.0205203,1
2851,0,0.0143949,1
34,1,0.0115512,1
34,0,0.0109119,1
1723_BRANCH0_1773,1,0.0093888,1
1723_BRANCH0_1773,0,0.00917344,1
37_BRANCH0_235,1,0.011868,1
37_BRANCH0_235,0,0.0128267,1
2143,1,0.0156915,1
2143,0,0.0159371,1
2245_BRANCH0_2272,1,0.0144674,1
2245_BRANCH0_2272,0,0.0150361,1
4_BRANCH0_194,1,0.0154849,1
4_BRANCH0_194,0,0.0153547,1
926_BRANCH0_2631,1,0.0144523,1
926_BRANCH0_2631,0,0.0195608,1
338_BRANCH0_2384,1,0.0138617,1
338_BRANCH0_2384,0,0.0130232,1
63,1,0.0123146,1
63,0,0.0122468,1
733_BRANCH0_1328,1,0.0137203,1
733_BRANCH0_1328,0,0.0131348,1
257,1,0.0139009,1
257,0,0.0141738,1
297_BRANCH0_921,1,0.0184959,1
297_BRANCH0_921,0,0.0208985,1
1219,1,0.0173276,1
1219,0,0.0154256,1
1823,1,0.0160638,1
1823,0,0.0146422,1
253,1,0.0141539,1
253,0,0.0141668,1
1838_BRANCH0_1896,1,0.0106345,1
1838_BRANCH0_1896,0,0.0102505,1
2853,1,0.019063,1
2853,0,0.0118759,1
253_BRANCH0_724,1,0.015093,1
253_BRANCH0_724,0,0.0160543,1
1463,1,0.0128581,1
1463,0,0.0120615,1
1440_BRANCH0_2023,1,0.0131683,1
1440_BRANCH0_2023,0,0.0180758,1
2235,1,0.0169658,1
2235,0,0.0160849,1
1188_BRANCH0_2617,1,0.0140237,1
1188_BRANCH0_2617,0,0.0141845,1
361_BRANCH0_540,1,0.0173311,1
361_BRANCH0_540,0,0.0180937,1
658,1,0.019161,1
658,0,0.0166206,1
349_BRANCH0_536,1,0.01965,1
349_BRANCH0_536,0,0.0174666,1
2361_BRANCH0_2597,1,0.0158877,1
2361_BRANCH0_2597,0,0.0168964,1
56,1,0.0140238,1
56,0,0.0124161,1
2872,1,0.0118211,1
2872,0,0.0101629,1
1249_BRANCH0_1345,1,0.0121981,1
1249_BRANCH0_1345,0,0.0116722,1
253_BRANCH0_592,1,0.0162746,1
253_BRANCH0_592,0,0.0159207,1
247_BRANCH0_700,1,0.0139333,1
247_BRANCH0_700,0,0.0121994,1
349_BRANCH0_2722,1,0.010211,1
349_BRANCH0_2722,0,0.0103244,1
2375,1,0.0127806,1
2375,0,0.0164774,1
247_BRANCH0_595,1,0.0131737,1
247_BRANCH0_595,0,0.012091,1
346_BRANCH0_2721,1,0.00943324,1
346_BRANCH0_2721,0,0.00901744,1
1452,1,0.0166507,1
1452,0,0.0173276,1
2236,1,0.0168417,1
2236,0,0.0165228,1
1246_BRANCH0_1398,1,0.0129984,1
1246_BRANCH0_1398,0,0.012896,1
1019,1,0.0172303,1
1019,0,0.0165223,1
706,1,0.0143615,1
706,0,0.0129824,1
269,1,0.0477509,1
269,0,0.0487455,1
306_BRANCH0_550,1,0.0143907,1
306_BRANCH0_550,0,0.0135044,1
91,1,0.014103,1
91,0,0.0134481,1
99_BRANCH0_303,1,0.0207346,1
99_BRANCH0_303,0,0.0187725,1
1858,1,0.0456687,1
1858,0,0.0183018,1
239,1,0.0129758,1
239,0,0.0131306,1
239_BRANCH0_589,1,0.0130042,1
239_BRANCH0_589,0,0.0130741,1
903,1,0.0121254,1
903,0,0.0145392,1
79_BRANCH0_2829,1,0.0188129,1
79_BRANCH0_2829,0,0.0217114,1
1215,1,0.0162753,1
1215,0,0.0136286,1
331_BRANCH0_551,1,0.0137537,1
331_BRANCH0_551,0,0.0147181,1
326_BRANCH0_921,1,0.0204155,1
326_BRANCH0_921,0,0.0212919,1
1412,1,0.0162111,1
1412,0,0.0103188,1
2555_BRANCH0_2750,1,0.01477,1
2555_BRANCH0_2750,0,0.0115738,1
313_BRANCH0_2384,1,0.00377898,0
313_BRANCH0_2384,0,0.0124842,1
1413,1,0.0106052,1
1413,0,0.00995611,1
643_BRANCH0_1706,1,0.00951099,1
643_BRANCH0_1706,0,0.0145852,1
718_BRANCH0_1120,1,0.0138249,1
718_BRANCH0_1120,0,0.0136632,1
232_BRANCH0_583,1,0.0131029,1
232_BRANCH0_583,0,0.0125189,1
2060,1,0.0201304,1
2060,0,0.0212925,1
379_BRANCH0_2765,1,0.0100544,1
379_BRANCH0_2765,0,0.00867094,1
229,1,0.0112308,1
229,0,0.011337,1
2229,1,0.0138733,1
2229,0,0.0146162,1
903_BRANCH0_1167,1,0.0132436,1
376_BRANCH0_545,1,0.0167827,1
376_BRANCH0_545,0,0.0193456,1
303_BRANCH0_926,0,0.0191165,1
1031_BRANCH0_1219,1,0.0174657,1
1031_BRANCH0_1219,0,0.0158558,1
229_BRANCH0_580,1,0.0134315,1
229_BRANCH0_580,0,0.0128821,1
541,1,0.0179848,1
541,0,0.0191491,1
326_BRANCH0_922,1,0.0223434,1
326_BRANCH0_922,0,0.0179714,1
2611_BRANCH0_2750,1,0.0141352,1
2611_BRANCH0_2750,0,0.0115795,1
225,1,0.0128896,1
225,0,0.0121172,1
667_BRANCH0_2230,1,0.0184482,1
667_BRANCH0_2230,0,0.0198847,1
1010_BRANCH0_1205,1,0.0147286,1
1010_BRANCH0_1205,0,0.0135038,1
1164_BRANCH0_2266,1,0.012222,1
1164_BRANCH0_2266,0,0.0149331,1
1216,1,0.0142993,1
1216,0,0.0123788,1
1788_BRANCH0_1826,1,0.00999003,1
1788_BRANCH0_1826,0,0.00984597,1
316,1,0.0138397,1
316,0,0.0104492,1
66_BRANCH0_252,1,0.0149719,1
66_BRANCH0_252,0,0.016302,1
225_BRANCH0_568,1,0.0133989,1
225_BRANCH0_568,0,0.0122752,1
99,1,0.0124696,1
99,0,0.0124427,1
2888,1,0.00707249,1
2888,0,0.0114457,1
676,1,0.0163949,1
676,0,0.0183424,1
1866,1,0.0107362,1
1866,0,0.0102002,1
220_BRANCH0_730,1,0.0122458,1
220_BRANCH0_730,0,0.0129555,1
247_BRANCH0_703,1,0.0131872,1
247_BRANCH0_703,0,0.0129192,1
1540_BRANCH0_1594,1,0.0110042,1
1540_BRANCH0_1594,0,0.00952279,1
2013,1,0.00937918,1
2013,0,0.00966697,1
1364,1,0.0115026,1
1364,0,0.0131814,1
2361_BRANCH0_2552,1,0.0148293,1
2361_BRANCH0_2552,0,0.0171052,1
2427_BRANCH0_2606,1,0.0139456,1
2427_BRANCH0_2606,0,0.0170616,1
1261,1,0.014775,1
1261,0,0.0181004,1
1815_BRANCH0_1856,1,0.0170666,1
1815_BRANCH0_1856,0,0.015264,1
2617,1,0.0164171,1
2617,0,0.0119388,1
220_BRANCH0_577,1,0.0126073,1
220_BRANCH0_577,0,0.0122791,1
697_BRANCH0_950,1,0.0180169,1
697_BRANCH0_950,0,0.0173545,1
376_BRANCH0_2764,1,0.013887,1
376_BRANCH0_2764,0,0.0108587,1
212_BRANCH0_748,1,0.0117432,1
212_BRANCH0_748,0,0.0119071,1
1399,1,0.012599,1
1399,0,0.0101372,1
994,1,0.0120104,1
994,0,0.0128393,1
212_BRANCH0_697,1,0.0164105,1
212_BRANCH0_697,0,0.0185302,1
1920,1,0.0155909,1
1920,0,0.015457,1
212_BRANCH0_694,1,0.0124485,1
212_BRANCH0_694,0,0.0119127,1
603_BRANCH0_921,1,0.0228356,1
603_BRANCH0_921,0,0.0199189,1
1603,1,0.0123147,1
1603,0,0.0121652,1
1557,1,0.00966602,1
1557,0,0.00975262,1
2651_BRANCH0_2732,1,0.0108496,1
2651_BRANCH0_2732,0,0.0167544,1
209,1,0.0150076,1
209,0,0.0160162,1
1864,1,0.0109859,1
1864,0,0.00936528,1
1246,1,0.0120034,1
1246,0,0.0117383,1
209_BRANCH0_736,1,0.0119161,1
209_BRANCH0_736,0,0.0121112,1
1379,1,0.0123217,1
1379,0,0.0117683,1
1334_BRANCH0_1801,1,0.0093424,1
1334_BRANCH0_1801,0,0.00988377,1
220,1,0.0126844,1
220,0,0.0122773,1
2875,1,0.00960883,1
2875,0,0.00952532,1
655_BRANCH0_1067,1,0.010232,1
655_BRANCH0_1067,0,0.0151411,1
206_BRANCH0_562,1,0.0167257,1
206_BRANCH0_562,0,0.0173157,1
206_BRANCH0_718,1,0.014303,1
206_BRANCH0_718,0,0.011567,1
589,1,0.0164279,1
589,0,0.0129187,1
1748_BRANCH0_1808,1,0.0115777,1
1748_BRANCH0_1808,0,0.0102856,1
739,1,0.011095,1
739,0,0.0118724,1
1615_BRANCH0_1810,1,0.0156912,1
1615_BRANCH0_1810,0,0.0195842,1
290_BRANCH0_1802,1,0.0134802,1
290_BRANCH0_1802,0,0.0192896,1
313,1,0.0198845,1
313,0,0.0145772,1
646,1,0.0123309,1
646,0,0.0127177,1
1031_BRANCH0_1713,1,0.0167288,1
1031_BRANCH0_1713,0,0.0161158,1
260_BRANCH0_608,1,0.0207636,1
260_BRANCH0_608,0,0.0200753,1
1576_BRANCH0_1639,1,0.0107512,1
1576_BRANCH0_1639,0,0.00944512,1
82,1,0.0131615,1
82,0,0.0127996,1
1678,1,0.0111622,1
1678,0,0.00961463,1
72_BRANCH0_253,1,0.0147863,1
72_BRANCH0_253,0,0.0154004,1
589_BRANCH0_1043,1,0.0127719,1
589_BRANCH0_1043,0,0.0123342,1
1682,1,0.0100012,1
1682,0,0.00970447,1
275,1,0.0182339,1
275,0,0.0192815,1
751_BRANCH0_1132,1,0.0145317,1
751_BRANCH0_1132,0,0.0120375,1
2862,1,0.0187451,1
2862,0,0.0112664,1
364_BRANCH0_541,1,0.0176872,1
364_BRANCH0_541,0,0.0172706,1
2119_BRANCH0_2658,1,0.013683,1
2119_BRANCH0_2658,0,0.014804,1
603_BRANCH0_923,1,0.0232346,1
603_BRANCH0_923,0,0.0187355,1
1373,1,0.0126352,1
1373,0,0.0119473,1
49,1,0.0127089,1
49,0,0.0132345,1
1419,1,0.0116382,1
1419,0,0.0117936,1
1701_BRANCH0_1764,1,0.0142863,1
1701_BRANCH0_1764,0,0.0121824,1
256,1,0.0202184,1
256,0,0.0213576,1
1258_BRANCH0_2025,1,0.0218248,1
1258_BRANCH0_2025,0,0.0186548,1
2427_BRANCH0_2597,1,0.0167325,1
2427_BRANCH0_2597,0,0.0175907,1
545,1,0.0191422,1
545,0,0.0181251,1
201_BRANCH0_715,1,0.0148946,1
201_BRANCH0_715,0,0.0120842,1
53,1,0.012472,1
53,0,0.0119034,1
562_BRANCH0_943,1,0.0119185,1
562_BRANCH0_943,0,0.0122816,1
1,1,0.0125583,1
1,0,0.00923012,1
99_BRANCH0_313,1,0.0125952,1
99_BRANCH0_313,0,0.0196691,1
1349,1,0.0162831,1
1349,0,0.0176973,1
2326_BRANCH0_2620,1,0.0154072,1
2326_BRANCH0_2620,0,0.0147611,1
2361_BRANCH0_2629,1,12.5431,1
2361_BRANCH0_2629,0,0.0164421,1
53_BRANCH0_724,1,0.0164637,1
53_BRANCH0_724,0,0.0161266,1
622,1,0.0136926,1
622,0,0.0117508,1
977,1,0.013928,1
977,0,0.0124548,1
31_BRANCH0_373,1,0.0118382,1
31_BRANCH0_373,0,0.00916267,1
1481_BRANCH0_1568,1,0.00933635,1
1481_BRANCH0_1568,0,0.00925591,1
562,1,0.014676,1
562,0,0.0170809,1
643_BRANCH0_893,1,0.0104785,1
643_BRANCH0_893,0,0.0146936,1
40,1,0.011758,1
40,0,0.00950697,1
888,1,0.0133535,1
888,0,0.0152717,1
586,1,0.0134264,1
586,0,0.0129466,1
2297_BRANCH0_2597,1,0.0146578,1
2297_BRANCH0_2597,0,0.0155867,1
914,1,0.0176849,1
914,0,0.0190573,1
1591,1,0.0166639,1
1591,0,0.0159092,1
10_BRANCH0_352,1,0.0104539,1
10_BRANCH0_352,0,0.0116141,1
56_BRANCH0_643,1,0.0148189,1
56_BRANCH0_643,0,0.016041,1
1188_BRANCH0_2655,1,0.0146686,1
1188_BRANCH0_2655,0,0.0157543,1
748_BRANCH0_1133,1,0.0142993,1
748_BRANCH0_1133,0,0.0141988,1
2606_BRANCH0_2750,1,0.016468,1
2606_BRANCH0_2750,0,0.0112118,1
216,1,0.0119638,1
216,0,0.0116618,1
1658_BRANCH0_1721,1,0.0129128,1
1658_BRANCH0_1721,0,0.0101215,1
718,1,0.0119281,1
718,0,0.0122036,1
352_BRANCH0_537,1,0.0153044,1
352_BRANCH0_537,0,0.0180783,1
104_BRANCH0_326,1,0.0143608,1
104_BRANCH0_326,0,0.0125385,1
1_BRANCH0_190,1,0.0172772,1
1_BRANCH0_190,0,0.0176734,1
2297_BRANCH0_2570,1,0.015863,1
2297_BRANCH0_2570,0,0.016428,1
568_BRANCH0_951,1,0.0141437,1
568_BRANCH0_951,0,0.0127974,1
649,1,0.0122505,1
649,0,0.011868,1
37,1,0.0129256,1
37,0,0.0125191,1
46,1,0.00967887,1
46,0,0.0092139,1
25_BRANCH0_220,1,0.0113142,1
25_BRANCH0_220,0,0.0133512,1
1049,1,0.0139042,1
1049,0,0.0131962,1
269_BRANCH0_670,1,0.016221,1
269_BRANCH0_670,0,0.0182255,1
283_BRANCH0_2829,1,0.0210588,1
283_BRANCH0_2829,0,0.0186764,1
1658,1,0.0131329,1
1658,0,0.0102681,1
239_BRANCH0_598,1,0.0111784,1
239_BRANCH0_598,0,0.0116884,1
94_BRANCH0_283,1,0.0159208,1
94_BRANCH0_283,0,0.0143331,1
216_BRANCH0_721,1,0.0132959,1
216_BRANCH0_721,0,0.0127458,1
1319_BRANCH0_1852,1,0.0113302,1
1319_BRANCH0_1852,0,0.0115939,1
612_BRANCH0_897,1,0.0096311,0
612_BRANCH0_897,0,0.0175909,1
2250,1,0.0167899,1
2250,0,0.016086,1
2269_BRANCH0_2426,1,0.01447,1
2269_BRANCH0_2426,0,0.0136667,1
10_BRANCH0_201,1,0.0137952,1
10_BRANCH0_201,0,0.0126094,1
546,1,0.0164153,1
546,0,0.0164547,1
1517_BRANCH0_1600,1,0.0144222,1
1517_BRANCH0_1600,0,0.0152888,1
1235_BRANCH0_1389,1,0.0121903,1
1235_BRANCH0_1389,0,0.0101824,1
1961_BRANCH0_2015,1,0.00949617,1
1961_BRANCH0_2015,0,0.00942565,1
2256,1,0.0151814,1
2256,0,0.0143844,1
16_BRANCH0_358,1,0.0129442,1
16_BRANCH0_358,0,0.00937601,1
2543_BRANCH0_2747,1,0.0147558,1
2543_BRANCH0_2747,0,0.0127,1
1361,1,0.014988,1
1361,0,0.0162716,1
303,1,0.0203754,1
303,0,0.0209604,1
276,1,0.019983,1
276,0,0.018037,1
300_BRANCH0_612,1,0.0164903,1
300_BRANCH0_612,0,0.02062,1
197_BRANCH0_691,1,0.0140901,1
197_BRANCH0_691,0,0.0130469,1
43_BRANCH0_243,1,0.0121148,1
43_BRANCH0_243,0,0.011939,1
1327,1,0.0143516,1
1327,0,0.0132325,1
2722,1,0.0111134,1
2722,0,0.00998885,1
266,1,0.0176833,1
266,0,0.0184067,1
1953_BRANCH0_2005,1,0.0158638,1
1953_BRANCH0_2005,0,0.0162252,1
631_BRANCH0_1267,1,0.0165217,1
631_BRANCH0_1267,0,0.0184882,1
2597_BRANCH0_2747,1,0.015839,1
2597_BRANCH0_2747,0,0.0117517,1
283_BRANCH0_2818,1,0.0190902,1
283_BRANCH0_2818,0,0.0193405,1
2740,1,0.0195724,1
2740,0,0.0111432,1
373,1,0.0112881,1
373,0,0.011758,1
2326,1,0.0131487,1
2326,0,0.0157416,1
628_BRANCH0_1322,1,0.0139969,1
628_BRANCH0_1322,0,0.012441,1
1561_BRANCH0_1640,1,0.0114104,1
1561_BRANCH0_1640,0,0.012225,1
31,1,0.0108855,1
31,0,0.00926684,1
2030,1,0.0142195,1
2030,0,0.0157239,1
1471,1,0.0172135,1
1471,0,0.0179556,1
2664_BRANCH0_2742,1,0.0115583,1
2664_BRANCH0_2742,0,0.0159316,1
568,1,0.0138111,1
568,0,0.0126134,1
1514_BRANCH0_1615,1,0.0166322,1
1514_BRANCH0_1615,0,0.0174376,1
712_BRANCH0_1317,1,0.0181459,1
712_BRANCH0_1317,0,0.0214226,1
1013_BRANCH0_1207,1,0.0150685,1
1013_BRANCH0_1207,0,0.0138066,1
235_BRANCH0_706,1,0.0127303,1
235_BRANCH0_706,0,0.0130722,1
1734_BRANCH0_1786,1,0.0163327,1
1734_BRANCH0_1786,0,0.0181217,1
367_BRANCH0_2761,1,0.0110806,1
367_BRANCH0_2761,0,0.0108901,1
94_BRANCH0_300,1,0.0165104,1
94_BRANCH0_300,0,0.0151682,1
382,1,0.0101512,1
382,0,0.00944433,1
22_BRANCH0_216,1,0.0111164,1
22_BRANCH0_216,0,0.0123251,1
1777_BRANCH0_1822,1,0.00986555,1
1777_BRANCH0_1822,0,0.0101525,1
1231,1,0.0162701,1
1231,0,0.012514,1
1188_BRANCH0_2651,1,0.0104561,1
1188_BRANCH0_2651,0,0.0133168,1
257_BRANCH0_655,1,0.0162557,1
257_BRANCH0_655,0,0.0165621,1
586_BRANCH0_977,1,0.0134875,1
586_BRANCH0_977,0,0.0137825,1
1367_BRANCH0_1454,1,0.0122136,1
1367_BRANCH0_1454,0,0.0133264,1
640,1,0.0128278,1
640,0,0.0114597,1
2202_BRANCH0_2229,1,0.0152728,1
2202_BRANCH0_2229,0,0.0149071,1
85,1,0.0153789,1
85,0,0.0143219,1
1950_BRANCH0_2007,1,0.014695,1
1950_BRANCH0_2007,0,0.0149312,1
7_BRANCH0_349,1,0.0118165,1
7_BRANCH0_349,0,0.011865,1
1812,1,0.0102626,1
1812,0,0.00973575,1
985_BRANCH0_1159,1,0.0170127,1
985_BRANCH0_1159,0,0.0225727,1
283,1,0.0192765,1
283,0,0.0170342,1
1968,1,0.00792379,1
1968,0,0.00853217,1
2216,1,0.0147609,1
2216,0,0.0162575,1
232_BRANCH0_646,1,0.0128832,1
232_BRANCH0_646,0,0.0136034,1
943,1,0.0120796,1
943,0,0.0147673,1
79_BRANCH0_266,1,0.0188074,1
79_BRANCH0_266,0,0.0192317,1
331_BRANCH0_555,1,0.0158809,1
331_BRANCH0_555,0,0.0138635,1
346_BRANCH0_535,1,0.0183986,1
346_BRANCH0_535,0,0.017455,1
13,1,0.0139532,1
13,0,0.0108231,1
649_BRANCH0_1412,1,0.0132535,1
649_BRANCH0_1412,0,0.0151701,1
290_BRANCH0_1889,1,0.0144298,1
290_BRANCH0_1889,0,0.0183526,1
2561,1,0.0111018,1
2561,0,0.0158645,1
79,1,0.0148487,1
79,0,0.0128918,1
243_BRANCH0_571,1,0.0135234,1
243_BRANCH0_571,0,0.011903,1
10,1,0.00997417,1
10,0,0.0103068,1
1255_BRANCH0_2232,1,0.0241005,1
1255_BRANCH0_2232,0,0.0232728,1
2361_BRANCH0_2658,1,0.014748,1
2361_BRANCH0_2658,0,0.016716,1
2386_BRANCH0_2655,1,0.0150212,1
2386_BRANCH0_2655,0,0.0151727,1
72_BRANCH0_256,1,0.0200182,1
72_BRANCH0_256,0,0.0213067,1
1612_BRANCH0_1682,1,0.013542,1
1612_BRANCH0_1682,0,0.0114709,1
88_BRANCH0_277,1,0.0135365,1
88_BRANCH0_277,0,0.0137231,1
537,1,0.0163103,1
537,0,0.0195191,1
2199_BRANCH0_2222,1,0.0198698,1
2199_BRANCH0_2222,0,0.0156872,1
1151,1,0.0164183,1
1151,0,0.0148932,1
7,1,0.0115961,1
7,0,0.0124423,1
965_BRANCH0_1500,1,0.0138883,1
965_BRANCH0_1500,0,0.0146253,1
13_BRANCH0_355,1,0.0111842,1
13_BRANCH0_355,0,0.0114926,1
104_BRANCH0_275,1,0.0160237,1
104_BRANCH0_275,0,0.0188567,1
2828,1,0.0129696,1
2828,0,0.00694696,1
316_BRANCH0_685,1,0.0113926,1
316_BRANCH0_685,0,0.010616,1
290_BRANCH0_1858,1,0.0143493,1
290_BRANCH0_1858,0,0.0483332,1
290_BRANCH0_2081,1,0.0151021,1
290_BRANCH0_2081,0,0.0176598,1
16_BRANCH0_209,1,0.0144306,1
16_BRANCH0_209,0,0.016299,1
104_BRANCH0_316,1,0.0132476,1
104_BRANCH0_316,0,0.00931157,1
2078_BRANCH0_2199,1,0.0216405,1
2078_BRANCH0_2199,0,0.0174033,1
209_BRANCH0_565,1,0.0161683,1
209_BRANCH0_565,0,0.0159697,1
751,1,0.0135302,1
751,0,0.011621,1
2119_BRANCH0_2570,1,0.0153209,1
2119_BRANCH0_2570,0,0.0169138,1
2385,1,0.0153595,1
2385,0,0.0146767,1
682_BRANCH0_886,1,0.0145852,1
682_BRANCH0_886,0,0.0143403,1
40_BRANCH0_239,1,0.0131018,1
40_BRANCH0_239,0,0.0113609,1
538,1,0.018276,1
538,0,0.018274,1
534,1,0.0187502,1
534,0,0.0201104,1
220_BRANCH0_733,1,0.012463,1
220_BRANCH0_733,0,0.0125162,1
19,1,0.00950497,1
19,0,0.00944825,1
2196_BRANCH0_2224,1,0.0142533,1
2196_BRANCH0_2224,0,0.0153997,1
547,1,0.0186816,1
547,0,0.018777,1
69_BRANCH0_260,1,0.013845,1
69_BRANCH0_260,0,0.0178779,1
1596,1,0.0103852,1
1596,0,0.00923315,1
694_BRANCH0_1311,1,0.0134444,1
694_BRANCH0_1311,0,0.0158357,1
625_BRANCH0_1063,1,0.013899,1
625_BRANCH0_1063,0,0.0159168,1
667_BRANCH0_915,1,0.0170927,1
667_BRANCH0_915,0,0.0189977,1
1606_BRANCH0_1679,1,0.013629,1
1606_BRANCH0_1679,0,0.0100969,1
2808,1,0.0164113,1
2808,0,0.0138811,1
19_BRANCH0_212,1,0.0122135,1
19_BRANCH0_212,0,0.0119755,1
1774_BRANCH0_1824,1,0.0133504,1
1774_BRANCH0_1824,0,0.015547,1
313_BRANCH1_2384,1,0.00516278,0
313_BRANCH1_2384,0,0.0116594,1
1528,1,0.0106513,1
1528,0,0.0101169,1
688_BRANCH0_938,1,0.0128222,1
688_BRANCH0_938,0,0.0135073,1
1_BRANCH0_343,1,0.0132843,1
1_BRANCH0_343,0,0.0115112,1
2040,1,0.0148849,1
2040,0,0.0181872,1
1390_BRANCH0_1476,1,0.0135031,1
1390_BRANCH0_1476,0,0.0131934,1
1310,1,0.0131689,1
1310,0,0.0119765,1
907_BRANCH0_1255,1,0.0149474,1
907_BRANCH0_1255,0,0.0173028,1
319_BRANCH0_574,1,0.0148383,1
319_BRANCH0_574,0,0.0137876,1
283_BRANCH0_2824,1,0.0207054,1
283_BRANCH0_2824,0,0.0233747,1
2012,1,0.016509,1
2012,0,0.0151121,1
2555,1,0.0162027,1
2555,0,0.0135556,1
2883_BRANCH0_2896,1,0.0100934,1
2883_BRANCH0_2896,0,0.00944708,1
232,1,0.0116027,1
232,0,0.0109988,1
2765,1,0.0110302,1
2765,0,0.0112152,1
2860,1,0.0187308,1
2860,0,0.0124705,1
197_BRANCH0_688,1,0.0114907,1
197_BRANCH0_688,0,0.012481,1
703,1,0.0129513,1
703,0,0.0146195,1
297_BRANCH0_922,1,0.021838,1
297_BRANCH0_922,0,0.0178198,1
1249_BRANCH0_1346,1,0.0142043,1
1249_BRANCH0_1346,0,0.0121683,1
1022_BRANCH0_1214,1,0.0131057,1
1022_BRANCH0_1214,0,0.0142617,1
935_BRANCH0_1488,1,0.0145052,1
935_BRANCH0_1488,0,0.0152303,1
951_BRANCH0_1494,1,0.0159813,1
951_BRANCH0_1494,0,0.0150044,1
1133,1,0.0142917,1
1133,0,0.0121174,1
751_BRANCH0_1009,1,0.012389,1
751_BRANCH0_1009,0,0.0134471,1
2143_BRANCH0_2573,1,0.0160819,1
2143_BRANCH0_2573,0,0.0158755,1
2800,1,0.00467557,1
2800,0,0.0114914,1
1188_BRANCH0_2611,1,0.014111,1
1188_BRANCH0_2611,0,0.0147087,1
247,1,0.0155215,1
247,0,0.0129082,1
60_BRANCH0_903,1,0.0157507,1
60_BRANCH0_903,0,0.0155375,1
85_BRANCH0_2821,1,0.0183316,1
85_BRANCH0_2821,0,0.0206647,1
260,1,0.0154963,1
260,0,0.0154579,1
721_BRANCH0_989,1,0.0131285,1
721_BRANCH0_989,0,0.0138461,1
2205,1,0.0162696,1
2205,0,0.0139044,1
1171_BRANCH0_2639,1,0.0144215,1
1171_BRANCH0_2639,0,0.0160306,1
235_BRANCH0_652,1,0.0127867,1
235_BRANCH0_652,0,0.012251,1
60,1,0.0123252,1
60,0,0.0136504,1
316_BRANCH0_682,1,0.0125079,1
316_BRANCH0_682,0,0.0100743,1
2427_BRANCH0_2603,1,0.0127862,1
2427_BRANCH0_2603,0,0.0160159,1
2878,1,0.0116153,1
2878,0,0.00991883,1
331_BRANCH0_552,1,0.0137164,1
331_BRANCH0_552,0,0.0143341,1
269_BRANCH0_673,1,0.0431487,1
269_BRANCH0_673,0,0.0426685,1
2297_BRANCH0_2642,1,0.0115354,1
2297_BRANCH0_2642,0,0.0158573,1
1600_BRANCH0_1675,1,0.0144682,1
1600_BRANCH0_1675,0,0.0162213,1
1264_BRANCH0_1419,1,0.0122727,1
1264_BRANCH0_1419,0,0.0120989,1
306_BRANCH0_552,1,0.0139496,1
306_BRANCH0_552,0,0.0146836,1
548,1,0.0171024,1
548,0,0.0175365,1
646_BRANCH0_1439,1,0.0155006,1
646_BRANCH0_1439,0,0.0145063,1
2326_BRANCH0_2555,1,0.0132908,1
2326_BRANCH0_2555,0,0.0167041,1
637_BRANCH0_1434,1,0.0129772,1
637_BRANCH0_1434,0,0.0121975,1
243,1,0.0129357,1
243,0,0.0132696,1
1383,1,0.0109986,1
1383,0,0.0104382,1
2736,1,0.0171257,1
2736,0,0.011341,1
361_BRANCH0_2759,1,0.00931688,1
361_BRANCH0_2759,0,0.010622,1
1975,1,0.0152839,1
1975,0,0.0408244,1
1534_BRANCH0_1591,1,0.0160981,1
1534_BRANCH0_1591,0,0.0149779,1
43_BRANCH0_385,1,0.0131094,1
43_BRANCH0_385,0,0.00966361,1
559,1,0.0121916,1
559,0,0.012519,1
1685_BRANCH0_1741,1,0.0097823,1
1685_BRANCH0_1741,0,0.0091429,1
66_BRANCH0_586,1,0.0133503,1
66_BRANCH0_586,0,0.0150809,1
28,1,0.0105467,1
28,0,0.011306,1
670,1,0.016886,1
670,0,0.018917,1
34_BRANCH0_376,1,0.0122375,1
34_BRANCH0_376,0,0.0116515,1
13_BRANCH0_206,1,0.0107032,1
13_BRANCH0_206,0,0.0120932,1
2824_BRANCH0_2861,1,0.0113238,1
2824_BRANCH0_2861,0,0.0164492,1
367_BRANCH0_542,1,0.0186929,1
367_BRANCH0_542,0,0.0194192,1
1830_BRANCH0_1889,1,0.0150451,1
1830_BRANCH0_1889,0,0.0143633,1
331_BRANCH0_550,1,0.0153424,1
331_BRANCH0_550,0,0.0131925,1
1188_BRANCH0_2552,1,0.0141755,1
1188_BRANCH0_2552,0,0.0156987,1
319_BRANCH0_643,1,0.0162173,1
319_BRANCH0_643,0,0.017513,1
1188_BRANCH0_2573,1,0.0153312,1
1188_BRANCH0_2573,0,0.0132666,1
682_BRANCH0_2881,1,0.0126834,1
682_BRANCH0_2881,0,0.011721,1
2143_BRANCH0_2648,1,0.0151572,1
2143_BRANCH0_2648,0,0.0161838,1
91_BRANCH0_280,1,0.0149672,1
91_BRANCH0_280,0,0.0154453,1
1746,1,0.0132021,1
1746,0,0.0157295,1
66,1,0.0133758,1
66,0,0.0133324,1
2129_BRANCH0_2664,1,0.0138055,1
2129_BRANCH0_2664,0,0.0159069,1
2427_BRANCH0_2631,1,0.0145549,1
2427_BRANCH0_2631,0,0.0168074,1
1063,1,0.0154037,1
1063,0,0.0144078,1
257_BRANCH0_643,1,0.015714,1
257_BRANCH0_643,0,0.0166164,1
1902_BRANCH0_2870,1,0.011105,1
1902_BRANCH0_2870,0,0.0101639,1
239_BRANCH0_625,1,0.0118461,1
239_BRANCH0_625,0,0.0130692,1
2297_BRANCH0_2651,1,0.0154814,1
2297_BRANCH0_2651,0,0.013383,1
22_BRANCH0_364,1,0.0109406,1
22_BRANCH0_364,0,0.0092108,1
2540_BRANCH0_2745,1,0.0129333,1
2540_BRANCH0_2745,0,0.0107889,1
72_BRANCH0_603,1,0.0159064,1
72_BRANCH0_603,0,0.0163353,1
1120,1,0.0138981,1
1120,0,0.0124781,1
709,1,0.0143499,1
709,0,0.0127495,1
1620,1,0.0116721,1
1620,0,0.0123094,1
99_BRANCH0_2800,0,0.0149319,1
1478_BRANCH0_1530,1,0.0105338,1
1478_BRANCH0_1530,0,0.00984572,1
2781,1,0.0100094,1
2781,0,0.00993131,1
85_BRANCH0_272,1,0.0188463,1
85_BRANCH0_272,0,0.019331,1
1554_BRANCH0_1658,1,0.0128799,1
1554_BRANCH0_1658,0,0.0114507,1
1358,1,0.0116662,1
1358,0,0.0116868,1
2119,1,0.0145804,1
2119,0,0.0145833,1
1264_BRANCH0_1416,1,0.0174028,1
1264_BRANCH0_1416,0,0.0174947,1
2232,1,0.0233582,1
2232,0,0.0175479,1
300_BRANCH0_608,1,0.0175288,1
300_BRANCH0_608,0,0.020405,1
53_BRANCH0_899,1,0.0166821,1
53_BRANCH0_899,0,0.0141232,1
82_BRANCH0_269,1,0.0476658,1
82_BRANCH0_269,0,0.0493238,1
2024,1,0.0187807,1
2024,0,0.0160548,1
235,1,0.0137917,1
235,0,0.0129126,1
2881,1,0.01158,1
2881,0,0.010257,1
82_BRANCH0_2818,1,0.0172147,1
82_BRANCH0_2818,0,0.0216861,1
1531,1,0.0114149,1
1531,0,0.00952796,1
1019_BRANCH0_1212,1,0.0163043,1
1019_BRANCH0_1212,0,0.0180993,1
201_BRANCH0_649,1,0.0140652,1
201_BRANCH0_649,0,0.012433,1
88_BRANCH0_251,1,0.00962965,1
88_BRANCH0_251,0,0.0151989,1
2540,1,0.0156279,1
2540,0,0.0129049,1
1647_BRANCH0_1708,1,0.0158536,1
1647_BRANCH0_1708,0,0.0141031,1
1456,1,0.0138548,1
1456,0,0.0127408,1
76_BRANCH0_263,1,0.019221,1
76_BRANCH0_263,0,0.0190349,1
616_BRANCH0_888,1,0.0147845,1
616_BRANCH0_888,0,0.0145941,1
88,1,0.0142276,1
88,0,0.0164123,1
235_BRANCH0_709,1,0.0126619,1
235_BRANCH0_709,0,0.0137396,1
1638,1,0.010254,1
1638,0,0.00959059,1
2725,1,0.0146974,1
2725,0,0.0119738,1
603,1,0.0153652,1
603,0,0.0143968,1
2648_BRANCH0_2730,1,0.0117609,1
2648_BRANCH0_2730,0,0.0158503,1
1567,1,0.0112128,1
1567,0,0.00969995,1
2222,1,0.014282,1
2222,0,0.0211512,1
742_BRANCH0_1131,1,0.0138013,1
742_BRANCH0_1131,0,0.0140999,1
99_BRANCH0_306,1,0.0140375,1
99_BRANCH0_306,0,0.0145674,1
565_BRANCH0_1019,1,0.016603,1
565_BRANCH0_1019,0,0.0169257,1
352,1,0.013446,1
352,0,0.00978771,1
1444,1,0.0129279,1
1444,0,0.0146736,1
574_BRANCH0_959,1,0.0133324,1
574_BRANCH0_959,0,0.0140451,1
290_BRANCH0_2062,1,0.0147475,1
290_BRANCH0_2062,0,0.01626,1
598_BRANCH0_1046,1,0.0142995,1
598_BRANCH0_1046,0,0.0126416,1
2315_BRANCH0_2549,1,0.0139878,1
2315_BRANCH0_2549,0,0.0181694,1
894,1,0.0151154,1
894,0,0.0122817,1
104_BRANCH0_276,1,0.0175104,1
104_BRANCH0_276,0,0.0193173,1
201_BRANCH0_616,1,0.013474,1
201_BRANCH0_616,0,0.0126418,1
197_BRANCH0_640,1,0.0130859,1
197_BRANCH0_640,0,0.0138894,1
2746,1,0.0097387,1
2746,0,0.0158283,1
1235_BRANCH0_1388,1,0.0116118,1
1235_BRANCH0_1388,0,0.0142084,1
283_BRANCH0_2821,1,0.0184322,1
283_BRANCH0_2821,0,0.0201074,1
225_BRANCH0_751,1,0.0151148,1
225_BRANCH0_751,0,0.0127239,1
1697,1,0.00987242,1
1697,0,0.0112531,1
1355_BRANCH0_1443,1,0.0147089,1
1355_BRANCH0_1443,0,0.014306,1
640_BRANCH0_1004,1,0.0126906,1
640_BRANCH0_1004,0,0.0142552,1
94,1,0.0180965,1
94,0,0.0188317,1
49_BRANCH0_592,1,0.015678,1
49_BRANCH0_592,0,0.0165923,1
1677,1,0.0108293,1
1677,0,0.012194,1
1527,1,0.0109406,1
1527,0,0.00952194,1
1214,1,0.0134688,1
1214,0,0.0122912,1
201_BRANCH0_712,1,0.0189021,1
201_BRANCH0_712,0,0.0183742,1
950,1,0.0205004,1
950,0,0.0179992,1
104_BRANCH0_319,1,0.0136798,1
104_BRANCH0_319,0,0.0123136,1
622_BRANCH0_890,1,0.0141529,1
622_BRANCH0_890,0,0.0175443,1
331,1,0.0156475,1
331,0,0.0139226,1
1672,1,0.00969445,1
1672,0,0.00943183,1
338_BRANCH0_923,1,0.0192467,1
338_BRANCH0_923,0,0.0217481,1
338,1,0.0181156,1
338,0,0.0146993,1
1064,1,0.014742,1
1064,0,0.0138655,1
49_BRANCH0_897,1,0.0182789,1
49_BRANCH0_897,0,0.0206836,1
679_BRANCH0_919,1,0.0196109,1
679_BRANCH0_919,0,0.018443,1
373_BRANCH0_2763,1,0.01414,1
373_BRANCH0_2763,0,0.0116815,1
612_BRANCH0_907,1,0.0198046,1
612_BRANCH0_907,0,0.0186573,1
1927,1,0.0162574,1
1927,0,0.0151388,1
1150,1,0.0121931,1
1150,0,0.0133677,1
2726,1,0.0158889,1
2726,0,0.0110913,1
612_BRANCH0_899,1,0.0193988,1
612_BRANCH0_899,0,0.0155904,1
589_BRANCH0_1040,1,0.0176182,1
589_BRANCH0_1040,0,0.0208249,1
343_BRANCH0_2720,1,0.013212,1
343_BRANCH0_2720,0,0.0120948,1
346,1,0.0125523,1
346,0,0.00964884,1
1802,1,0.0163356,1
1802,0,0.0163542,1
2558,1,0.0110529,1
2558,0,0.0148116,1
712,1,0.0165513,1
712,0,0.0201397,1
969,1,0.0144925,1
969,0,0.0135819,1
1121,1,0.012764,1
1121,0,0.00996823,1
1043,1,0.0119492,1
1043,0,0.0127662,1
1721,1,0.012741,1
1721,0,0.010336,1
2386_BRANCH0_2628,1,0.0137958,1
2386_BRANCH0_2628,0,0.0171686,1
277_BRANCH0_601,1,0.0142716,1
277_BRANCH0_601,0,0.0143555,1
1947_BRANCH0_2002,1,0.0156014,1
1947_BRANCH0_2002,0,0.0180681,1
2780,1,0.0128833,1
2780,0,0.0105571,1
616_BRANCH0_1055,1,0.0138504,1
616_BRANCH0_1055,0,0.0146076,1
352_BRANCH0_2723,1,0.0118989,1
352_BRANCH0_2723,0,0.0126863,1
2642_BRANCH0_2727,1,0.00957734,1
2642_BRANCH0_2727,0,0.0149161,1
355_BRANCH0_538,1,0.0178754,1
355_BRANCH0_538,0,0.0185208,1
355,1,0.0138065,1
355,0,0.0113697,1
926,1,0.0157566,1
926,0,0.0200218,1
358_BRANCH0_539,1,0.0184149,1
358_BRANCH0_539,0,0.0178456,1
358,1,0.0118423,1
358,0,0.00993294,1
1742_BRANCH0_1802,1,0.0164814,1
1742_BRANCH0_1802,0,0.0184099,1
2002,1,0.0147313,1
2002,0,0.0161862,1
1620_BRANCH0_1714,1,0.0108368,1
1620_BRANCH0_1714,0,0.010187,1
2620_BRANCH0_2750,1,0.0157189,1
2620_BRANCH0_2750,0,0.0118946,1
652_BRANCH0_1068,1,0.0120503,1
652_BRANCH0_1068,0,0.0124859,1
910_BRANCH0_1261,1,0.0135463,1
910_BRANCH0_1261,0,0.0177403,1
385_BRANCH0_548,1,0.0190107,1
385_BRANCH0_548,0,0.0184991,1
361,1,0.0144905,1
361,0,0.0101614,1
2023,1,0.0167708,1
2023,0,0.0163734,1
552,1,0.0145784,1
552,0,0.0109315,1
364_BRANCH0_2760,1,0.0120226,1
364_BRANCH0_2760,0,0.0114058,1
926_BRANCH0_2628,1,0.0148477,1
926_BRANCH0_2628,0,0.0201378,1
2148,1,0.0165586,1
2148,0,0.016714,1
2882,1,0.0137269,1
2882,0,0.0101705,1
619_BRANCH0_889,1,0.0148865,1
619_BRANCH0_889,0,0.0141524,1
266_BRANCH0_664,1,0.0184707,1
266_BRANCH0_664,0,0.0177754,1
1603_BRANCH0_1747,1,0.012022,1
1603_BRANCH0_1747,0,0.0106071,1
706_BRANCH0_968,1,0.0141516,1
706_BRANCH0_968,0,0.0148027,1
973_BRANCH0_1501,1,0.0182008,1
973_BRANCH0_1501,0,0.0215626,1
49_BRANCH0_907,1,0.0164631,1
49_BRANCH0_907,0,0.0160693,1
364,1,0.0132002,1
364,0,0.0119446,1
1188_BRANCH0_2661,1,0.011685,1
1188_BRANCH0_2661,0,0.0133189,1
742,1,0.0124364,1
742,0,0.0126439,1
631_BRANCH0_892,1,0.0220485,1
631_BRANCH0_892,0,0.0255808,1
367,1,0.0128246,1
367,0,0.0107392,1
895,1,0.0166571,1
895,0,0.0182375,1
194,1,0.0154474,1
194,0,0.0158023,1
554,1,0.014082,1
554,0,0.0108963,1
190,1,0.0148039,1
190,0,0.0168735,1
1068,1,0.0138314,1
1068,0,0.0107558,1
892,1,0.0208443,1
892,0,0.0239993,1
553,1,0.01517,1
553,0,0.0110684,1
370,1,0.0122173,1
370,0,0.0121522,1
319,1,0.012464,1
319,0,0.0128003,1
742_BRANCH0_1005,1,0.0135738,1
742_BRANCH0_1005,0,0.0133883,1
373_BRANCH0_544,1,0.016708,1
373_BRANCH0_544,0,0.0192996,1
2600,1,0.0183501,1
2600,0,0.0124375,1
968,1,0.0134875,1
968,0,0.0145587,1
649_BRANCH0_894,1,0.016391,1
649_BRANCH0_894,0,0.0116906,1
2018,1,0.0153864,1
2018,0,0.0169214,1
715,1,0.0134659,1
715,0,0.0123096,1
251,1,0.0168102,1
251,0,0.0131721,1
1764,1,0.014221,1
1764,0,0.0165193,1
376,1,0.0103707,1
376,0,0.0111293,1
379_BRANCH0_546,1,0.0174344,1
379_BRANCH0_546,0,0.0172112,1
891,1,0.0145777,1
891,0,0.0140346,1
385,1,0.01043,1
385,0,0.00973456,1
388_BRANCH0_2744,1,0.010899,1
388_BRANCH0_2744,0,0.0110546,1
2651,1,0.0102407,1
2651,0,0.0133253,1
1311,1,0.0143782,1
1311,0,0.0121361,1
2340_BRANCH0_2564,1,0.017065,1
2340_BRANCH0_2564,0,0.0194995,1
69,1,0.0129405,1
69,0,0.013924,1
540,1,0.0175177,1
540,0,0.0224494,1
2041,1,0.0162591,1
2041,0,0.0180369,1
1651_BRANCH0_1710,1,0.0124635,1
1651_BRANCH0_1710,0,0.0103283,1
43,1,0.0121863,1
43,0,0.00968936,1
388,1,0.0102154,1
388,0,0.00934872,1
655,1,0.00982808,1
655,0,0.0154238,1
688_BRANCH0_1309,1,0.0148809,1
688_BRANCH0_1309,0,0.0138764,1
2297_BRANCH0_2600,1,0.0158062,1
2297_BRANCH0_2600,0,0.0163822,1
1526,1,0.0135316,1
1526,0,0.0101345,1
19_BRANCH0_361,1,0.00975039,1
19_BRANCH0_361,0,0.0115543,1
536,1,0.0169087,1
536,0,0.0202549,1
595,1,0.0128327,1
595,0,0.0124798,1
542,1,0.0181379,1
542,0,0.0160658,1
543,1,0.0183176,1
543,0,0.0165259,1
661_BRANCH0_913,1,0.0188647,1
661_BRANCH0_913,0,0.0185511,1
1522_BRANCH0_1606,1,0.012519,1
1522_BRANCH0_1606,0,0.0104943,1
2260_BRANCH0_2375,1,0.0161784,1
2260_BRANCH0_2375,0,0.0152061,1
727_BRANCH0_992,1,0.0167519,1
727_BRANCH0_992,0,0.0190807,1
1933_BRANCH0_2875,1,0.0116014,1
1933_BRANCH0_2875,0,0.00997962,1
544,1,0.0179921,1
544,0,0.0180617,1
1261_BRANCH0_1350,1,0.0149898,1
1261_BRANCH0_1350,0,0.0166649,1
954,1,0.0156086,1
954,0,0.0141251,1
1792,1,0.0154861,1
1792,0,0.0169986,1
631,1,0.018827,1
631,0,0.018993,1
1889_BRANCH0_1950,1,0.0151425,1
1889_BRANCH0_1950,0,0.0155034,1
1522,1,0.012715,1
1522,0,0.0105598,1
549,1,0.0172106,1
549,0,0.0180249,1
583,1,0.0141367,1
583,0,0.0135717,1
2286_BRANCH0_2567,1,0.0131851,1
2286_BRANCH0_2567,0,0.0161813,1
555,1,0.01539,1
555,0,0.0119508,1
923_BRANCH0_1171,1,0.0173646,1
923_BRANCH0_1171,0,0.0158067,1
2898,1,0.0112249,1
2898,0,0.0100173,1
580_BRANCH0_965,1,0.0125127,1
580_BRANCH0_965,0,0.0130869,1
1879_BRANCH0_1958,1,0.0106514,1
1879_BRANCH0_1958,0,0.00983738,1
1950_BRANCH0_2006,1,0.0171013,1
1950_BRANCH0_2006,0,0.0136976,1
355_BRANCH0_2757,1,0.0116468,1
355_BRANCH0_2757,0,0.0110752,1
556_BRANCH0_935,1,0.0122234,1
556_BRANCH0_935,0,0.0120007,1
556_BRANCH0_939,1,0.0134107,1
556_BRANCH0_939,0,0.0127339,1
2104_BRANCH0_2617,1,0.0164069,1
2104_BRANCH0_2617,0,0.0163093,1
2764,1,0.01277,1
2764,0,0.0104913,1
1241,1,0.0143313,1
1241,0,0.014164,1
559_BRANCH0_1010,1,0.0143437,1
559_BRANCH0_1010,0,0.0131623,1
977_BRANCH0_1157,1,0.011219,1
977_BRANCH0_1157,0,0.0146506,1
1818_BRANCH0_2869,1,0.0114873,1
1818_BRANCH0_2869,0,0.00996991,1
562_BRANCH0_947,1,0.0152069,1
562_BRANCH0_947,0,0.0167453,1
565_BRANCH0_1016,1,0.0147827,1
565_BRANCH0_1016,0,0.0126926,1
2846_BRANCH0_2874,1,0.0103443,1
2846_BRANCH0_2874,0,0.0380162,1
965_BRANCH0_1222,1,0.0166387,1
965_BRANCH0_1222,0,0.016409,1
2286_BRANCH0_2639,1,0.0133005,1
2286_BRANCH0_2639,0,0.0158024,1
343_BRANCH0_534,1,0.0181885,1
343_BRANCH0_534,0,0.0199616,1
955_BRANCH0_1493,1,0.0164001,1
955_BRANCH0_1493,0,0.0157276,1
694,1,0.0152821,1
694,0,0.014432,1
568_BRANCH0_955,1,0.0137623,1
568_BRANCH0_955,0,0.0130187,1
1594,1,0.0115569,1
1594,0,0.0097491,1
550,1,0.0133962,1
550,0,0.011674,1
1714,1,0.0126416,1
1714,0,0.0103804,1
601,1,0.0133171,1
601,0,0.0121752,1
260_BRANCH0_603,1,0.0170473,1
260_BRANCH0_603,0,0.0179383,1
2297,1,0.0166846,1
2297,0,0.016218,1
63_BRANCH0_251,1,0.0168482,1
63_BRANCH0_251,0,0.0188643,1
370_BRANCH0_2734,1,0.0122401,1
370_BRANCH0_2734,0,0.0108604,1
571_BRANCH0_1022,1,0.0122152,1
571_BRANCH0_1022,0,0.0128262,1
655_BRANCH0_896,1,0.01147,1
655_BRANCH0_896,0,0.0163598,1
1361_BRANCH0_1452,1,0.0195071,1
1361_BRANCH0_1452,0,0.0192812,1
661,1,0.0182857,1
661,0,0.0199094,1
682,1,0.0142745,1
682,0,0.0126613,1
1720,1,0.0104695,1
1720,0,0.0100245,1
229_BRANCH0_637,1,0.0137512,1
229_BRANCH0_637,0,0.0121149,1
574,1,0.0117658,1
574,0,0.0141716,1
1596_BRANCH0_1672,1,0.0122512,1
1596_BRANCH0_1672,0,0.00971247,1
1162,1,0.0121201,1
1162,0,0.0110216,1
577_BRANCH0_1028,1,0.0132062,1
577_BRANCH0_1028,0,0.0131287,1
577_BRANCH0_1031,1,0.0191847,1
577_BRANCH0_1031,0,0.0198499,1
577,1,0.0138914,1
577,0,0.0134855,1
580,1,0.0161499,1
580,0,0.0126667,1
1717_BRANCH0_1768,1,0.0147909,1
1717_BRANCH0_1768,0,0.0164143,1
1763,1,0.0188931,1
1763,0,0.0237571,1
1390,1,0.0133507,1
1390,0,0.0113962,1
190_BRANCH0_631,1,0.0201835,1
190_BRANCH0_631,0,0.0196031,1
2104_BRANCH0_2558,1,0.0156958,1
2104_BRANCH0_2558,0,0.0157108,1
583_BRANCH0_1034,1,0.0141151,1
583_BRANCH0_1034,0,0.0120363,1
1398,1,0.0130369,1
1398,0,0.0138287,1
592,1,0.0148317,1
592,0,0.0155833,1
598,1,0.0147216,1
598,0,0.0126438,1
2606_BRANCH0_2746,1,0.015498,1
2606_BRANCH0_2746,0,0.0111228,1
602,1,0.0128457,1
602,0,0.0116769,1
104_BRANCH0_338,1,0.0138716,1
104_BRANCH0_338,0,0.0181866,1
1977,1,0.0159326,1
1977,0,0.0147207,1
2642,1,0.0131603,1
2642,0,0.0148691,1
1530,1,0.0124042,1
1530,0,0.0104354,1
1898,1,0.0204718,1
1898,0,0.0229076,1
603_BRANCH0_926,1,0.020337,1
603_BRANCH0_926,0,0.0198453,1
1809,1,0.0128976,1
1809,0,0.0100923,1
2691,1,0.0191317,1
2691,0,0.0119323,1
1496,1,0.0155279,1
1496,0,0.0111158,1
2326_BRANCH0_2611,1,0.0127745,1
2326_BRANCH0_2611,0,0.0177242,1
608_BRANCH0_898,1,0.00992572,0
608_BRANCH0_898,0,0.0130944,1
2737,1,0.0181163,1
2737,0,0.0112962,1
736,1,0.0119911,1
736,0,0.0123115,1
76,1,0.0139024,1
76,0,0.0149511,1
382_BRANCH0_2766,1,0.0103956,1
382_BRANCH0_2766,0,0.00944363,1
2286_BRANCH0_2564,1,0.0124557,1
2286_BRANCH0_2564,0,0.0168023,1
703_BRANCH0_1314,1,0.0145531,1
703_BRANCH0_1314,0,0.0148682,1
280,1,0.0163732,1
280,0,0.0153495,1
1227,1,0.0200751,1
1227,0,0.0188002,1
619_BRANCH0_1054,1,0.0157729,1
619_BRANCH0_1054,0,0.0140857,1
212,1,0.0132366,1
212,0,0.012375,1
727,1,0.012662,1
727,0,0.0128092,1
625_BRANCH0_891,1,0.0145273,1
625_BRANCH0_891,0,0.0141673,1
1025,1,0.0135989,1
1025,0,0.0149918,1
2257,1,0.0149123,1
2257,0,0.0170497,1
583_BRANCH0_1037,1,0.0138342,1
583_BRANCH0_1037,0,0.0139745,1
1937,1,0.0215,1
1937,0,0.0222183,1
628_BRANCH0_984,1,0.018028,1
628_BRANCH0_984,0,0.0186755,1
1153,1,0.0157136,1
1153,0,0.0151715,1
2664,1,0.012134,1
2664,0,0.0166171,1
634_BRANCH0_990,1,0.0158163,1
634_BRANCH0_990,0,0.0151019,1
220_BRANCH0_622,1,0.0141785,1
220_BRANCH0_622,0,0.0132296,1
2759,1,0.0130198,1
2759,0,0.0133658,1
643,1,0.0102553,1
643,0,0.0161065,1
2205_BRANCH0_2227,1,0.0162327,1
2205_BRANCH0_2227,0,0.0163953,1
637_BRANCH0_993,1,0.0138767,1
637_BRANCH0_993,0,0.01503,1
969_BRANCH0_1495,1,0.0151246,1
969_BRANCH0_1495,0,0.0152001,1
694_BRANCH0_946,1,0.0156167,1
694_BRANCH0_946,0,0.0150816,1
7_BRANCH0_197,1,0.0125621,1
7_BRANCH0_197,0,0.0120632,1
2843,1,0.0115395,1
2843,0,0.0108514,1
745,1,0.01268,1
745,0,0.0131122,1
1821,1,0.00984466,1
1821,0,0.0113527,1
2787,1,0.0110331,1
2787,0,0.0110368,1
637,1,0.0122184,1
637,0,0.0132655,1
733,1,0.0117597,1
733,0,0.0122252,1
1965,1,0.0112902,1
1965,0,0.010858,1
2767,1,0.0108464,1
2767,0,0.01027,1
640_BRANCH0_1438,1,0.0136353,1
640_BRANCH0_1438,0,0.0139173,1
1445,1,0.0135685,1
1445,0,0.0117008,1
985_BRANCH0_1160,1,0.0175636,1
985_BRANCH0_1160,0,0.0224968,1
658_BRANCH0_2235,1,0.0202814,1
658_BRANCH0_2235,0,0.019801,1
190_BRANCH0_628,1,0.0145955,1
190_BRANCH0_628,0,0.0135469,1
1965_BRANCH0_2827,1,0.0107624,1
1965_BRANCH0_2827,0,0.0114825,1
1470,1,0.0197301,1
1470,0,0.0197808,1
2866,1,0.0124311,1
2866,0,0.00995442,1
652,1,0.0132536,1
652,0,0.0127232,1
715_BRANCH0_1318,1,0.0150386,1
715_BRANCH0_1318,0,0.0139899,1
194_BRANCH0_559,1,0.0156074,1
194_BRANCH0_559,0,0.0142623,1
661_BRANCH0_2234,1,0.0183067,1
661_BRANCH0_2234,0,0.0192444,1
1232_BRANCH0_1386,1,0.0147249,1
1232_BRANCH0_1386,0,0.0140069,1
664_BRANCH0_916,1,0.017194,1
664_BRANCH0_916,0,0.0201454,1
664_BRANCH0_2231,1,0.0174236,1
664_BRANCH0_2231,0,0.0194634,1
670_BRANCH0_918,1,0.0177629,1
670_BRANCH0_918,0,0.0171877,1
2632,1,0.0161984,1
2632,0,0.0112306,1
673_BRANCH0_917,1,0.0182853,1
673_BRANCH0_917,0,0.0181213,1
1461,1,0.0117962,1
1461,0,0.0116122,1
984,1,0.0173827,1
984,0,0.0180436,1
673,1,0.0440008,1
673,0,0.0423863,1
1130,1,0.0151322,1
1130,0,0.0120112,1
1557_BRANCH0_1661,1,0.0115069,1
1557_BRANCH0_1661,0,0.0104145,1
730_BRANCH0_1327,1,0.0145063,1
730_BRANCH0_1327,0,0.0147215,1
559_BRANCH0_1013,1,0.0131974,1
559_BRANCH0_1013,0,0.0133823,1
679_BRANCH0_1941,1,0.0175549,1
679_BRANCH0_1941,0,0.0198497,1
685_BRANCH0_887,1,0.0143865,1
685_BRANCH0_887,0,0.0189497,1
685_BRANCH0_2882,1,0.0124171,1
685_BRANCH0_2882,0,0.00993788,1
1440,1,0.0162668,1
1440,0,0.0191203,1
646_BRANCH0_1007,1,0.0155488,1
646_BRANCH0_1007,0,0.0159011,1
691_BRANCH0_1310,1,0.0150752,1
691_BRANCH0_1310,0,0.0149444,1
2215,1,0.0171212,1
2215,0,0.0173844,1
2340_BRANCH0_2603,1,0.015818,1
2340_BRANCH0_2603,0,0.0160699,1
658_BRANCH0_914,1,0.0176009,1
658_BRANCH0_914,0,0.0182078,1
1751,1,0.0166578,1
1751,0,0.0165681,1
730,1,0.013998,1
730,0,0.0127111,1
926_BRANCH0_2627,1,0.0167617,1
926_BRANCH0_2627,0,0.0194199,1
2257_BRANCH0_2340,1,0.017211,1
2257_BRANCH0_2340,0,0.0171017,1
706_BRANCH0_1315,1,0.0154016,1
706_BRANCH0_1315,0,0.0145836,1
1472_BRANCH0_1769,1,0.0110882,1
1472_BRANCH0_1769,0,0.0100081,1
2614_BRANCH0_2750,1,0.0119914,1
2614_BRANCH0_2750,0,0.0129932,1
382_BRANCH0_547,1,0.0174064,1
382_BRANCH0_547,0,0.0219205,1
718_BRANCH0_988,1,0.0152921,1
718_BRANCH0_988,0,0.0146434,1
1623,1,0.0123692,1
1623,0,0.0101039,1
1783,1,0.0109156,1
1783,0,0.0105725,1
721,1,0.0122463,1
721,0,0.0130714,1
2286,1,0.0107903,1
2286,0,0.0152059,1
1514,1,0.0122147,1
1514,0,0.00982576,1
733_BRANCH0_1001,1,0.0140233,1
733_BRANCH0_1001,0,0.0149301,1
197,1,0.0134392,1
197,0,0.0125772,1
736_BRANCH0_1002,1,0.0135625,1
736_BRANCH0_1002,0,0.0144694,1
598_BRANCH0_1049,1,0.0125477,1
598_BRANCH0_1049,0,0.0124324,1
736_BRANCH0_1129,1,0.0136743,1
736_BRANCH0_1129,0,0.0156028,1
739_BRANCH0_1003,1,0.0147144,1
739_BRANCH0_1003,0,0.0141151,1
2854,1,0.0172634,1
2854,0,0.0126416,1
938,1,0.0135494,1
938,0,0.0149575,1
2386_BRANCH0_2614,1,0.0163534,1
2386_BRANCH0_2614,0,0.0158102,1
739_BRANCH0_1128,1,0.0153176,1
739_BRANCH0_1128,0,0.0142768,1
745_BRANCH0_1006,1,0.0143996,1
745_BRANCH0_1006,0,0.0145653,1
890,1,0.0146853,1
890,0,0.014884,1
1352_BRANCH0_1446,1,0.0148696,1
1352_BRANCH0_1446,0,0.0149215,1
679,1,0.0172162,1
679,0,0.0214205,1
745_BRANCH0_1130,1,0.0155017,1
745_BRANCH0_1130,0,0.0143483,1
2279_BRANCH0_2800,1,0.0147938,1
2279_BRANCH0_2800,0,0.0115728,1
580_BRANCH0_969,1,0.0137099,1
580_BRANCH0_969,0,0.0130733,1
622_BRANCH0_1064,1,0.014437,1
622_BRANCH0_1064,0,0.0139723,1
748,1,0.013249,1
748,0,0.0131335,1
272,1,0.020158,1
272,0,0.0190626,1
886,1,0.0140057,1
886,0,0.0145652,1
1680,1,0.0148773,1
1680,0,0.015753,1
1933,1,0.0109938,1
1933,0,0.010299,1
306_BRANCH0_551,1,0.0141793,1
306_BRANCH0_551,0,0.0146867,1
1727,1,0.0115792,1
1727,0,0.0124902,1
889,1,0.0133088,1
889,0,0.0145747,1
1706,1,0.017686,1
1706,0,0.0109216,1
1707,1,0.0166137,1
1707,0,0.0255409,1
1708,1,0.0173574,1
1708,0,0.0151368,1
1709,1,0.0156702,1
1709,0,0.0177972,1
1710,1,0.0131073,1
1710,0,0.0106386,1
1712,1,0.0124704,1
1712,0,0.0110869,1
1713,1,0.0188932,1
1713,0,0.0168595,1
2038,1,0.0232269,1
2038,0,0.0224481,1
1714_BRANCH0_1785,1,0.0107907,1
1714_BRANCH0_1785,0,0.0106325,1
1714_BRANCH0_1924,1,0.00988968,1
1714_BRANCH0_1924,0,0.00998043,1
2033_BRANCH0_2143,1,0.0170429,1
2033_BRANCH0_2143,0,0.0165514,1
1717_BRANCH0_1911,1,0.0173034,1
1717_BRANCH0_1911,0,0.014688,1
1717,1,0.0153454,1
1717,0,0.0171826,1
1723_BRANCH0_1772,1,0.0110686,1
1723_BRANCH0_1772,0,0.00981687,1
1728,1,0.0100657,1
1728,0,0.0115699,1
2807,1,0.0166201,1
2807,0,0.0152724,1
1731_BRANCH0_1784,1,0.0136247,1
1731_BRANCH0_1784,0,0.0108422,1
1731,1,0.0190417,1
1731,0,0.011812,1
1942,1,0.017499,1
1942,0,0.0174297,1
1734_BRANCH0_1787,1,0.0169055,1
1734_BRANCH0_1787,0,0.0175837,1
1734,1,0.0178061,1
1734,0,0.0177155,1
1741,1,0.0120958,1
1741,0,0.010079,1
1742_BRANCH0_1818,1,0.0100389,1
1742_BRANCH0_1818,0,0.00940889,1
1807,1,0.011054,1
1807,0,0.0102498,1
1742,1,0.00994912,1
1742,0,0.0101892,1
2617_BRANCH0_2750,1,0.0169546,1
2617_BRANCH0_2750,0,0.0127372,1
1747,1,0.00960291,1
1747,0,0.0109404,1
1751_BRANCH0_1796,1,0.0142709,1
1751_BRANCH0_1796,0,0.0159459,1
1759,1,0.0117916,1
1759,0,0.0104015,1
1761,1,0.0115436,1
1761,0,0.0100998,1
2600_BRANCH0_2747,1,0.0165745,1
2600_BRANCH0_2747,0,0.0128645,1
1768,1,0.0143383,1
1768,0,0.015153,1
1769,1,0.0112878,1
1769,0,0.0111411,1
1772,1,0.0102327,1
1772,0,0.0106896,1
1774_BRANCH0_1823,1,0.0141271,1
1774_BRANCH0_1823,0,0.0153726,1
1774,1,0.0155705,1
1774,0,0.0177255,1
1777_BRANCH0_1821,1,0.0111641,1
1777_BRANCH0_1821,0,0.011182,1
1849,1,0.0201322,1
1849,0,0.0174855,1
1785,1,0.012753,1
1785,0,0.00994544,1
1987_BRANCH0_2022,1,0.0145162,1
1987_BRANCH0_2022,0,0.0152107,1
1786,1,0.0165545,1
1786,0,0.0179843,1
1788_BRANCH0_1827,1,0.0119148,1
1788_BRANCH0_1827,0,0.0108197,1
1791,1,0.0108337,1
1791,0,0.011174,1
1796,1,0.0145628,1
1796,0,0.0143913,1
1798_BRANCH0_1866,1,0.0117329,1
1798_BRANCH0_1866,0,0.010113,1
1798,1,0.0097663,1
1798,0,0.0106344,1
2000,1,0.0223985,1
2000,0,0.0228077,1
1802_BRANCH0_1869,1,0.0162238,1
1802_BRANCH0_1869,0,0.0160918,1
1802_BRANCH0_1872,1,0.0179542,1
1802_BRANCH0_1872,0,0.0163325,1
1808,1,0.0113256,1
1808,0,0.010513,1
1810,1,0.0160002,1
1810,0,0.0172212,1
1872,1,0.0163231,1
1872,0,0.0160455,1
1812_BRANCH0_1864,1,0.0111453,1
1812_BRANCH0_1864,0,0.0102255,1
1812_BRANCH0_1865,1,0.00994943,1
1812_BRANCH0_1865,0,0.00982631,1
1815,1,0.0170251,1
1815,0,0.0174866,1
2033,1,0.017106,1
2033,0,0.0164177,1
1818_BRANCH0_1857,1,0.0112014,1
1818_BRANCH0_1857,0,0.012629,1
1818,1,0.0109535,1
1818,0,0.010135,1
1879,1,0.0159261,1
1879,0,0.0171686,1
1822,1,0.0114288,1
1822,0,0.0100326,1
1852,1,0.0120547,1
1852,0,0.0103749,1
1826,1,0.0104737,1
1826,0,0.0102727,1
1830_BRANCH0_1902,1,0.0107281,1
1830_BRANCH0_1902,0,0.00937361,1
2789_BRANCH0_2815,1,0.0114356,1
2789_BRANCH0_2815,0,0.0183529,1
1830,1,0.011959,1
1830,0,0.0100577,1
1837,1,0.0137306,1
1837,0,0.0125075,1
1838_BRANCH0_1895,1,0.0104256,1
1838_BRANCH0_1895,0,0.0104922,1
1838,1,0.00996153,1
1838,0,0.0103473,1
1841_BRANCH0_1882,1,0.0145647,1
1841_BRANCH0_1882,0,0.0160402,1
1841_BRANCH0_1883,1,0.0175002,1
1841_BRANCH0_1883,0,0.0164848,1
1841,1,0.0177924,1
1841,0,0.0180065,1
1848,1,0.0128293,1
1848,0,0.0111602,1
1850,1,0.0206955,1
1850,0,0.0242253,1
1855,1,0.0164927,1
1855,0,0.015538,1
1856,1,0.017624,1
1856,0,0.0155935,1
1857,1,0.0126905,1
1857,0,0.0115829,1
2129_BRANCH0_2606,1,0.0151611,1
2129_BRANCH0_2606,0,0.0156479,1
1858_BRANCH0_1927,1,0.0156692,1
1858_BRANCH0_1927,0,0.0175572,1
1858_BRANCH0_1930,1,0.0412447,1
1858_BRANCH0_1930,0,0.0160366,1
1866_BRANCH0_2868,1,0.0104172,1
1866_BRANCH0_2868,0,0.0107412,1
2427_BRANCH0_2630,1,0.0142472,1
2427_BRANCH0_2630,0,0.017831,1
2889,1,0.0114542,1
2889,0,0.00979414,1
1869_BRANCH0_1922,1,0.0154467,1
1869_BRANCH0_1922,0,0.0164419,1
1872_BRANCH0_1919,1,0.0161034,1
1872_BRANCH0_1919,0,0.0172617,1
1872_BRANCH0_1920,1,0.0155448,1
1872_BRANCH0_1920,0,0.0150141,1
1875_BRANCH0_1923,1,0.0116736,1
1875_BRANCH0_1923,0,0.0107792,1
1875,1,0.0105769,1
1875,0,0.0106253,1
1878,1,0.0103731,1
1878,0,0.00997527,1
2202_BRANCH0_2228,1,0.0159017,1
2202_BRANCH0_2228,0,0.0163519,1
1879_BRANCH0_1944,1,0.0221722,1
1879_BRANCH0_1944,0,0.0231336,1
1882,1,0.016271,1
1882,0,0.0151868,1
1883,1,0.0176983,1
1883,0,0.017344,1
1884,1,0.0117857,1
1884,0,0.0106865,1
2614,1,0.0164582,1
2614,0,0.0123579,1
1885,1,0.0147299,1
1885,0,0.0168995,1
1889_BRANCH0_1953,1,0.0158797,1
1889_BRANCH0_1953,0,0.0163968,1
1889,1,0.0160817,1
1889,0,0.0167421,1
1895,1,0.011288,1
1895,0,0.0104928,1
1896,1,0.0106323,1
1896,0,0.0101068,1
1897,1,0.0108781,1
1897,0,0.0105307,1
2019,1,0.0155373,1
2019,0,0.0176957,1
1898_BRANCH0_1937,1,0.022142,1
1898_BRANCH0_1937,0,0.0227506,1
1898_BRANCH0_2020,1,0.0223057,1
1898_BRANCH0_2020,0,0.0230186,1
1902_BRANCH0_1938,1,0.0173121,1
1902_BRANCH0_1938,0,0.0187715,1
2386_BRANCH0_2631,1,0.0162732,1
2386_BRANCH0_2631,0,0.0168277,1
1902,1,0.0115072,1
1902,0,0.0105931,1
1910,1,0.0102673,1
1910,0,0.0099036,1
1911,1,0.0149371,1
1911,0,0.01808,1
1912,1,0.0127772,1
1912,0,0.0107175,1
1913,1,0.0170326,1
1913,0,0.0174729,1
1915,1,0.0146759,1
1915,0,0.0128643,1
1919,1,0.0142151,1
1919,0,0.0171574,1
2603_BRANCH0_2745,1,0.0175545,1
2603_BRANCH0_2745,0,0.0119092,1
1921,1,0.0152952,1
1921,0,0.0162587,1
1922,1,0.0172029,1
1922,0,0.0161186,1
1923,1,0.0111237,1
1923,0,0.0108855,1
1924,1,0.0100644,1
1924,0,0.0107016,1
1927_BRANCH0_1977,1,0.0149441,1
1927_BRANCH0_1977,0,0.0157745,1
1927_BRANCH0_1978,1,0.0162329,1
1927_BRANCH0_1978,0,0.0158853,1
1930_BRANCH0_1975,1,0.0428156,1
1930_BRANCH0_1975,0,0.0164572,1
2761,1,0.0119762,1
2761,0,0.0099152,1
2892,1,0.0123126,1
2892,0,0.013119,1
1930_BRANCH0_1976,1,0.0406942,1
1930_BRANCH0_1976,0,0.0168275,1
1930,1,0.0404748,1
1930,0,0.0156874,1
2745,1,0.0112265,1
2745,0,0.0172588,1
1933_BRANCH0_1985,1,0.0154425,1
1933_BRANCH0_1985,0,0.014666,1
2104_BRANCH0_2537,1,0.0153056,1
2104_BRANCH0_2537,0,0.0177874,1
1936,1,0.0159636,1
1936,0,0.0162591,1
1938,1,0.0164485,1
1938,0,0.0159051,1
1941,1,0.0198492,1
1941,0,0.0186466,1
2286_BRANCH0_2540,1,0.0131084,1
2286_BRANCH0_2540,0,0.0176229,1
1944_BRANCH0_1999,1,0.0216325,1
1944_BRANCH0_1999,0,0.0238473,1
1944_BRANCH0_2000,1,0.0225043,1
1944_BRANCH0_2000,0,0.0238902,1
1944,1,0.0227843,1
1944,0,0.0233582,1
2089,1,0.0189729,1
2089,0,0.0184499,1
2286_BRANCH0_2558,1,0.0160033,1
2286_BRANCH0_2558,0,0.0167751,1
1947_BRANCH0_2003,1,0.0156735,1
1947_BRANCH0_2003,0,0.0164771,1
1947,1,0.0177976,1
1947,0,0.0162208,1
2014,1,0.0111745,1
2014,0,0.0104246,1
2361_BRANCH0_2614,1,0.0162739,1
2361_BRANCH0_2614,0,0.0179401,1
1950,1,0.0186537,1
1950,0,0.015721,1
1953_BRANCH0_2004,1,0.0198386,1
1953_BRANCH0_2004,0,0.0247547,1
1968_BRANCH0_2019,1,0.0149539,1
1968_BRANCH0_2019,0,0.0168357,1
1953,1,0.0180865,1
1953,0,0.0167272,1
2890,1,0.0114959,1
2890,0,0.0105476,1
1958_BRANCH0_2013,1,0.00973205,1
1958_BRANCH0_2013,0,0.0103363,1
2241,1,0.0168853,1
2241,0,0.0144135,1
1958,1,0.0121503,1
1958,0,0.0108029,1
1961_BRANCH0_2016,1,0.0111629,1
1961_BRANCH0_2016,0,0.0115603,1
1961,1,0.00987802,1
1961,0,0.0105076,1
1965_BRANCH0_2018,1,0.0147072,1
1965_BRANCH0_2018,0,0.0168965,1
1968_BRANCH0_2828,1,0.00841845,1
1968_BRANCH0_2828,0,0.0110977,1
1979,1,0.0175814,1
1979,0,0.0164434,1
2606,1,0.0181032,1
2606,0,0.0126556,1
1980_BRANCH0_2030,1,0.0161432,1
1980_BRANCH0_2030,0,0.016735,1
2129_BRANCH0_2576,1,0.0157786,1
2129_BRANCH0_2576,0,0.017621,1
1980_BRANCH0_2033,1,0.0182829,1
1980_BRANCH0_2033,0,0.0167701,1
1987,1,0.0147793,1
1987,0,0.0137161,1
1980,1,0.0179749,1
1980,0,0.0169686,1
1985,1,0.0148739,1
1985,0,0.0136416,1
2756,1,0.0113146,1
2756,0,0.0107392,1
1987_BRANCH0_2021,1,0.0154708,1
1987_BRANCH0_2021,0,0.0166626,1
1999,1,0.0222101,1
1999,0,0.0224042,1
2003,1,0.0170325,1
2003,0,0.0168773,1
2004,1,0.0238975,1
2004,0,0.0169533,1
2008,1,0.0432906,1
2008,0,0.0182937,1
2009,1,0.0202993,1
2009,0,0.0174297,1
2824_BRANCH0_2854,1,0.010659,1
2824_BRANCH0_2854,0,0.0174017,1
2015,1,0.0131504,1
2015,0,0.010877,1
2315_BRANCH0_2564,1,0.0148808,1
2315_BRANCH0_2564,0,0.0170527,1
2811,1,0.0161528,1
2811,0,0.00449229,1
2016,1,0.00985391,1
2016,0,0.0107175,1
2020,1,0.0213857,1
2020,0,0.0226405,1
2021,1,0.0145117,1
2021,0,0.0165048,1
2639_BRANCH0_2725,1,0.014862,1
2639_BRANCH0_2725,0,0.0156808,1
2025,1,0.0208191,1
2025,0,0.0166065,1
2026,1,0.0410341,1
2026,0,0.0158594,1
2027_BRANCH0_2068,1,0.014883,1
2027_BRANCH0_2068,0,0.0149699,1
2027,1,0.0169058,1
2027,0,0.0147072,1
2630,1,0.0175165,1
2630,0,0.0121351,1
2030_BRANCH0_2104,1,0.0139262,1
2030_BRANCH0_2104,0,0.0172209,1
2030_BRANCH0_2129,1,0.0175417,1
2030_BRANCH0_2129,0,0.0172055,1
2033_BRANCH0_2119,1,0.018347,1
2033_BRANCH0_2119,0,0.0165921,1
2036,1,0.0118676,1
2036,0,0.0106946,1
2039,1,0.0152897,1
2039,0,0.0165767,1
2042_BRANCH0_2086,1,0.0150801,1
2042_BRANCH0_2086,0,0.013885,1
2042_BRANCH0_2089,1,0.0168271,1
2042_BRANCH0_2089,0,0.0184954,1
2340_BRANCH0_2634,1,0.898685,1
2340_BRANCH0_2634,0,0.850717,1
2047,1,0.0175254,1
2047,0,0.0401779,1
2052_BRANCH0_2076,1,0.0161449,1
2052_BRANCH0_2076,0,0.0147474,1
2620_BRANCH0_2746,1,0.0140509,1
2620_BRANCH0_2746,0,0.0137246,1
2052_BRANCH0_2866,1,0.0111589,1
2052_BRANCH0_2866,0,0.0121627,1
2055_BRANCH0_2077,1,0.0129822,1
2055_BRANCH0_2077,0,0.015104,1
2055_BRANCH0_2867,1,0.0111033,1
2055_BRANCH0_2867,0,0.0116593,1
2055,1,0.0103602,1
2055,0,0.0103276,1
2061,1,0.0154366,1
2061,0,0.0161425,1
2552_BRANCH0_2746,1,0.0169701,1
2552_BRANCH0_2746,0,0.0122049,1
2062_BRANCH0_2148,1,0.0164349,1
2062_BRANCH0_2148,0,0.0158966,1
2151_BRANCH0_2215,1,0.0174657,1
2151_BRANCH0_2215,0,0.0162307,1
2062_BRANCH0_2151,1,0.0151158,1
2062_BRANCH0_2151,0,0.0173027,1
2815,1,0.0116863,1
2815,0,0.0183474,1
2062,1,0.018479,1
2062,0,0.0160162,1
2068_BRANCH0_2119,1,0.0164936,1
2068_BRANCH0_2119,0,0.0147552,1
2068,1,0.0167597,1
2068,0,0.0152355,1
2576,1,0.0126403,1
2576,0,0.0149005,1
2071_BRANCH0_2129,1,0.0173825,1
2071_BRANCH0_2129,0,0.0173063,1
2286_BRANCH0_2537,1,0.0151885,1
2286_BRANCH0_2537,0,0.0176959,1
2071,1,0.0169871,1
2071,0,0.0149806,1
2076,1,0.0130848,1
2076,0,0.0153702,1
2078,1,0.0219861,1
2078,0,0.0162053,1
2081_BRANCH0_2202,1,0.0164131,1
2081_BRANCH0_2202,0,0.0171959,1
2081_BRANCH0_2205,1,0.0168378,1
2081_BRANCH0_2205,0,0.0162142,1
2086_BRANCH0_2340,1,0.0140884,1
2086_BRANCH0_2340,0,0.0135704,1
2086_BRANCH0_2361,1,0.0163793,1
2086_BRANCH0_2361,0,0.0164722,1
2143_BRANCH0_2603,1,0.0164887,1
2143_BRANCH0_2603,0,0.0164882,1
2086,1,0.0135714,1
2086,0,0.0132825,1
2089_BRANCH0_2353,1,0.0163833,1
2089_BRANCH0_2353,0,0.0199845,1
2089_BRANCH0_2375,1,0.0174358,1
2089_BRANCH0_2375,0,0.0181748,1
2253,1,0.0163015,1
2253,0,0.0211325,1
2104_BRANCH0_2546,1,0.0159457,1
2104_BRANCH0_2546,0,0.018078,1
2104_BRANCH0_2600,1,0.0140042,1
2104_BRANCH0_2600,0,0.0172918,1
2353,1,0.0159588,1
2353,0,0.01689,1
2627,1,0.0166959,1
2627,0,0.0114173,1
2104_BRANCH0_2627,1,0.0154999,1
2104_BRANCH0_2627,0,0.0159426,1
2104_BRANCH0_2628,1,0.0155712,1
2104_BRANCH0_2628,0,0.0170922,1
2104_BRANCH0_2629,1,0.0157015,1
2104_BRANCH0_2629,0,0.016513,1
2104_BRANCH0_2632,1,0.0152945,1
2104_BRANCH0_2632,0,0.0166814,1
2104_BRANCH0_2633,1,0.016448,1
2104_BRANCH0_2633,0,0.0170242,1
2104_BRANCH0_2645,1,0.0136783,1
2104_BRANCH0_2645,0,0.0164487,1
2567_BRANCH0_2675,1,0.0119854,1
2567_BRANCH0_2675,0,0.269193,1
2104_BRANCH0_2661,1,0.0144041,1
2104_BRANCH0_2661,0,0.0167752,1
2731,1,0.301719,1
2731,0,0.0116291,1
2104,1,0.0142272,1
2104,0,0.015672,1
2119_BRANCH0_2543,1,0.0170104,1
2119_BRANCH0_2543,0,0.0153248,1
2119_BRANCH0_2564,1,0.014931,1
2119_BRANCH0_2564,0,0.0160492,1
2846,1,0.0124059,1
2846,0,0.0123222,1
2119_BRANCH0_2642,1,0.0165583,1
2119_BRANCH0_2642,0,0.0166937,1
2129_BRANCH0_2540,1,0.0154833,1
2129_BRANCH0_2540,0,0.0181858,1
2129_BRANCH0_2555,1,0.0158404,1
2129_BRANCH0_2555,0,0.017584,1
2129_BRANCH0_2594,1,0.0146145,1
2129_BRANCH0_2594,0,0.0164822,1
2129_BRANCH0_2611,1,0.0187977,1
2129_BRANCH0_2611,0,0.0174341,1
2129_BRANCH0_2630,1,0.0163833,1
2129_BRANCH0_2630,0,0.0169321,1
2129_BRANCH0_2639,1,0.0149423,1
2129_BRANCH0_2639,0,0.0168105,1
2129_BRANCH0_2655,1,0.0149682,1
2129_BRANCH0_2655,0,0.0187486,1
2129,1,0.0156204,1
2129,0,0.01732,1
2143_BRANCH0_2552,1,0.0159491,1
2143_BRANCH0_2552,0,0.0164886,1
2148_BRANCH0_2216,1,0.0166666,1
2148_BRANCH0_2216,0,0.0169858,1
2874,1,0.0357809,1
2874,0,0.0123217,1
2151_BRANCH0_2214,1,0.0141618,1
2151_BRANCH0_2214,0,0.0158332,1
2151,1,0.0169013,1
2151,0,0.0172272,1
2196_BRANCH0_2225,1,0.0159498,1
2196_BRANCH0_2225,0,0.0144545,1
2196,1,0.0155551,1
2196,0,0.0165389,1
2199_BRANCH0_2223,1,0.0245953,1
2199_BRANCH0_2223,0,0.0178712,1
2199,1,0.0238602,1
2199,0,0.0155656,1
2202,1,0.0165989,1
2202,0,0.0154062,1
2205_BRANCH0_2226,1,0.0167488,1
2205_BRANCH0_2226,0,0.0175347,1
2214,1,0.0174231,1
2214,0,0.0161588,1
2217,1,0.0163434,1
2217,0,0.0160189,1
2386_BRANCH0_2664,1,0.0154743,1
2386_BRANCH0_2664,0,0.0181498,1
2223,1,0.016243,1
2223,0,0.024695,1
2224,1,0.0152427,1
2224,0,0.0163121,1
2386_BRANCH0_2661,1,0.0124666,1
2386_BRANCH0_2661,0,0.0154582,1
2225,1,0.0145651,1
2225,0,0.0156735,1
2576_BRANCH0_2691,1,0.0118514,1
2576_BRANCH0_2691,0,0.0157705,1
2226,1,0.0165409,1
2226,0,0.0162246,1
2230,1,0.0203844,1
2230,0,0.0183645,1
2231,1,0.019869,1
2231,0,0.0178745,1
2233,1,0.0171515,1
2233,0,0.01529,1
2234,1,0.0201218,1
2234,0,0.0168697,1
2237_BRANCH0_2260,1,0.0164517,1
2237_BRANCH0_2260,0,0.016719,1
2237,1,0.0158522,1
2237,0,0.0159,1
2240,1,0.0214876,1
2240,0,0.0162474,1
2241_BRANCH0_2263,1,0.0149494,1
2241_BRANCH0_2263,0,0.0174485,1
2241_BRANCH0_2266,1,0.0148349,1
2241_BRANCH0_2266,0,0.0161851,1
2245_BRANCH0_2269,1,0.0158788,1
2245_BRANCH0_2269,0,0.0162185,1
2245,1,0.0170632,1
2245,0,0.0172038,1
2257_BRANCH0_2353,1,0.0177898,1
2257_BRANCH0_2353,0,0.0155249,1
2260,1,0.0169577,1
2260,0,0.0166638,1
2263_BRANCH0_2385,1,0.0155868,1
2263_BRANCH0_2385,0,0.0155132,1
2789_BRANCH0_2829,1,0.0148079,1
2789_BRANCH0_2829,0,0.0177792,1
2263_BRANCH0_2386,1,0.0159063,1
2263_BRANCH0_2386,0,0.0142577,1
2263,1,0.0156178,1
2263,0,0.014938,1
2266_BRANCH0_2286,1,0.0172768,1
2266_BRANCH0_2286,0,0.0177675,1
2266_BRANCH0_2297,1,0.0155707,1
2266_BRANCH0_2297,0,0.0177338,1
2266,1,0.014022,1
2266,0,0.0150339,1
2776,1,0.0143501,1
2776,0,0.0164209,1
2886,1,0.0116669,1
2886,0,0.0102237,1
2269_BRANCH0_2427,1,0.0143376,1
2269_BRANCH0_2427,0,0.016068,1
2269,1,0.0169871,1
2269,0,0.0181641,1
2272_BRANCH0_2315,1,0.0158471,1
2272_BRANCH0_2315,0,0.0147244,1
2272_BRANCH0_2326,1,0.012139,1
2272_BRANCH0_2326,0,0.0150548,1
2279_BRANCH0_2384,1,0.0167077,1
2279_BRANCH0_2384,0,0.0133847,1
2286_BRANCH0_2543,1,0.0154504,1
2286_BRANCH0_2543,0,0.0158809,1
2286_BRANCH0_2546,1,0.0141776,1
2286_BRANCH0_2546,0,0.0163763,1
2286_BRANCH0_2561,1,0.0150131,1
2286_BRANCH0_2561,0,0.0167271,1
2768,1,0.0138776,1
2768,0,0.0106305,1
2297_BRANCH0_2549,1,0.014122,1
2297_BRANCH0_2549,0,0.0171215,1
2537,1,0.0180581,1
2537,0,0.0125779,1
2297_BRANCH0_2552,1,0.0145417,1
2297_BRANCH0_2552,0,0.0159967,1
2857,1,0.022857,1
2857,0,0.0121668,1
2297_BRANCH0_2573,1,0.0138211,1
2297_BRANCH0_2573,0,0.0172431,1
2297_BRANCH0_2603,1,0.0167486,1
2297_BRANCH0_2603,0,0.0151012,1
2315_BRANCH0_2567,1,0.0121312,1
2315_BRANCH0_2567,0,0.0180491,1
2297_BRANCH0_2606,1,0.0167704,1
2297_BRANCH0_2606,0,0.0166634,1
2297_BRANCH0_2627,1,0.017113,1
2297_BRANCH0_2627,0,0.016124,1
2297_BRANCH0_2648,1,0.0167356,1
2297_BRANCH0_2648,0,0.0155206,1
2315_BRANCH0_2537,1,0.0159383,1
2315_BRANCH0_2537,0,0.0168503,1
2315_BRANCH0_2540,1,0.0156832,1
2315_BRANCH0_2540,0,0.0153676,1
2315_BRANCH0_2543,1,0.0159149,1
2315_BRANCH0_2543,0,0.0152249,1
2315_BRANCH0_2558,1,0.0127985,1
2315_BRANCH0_2558,0,0.0147008,1
2549_BRANCH0_2750,1,0.0178,1
2549_BRANCH0_2750,0,0.0135641,1
2315_BRANCH0_2561,1,0.012924,1
2315_BRANCH0_2561,0,0.0171025,1
2315_BRANCH0_2570,1,0.0172165,1
2315_BRANCH0_2570,0,0.0183055,1
2326_BRANCH0_2573,1,0.0163445,1
2326_BRANCH0_2573,0,0.0168421,1
2326_BRANCH0_2576,1,0.0150305,1
2326_BRANCH0_2576,0,0.0184346,1
2326_BRANCH0_2614,1,0.0144023,1
2326_BRANCH0_2614,0,0.0157796,1
2552,1,0.0172811,1
2552,0,0.013038,1
2326_BRANCH0_2617,1,0.0149127,1
2326_BRANCH0_2617,0,0.0184275,1
2326_BRANCH0_2628,1,0.0132566,1
2326_BRANCH0_2628,0,0.0187763,1
2326_BRANCH0_2655,1,0.0112896,1
2326_BRANCH0_2655,0,0.0159316,1
2689,1,0.0177201,1
2689,0,0.0117818,1
2326_BRANCH0_2658,1,0.0121375,1
2326_BRANCH0_2658,0,0.0182784,1
2326_BRANCH0_2664,1,0.0122631,1
2326_BRANCH0_2664,0,0.0157907,1
2340_BRANCH0_2540,1,0.0169463,1
2340_BRANCH0_2540,0,0.0196521,1
2340_BRANCH0_2543,1,0.016997,1
2340_BRANCH0_2543,0,0.0174799,1
2669,1,0.0173354,1
2669,0,0.0116521,1
2340_BRANCH0_2561,1,0.0166516,1
2340_BRANCH0_2561,0,0.018718,1
2340_BRANCH0_2627,1,0.0168551,1
2340_BRANCH0_2627,0,0.0186325,1
2340_BRANCH0_2630,1,0.0159556,1
2340_BRANCH0_2630,0,0.0179061,1
2340_BRANCH0_2631,1,0.0173365,1
2340_BRANCH0_2631,0,0.0182849,1
2340,1,0.0136829,1
2340,0,0.0131353,1
2353_BRANCH0_2546,1,0.0179349,1
2353_BRANCH0_2546,0,0.0196466,1
2353_BRANCH0_2567,1,0.0156847,1
2353_BRANCH0_2567,0,0.01859,1
2353_BRANCH0_2606,1,0.015776,1
2353_BRANCH0_2606,0,0.0178452,1
2353_BRANCH0_2620,1,0.0172938,1
2353_BRANCH0_2620,0,0.0180539,1
2361_BRANCH0_2611,1,0.0154249,1
2361_BRANCH0_2611,0,0.01781,1
2361_BRANCH0_2642,1,0.0184253,1
2361_BRANCH0_2642,0,0.0168127,1
2353_BRANCH0_2632,1,0.0160405,1
2353_BRANCH0_2632,0,0.0187465,1
2353_BRANCH0_2651,1,0.0178684,1
2353_BRANCH0_2651,0,0.018765,1
2361_BRANCH0_2558,1,0.0172743,1
2361_BRANCH0_2558,0,0.0181481,1
2361_BRANCH0_2594,1,0.0173822,1
2361_BRANCH0_2594,0,0.0176643,1
2361_BRANCH0_2639,1,0.0178289,1
2361_BRANCH0_2639,0,0.016899,1
2361_BRANCH0_2655,1,0.0176944,1
2361_BRANCH0_2655,0,0.0176807,1
2361,1,0.01711,1
2361,0,0.0178849,1
2375_BRANCH0_2549,1,0.0178528,1
2375_BRANCH0_2549,0,0.0191574,1
2375_BRANCH0_2555,1,0.0167025,1
2375_BRANCH0_2555,0,0.0189907,1
2375_BRANCH0_2570,1,0.0174725,1
2375_BRANCH0_2570,0,0.0189188,1
2375_BRANCH0_2576,1,0.0171433,1
2375_BRANCH0_2576,0,0.0191837,1
2375_BRANCH0_2600,1,0.0171828,1
2375_BRANCH0_2600,0,0.0190621,1
2375_BRANCH0_2617,1,0.0170946,1
2375_BRANCH0_2617,0,0.0193916,1
2375_BRANCH0_2645,1,0.0184819,1
2375_BRANCH0_2645,0,0.0170237,1
2375_BRANCH0_2661,1,0.0173154,1
2375_BRANCH0_2661,0,0.0184093,1
2384,1,0.00610402,1
2384,0,0.0134098,1
2386_BRANCH0_2611,1,0.0166508,1
2386_BRANCH0_2611,0,0.0176312,1
2386_BRANCH0_2617,1,0.0159477,1
2386_BRANCH0_2617,0,0.0177636,1
2386_BRANCH0_2620,1,0.0134276,1
2386_BRANCH0_2620,0,0.0168511,1
2386_BRANCH0_2629,1,0.0134315,1
2386_BRANCH0_2629,0,0.018024,1
2871,1,0.0117526,1
2871,0,0.011003,1
2386_BRANCH0_2630,1,0.0141368,1
2386_BRANCH0_2630,0,0.0177109,1
2386_BRANCH0_2633,1,0.0155432,1
2386_BRANCH0_2633,0,0.0173689,1
2782,1,0.012961,1
2782,0,0.0108579,1
2386_BRANCH0_2658,1,0.0101433,1
2386_BRANCH0_2658,0,0.0176026,1
2386,1,0.0149677,1
2386,0,0.0172795,1
2861,1,0.0175775,1
2861,0,0.01336,1
2426,1,0.0148148,1
2426,0,0.0167341,1
2427_BRANCH0_2594,1,0.0137148,1
2427_BRANCH0_2594,0,0.0167537,1
2427_BRANCH0_2600,1,0.0162724,1
2427_BRANCH0_2600,0,0.0176438,1
2611_BRANCH0_2746,1,0.0155529,1
2611_BRANCH0_2746,0,0.0167172,1
2427_BRANCH0_2627,1,0.0153112,1
2427_BRANCH0_2627,0,0.0184072,1
2427_BRANCH0_2632,1,0.017027,1
2427_BRANCH0_2632,0,0.0175506,1
2427_BRANCH0_2634,1,0.013556,1
2427_BRANCH0_2634,0,0.0157406,1
2427_BRANCH0_2642,1,0.0141946,1
2427_BRANCH0_2642,0,0.0183558,1
2427_BRANCH0_2645,1,0.0176253,1
2427_BRANCH0_2645,0,0.0166443,1
2427_BRANCH0_2648,1,0.0126325,1
2427_BRANCH0_2648,0,0.0167336,1
2427_BRANCH0_2651,1,0.0158418,1
2427_BRANCH0_2651,0,0.018448,1
2427,1,0.0158802,1
2427,0,0.0167742,1
2537_BRANCH0_2745,1,0.0175336,1
2537_BRANCH0_2745,0,0.0127973,1
2537_BRANCH0_2747,1,0.0171826,1
2537_BRANCH0_2747,0,0.0135838,1
2540_BRANCH0_2747,1,0.0161276,1
2540_BRANCH0_2747,0,0.01419,1
2543_BRANCH0_2745,1,0.0172832,1
2543_BRANCH0_2745,0,0.0121055,1
2543,1,0.0163591,1
2543,0,0.0142398,1
2546_BRANCH0_2745,1,0.0180576,1
2546_BRANCH0_2745,0,0.0133459,1
2546_BRANCH0_2747,1,0.0162896,1
2546_BRANCH0_2747,0,0.0132304,1
2546,1,0.0145448,1
2546,0,0.0131087,1
2549_BRANCH0_2746,1,0.0176157,1
2549_BRANCH0_2746,0,0.0135776,1
2552_BRANCH0_2750,1,0.0169298,1
2552_BRANCH0_2750,0,0.0119206,1
2555_BRANCH0_2746,1,0.015829,1
2555_BRANCH0_2746,0,0.017182,1
2558_BRANCH0_2669,1,0.0122863,1
2558_BRANCH0_2669,0,0.0169318,1
2558_BRANCH0_2670,1,0.0123536,1
2558_BRANCH0_2670,0,0.0158767,1
2561_BRANCH0_2672,1,0.012159,1
2561_BRANCH0_2672,0,0.0176402,1
2564_BRANCH0_2673,1,0.0121334,1
2564_BRANCH0_2673,0,0.0162725,1
2564,1,0.0120489,1
2564,0,0.0167628,1
2818_BRANCH0_2859,1,0.012323,1
2818_BRANCH0_2859,0,0.0182082,1
2567_BRANCH0_2676,1,0.0124726,1
2567_BRANCH0_2676,0,0.0134383,1
2567,1,0.0126773,1
2567,0,0.0149997,1
2570_BRANCH0_2682,1,0.0120937,1
2570_BRANCH0_2682,0,0.0145492,1
2570_BRANCH0_2683,1,0.0127036,1
2570_BRANCH0_2683,0,0.0160761,1
2570,1,0.0125716,1
2570,0,0.016214,1
2573_BRANCH0_2688,1,0.0122349,1
2573_BRANCH0_2688,0,0.0179736,1
2576_BRANCH0_2690,1,0.0135573,1
2576_BRANCH0_2690,0,0.0150832,1
2594_BRANCH0_2745,1,0.0172101,1
2594_BRANCH0_2745,0,0.0133003,1
2594_BRANCH0_2747,1,0.0168042,1
2594_BRANCH0_2747,0,0.0122274,1
2594,1,0.0168869,1
2594,0,0.013255,1
2597,1,0.013724,1
2597,0,0.0139726,1
2603_BRANCH0_2747,1,0.0154743,1
2603_BRANCH0_2747,0,0.0127373,1
2603,1,0.0144045,1
2603,0,0.0136986,1
2611,1,0.0188112,1
2611,0,0.0123147,1
2723,1,0.0136292,1
2723,0,0.0110931,1
2614_BRANCH0_2746,1,0.0148335,1
2614_BRANCH0_2746,0,0.0118922,1
2628,1,0.0171556,1
2628,0,0.0116347,1
2629,1,0.0156122,1
2629,0,0.0134656,1
2655_BRANCH0_2736,1,0.0127655,1
2655_BRANCH0_2736,0,0.0168677,1
2633,1,0.0176278,1
2633,0,0.0126383,1
2639_BRANCH0_2724,1,0.0116807,1
2639_BRANCH0_2724,0,0.653609,1
2639,1,0.0113943,1
2639,0,0.0167672,1
2642_BRANCH0_2726,1,0.0147971,1
2642_BRANCH0_2726,0,0.0168482,1
2645_BRANCH0_2728,1,0.0126208,1
2645_BRANCH0_2728,0,2.393,1
2645_BRANCH0_2729,1,0.0119592,1
2645_BRANCH0_2729,0,0.0149843,1
2648_BRANCH0_2731,1,0.0116039,1
2648_BRANCH0_2731,0,0.315279,1
2648,1,0.0120409,1
2648,0,0.0167073,1
2651_BRANCH0_2733,1,0.0132762,1
2651_BRANCH0_2733,0,0.0171635,1
2655_BRANCH0_2735,1,0.0133094,1
2655_BRANCH0_2735,0,0.0197919,1
2655,1,0.0128046,1
2655,0,0.0172776,1
2658_BRANCH0_2737,1,0.011887,1
2658_BRANCH0_2737,0,0.023238,1
2661_BRANCH0_2739,1,0.0120205,1
2661_BRANCH0_2739,0,0.0136518,1
2661_BRANCH0_2740,1,0.0129697,1
2661_BRANCH0_2740,0,0.0182836,1
2661,1,0.0121783,1
2661,0,0.0174636,1
2664_BRANCH0_2741,1,0.0141926,1
2664_BRANCH0_2741,0,0.0648093,1
2670,1,0.015352,1
2670,0,0.011696,1
2671,1,0.0154549,1
2671,0,0.0131057,1
2672,1,0.0161591,1
2672,0,0.0127574,1
2674,1,18.7143,1
2674,0,0.0117486,1
2675,1,0.0152169,1
2675,0,0.0162893,1
2682,1,0.0163379,1
2682,0,0.0117213,1
2688,1,0.0161152,1
2688,0,0.0165497,1
2710,1,0.0143624,1
2710,0,0.0148448,1
2721,1,0.0127032,1
2721,0,0.0116135,1
2724,1,0.0178898,1
2724,0,0.015512,1
2727,1,0.0164426,1
2727,0,0.0117919,1
2728,1,0.0163184,1
2728,0,0.0136812,1
2729,1,0.0172183,1
2729,0,0.0132356,1
2730,1,0.0167253,1
2730,0,0.0121799,1
2733,1,0.0171143,1
2733,0,0.0121915,1
2734,1,0.013832,1
2734,0,0.0116709,1
2735,1,0.0153591,1
2735,0,0.0165985,1
2738,1,0.0132446,1
2738,0,0.0118545,1
2739,1,0.0168224,1
2739,0,0.0119701,1
2741,1,0.0170296,1
2741,0,0.0132589,1
2743,1,0.0111431,1
2743,0,0.00987681,1
2744,1,0.0132629,1
2744,0,0.0110558,1
2747_BRANCH0_2788,1,0.0174532,1
2747_BRANCH0_2788,0,0.0154158,1
2747_BRANCH0_2789,1,0.0177786,1
2747_BRANCH0_2789,0,0.0125913,1
2747,1,0.0151443,1
2747,0,0.0147719,1
2750_BRANCH0_2789,1,0.0228352,1
2750_BRANCH0_2789,0,0.012297,1
2753,1,0.0103445,1
2753,0,0.0108514,1
2754,1,0.00902179,1
2754,0,0.0102886,1
2755,1,0.0130805,1
2755,0,0.0110284,1
2758,1,0.0114983,1
2758,0,0.00988235,1
2760,1,0.0128844,1
2760,0,0.0110191,1
2762,1,0.0113824,1
2762,0,0.0111023,1
2763,1,0.0127318,1
2763,0,0.0111443,1
2766,1,0.00987977,1
2766,0,0.0108589,1
2818_BRANCH0_2852,1,0.0108381,1
2818_BRANCH0_2852,0,0.0206133,1
2773_BRANCH0_2807,1,0.0125561,1
2773_BRANCH0_2807,0,0.934719,1
2773_BRANCH0_2808,1,0.0120871,1
2773_BRANCH0_2808,0,0.0170077,1
2773,1,0.0118664,1
2773,0,0.0183193,1
2776_BRANCH0_2810,1,0.0137913,1
2776_BRANCH0_2810,0,0.0175022,1
2779,1,0.0131062,1
2779,0,0.0104363,1
2784,1,0.0115591,1
2784,0,0.0111499,1
2786,1,0.010139,1
2786,0,0.00960771,1
2788,1,0.0151861,1
2788,0,0.0111942,1
2789_BRANCH0_2818,1,0.01265,1
2789_BRANCH0_2818,0,0.0216654,1
2789_BRANCH0_2821,1,0.0140586,1
2789_BRANCH0_2821,0,0.0231614,1
2789_BRANCH0_2824,1,0.0140769,1
2789_BRANCH0_2824,0,0.0375671,1
2789,1,0.0130474,1
2789,0,0.0138285,1
2809,1,0.0163796,1
2809,0,0.011912,1
2810,1,0.0344558,1
2810,0,0.0133859,1
2812_BRANCH0_2850,1,0.0114066,1
2812_BRANCH0_2850,0,0.0199336,1
2812,1,0.0150652,1
2812,0,0.0182655,1
2815_BRANCH0_2851,1,0.0136035,1
2815_BRANCH0_2851,0,0.0190739,1
2815_BRANCH0_2858,1,0.0131151,1
2815_BRANCH0_2858,0,0.0191655,1
2818,1,0.0127288,1
2818,0,0.0184854,1
2821_BRANCH0_2853,1,0.0125287,1
2821_BRANCH0_2853,0,0.0191405,1
2821,1,0.0130168,1
2821,0,0.0191755,1
2827,1,0.0125202,1
2827,0,0.0112642,1
2829_BRANCH0_2862,1,0.0111297,1
2829_BRANCH0_2862,0,0.0201581,1
2829_BRANCH0_2863,1,0.0139987,1
2829_BRANCH0_2863,0,0.017901,1
2829,1,0.0128737,1
2829,0,0.020052,1
2843_BRANCH0_2872,1,0.0144579,1
2843_BRANCH0_2872,0,0.0118745,1
2846_BRANCH0_2873,1,0.0114659,1
2846_BRANCH0_2873,0,0.0107819,1
2850,1,0.0177637,1
2850,0,0.0122951,1
2852,1,0.0203191,1
2852,0,0.0126271,1
2870,1,0.00997907,1
2870,0,0.0102321,1
2873,1,0.0110254,1
2873,0,0.0122779,1
2877,1,0.0115989,1
2877,0,0.0108235,1
2879,1,0.0106852,1
2879,0,0.0107792,1
2883,1,0.00968494,1
2883,0,0.0107743,1
2895,1,0.0107907,1
2895,0,0.0105131,1
2896,1,0.0098589,1
2896,0,0.0113607,1
2899,1,0.0112235,1
2899,0,0.00986264,1
