0.00359026
16_BRANCH0_22,1,0.000185378,1
16_BRANCH0_22,0,9.1755e-05,1
11,1,0.000108346,1
11,0,0.000100803,1
11_BRANCH0_19,1,8.4685e-05,1
11_BRANCH0_19,0,0.000118621,1
11_BRANCH0_16,1,8.7005e-05,1
11_BRANCH0_16,0,6.4004e-05,1
7,1,0.000106267,1
7,0,0.000109431,1
6,1,0.000107371,1
6,0,0.00010385,1
19,1,9.9465e-05,1
19,0,0.000111436,1
3_BRANCH0_11,1,0.000103689,1
3_BRANCH0_11,0,0.000103795,1
16_BRANCH0_23,1,0.000110119,1
16_BRANCH0_23,0,8.795e-05,1
10,1,0.000110002,1
10,0,8.4438e-05,1
3_BRANCH0_10,1,8.6902e-05,1
3_BRANCH0_10,0,0.000107637,1
2,1,0.000129567,1
2,0,0.000133682,1
3,1,0.000106402,1
3,0,0.000104154,1
16,1,0.000130603,1
16,0,8.7157e-05,1
1,1,0.000111819,1
1,0,0.000109302,1
22,1,0.000111537,1
22,0,0.000111324,1
23,1,9.507e-05,1
23,0,8.6695e-05,1
