0.00362507
16_BRANCH0_22,1,0.000206632,1
16_BRANCH0_22,0,9.4668e-05,1
11,1,0.00011209,1
11,0,0.000105665,1
11_BRANCH0_19,1,8.8519e-05,1
11_BRANCH0_19,0,0.000107579,1
11_BRANCH0_16,1,8.4768e-05,1
11_BRANCH0_16,0,6.0141e-05,1
7,1,0.000105291,1
7,0,9.9901e-05,1
6,1,0.000101529,1
6,0,0.000102443,1
19,1,9.8073e-05,1
19,0,0.000108752,1
3_BRANCH0_11,1,0.000100952,1
3_BRANCH0_11,0,0.000101779,1
16_BRANCH0_23,1,0.000109905,1
16_BRANCH0_23,0,8.5079e-05,1
10,1,0.000107581,1
10,0,8.1198e-05,1
3_BRANCH0_10,1,8.9754e-05,1
3_BRANCH0_10,0,0.000100903,1
2,1,0.000131803,1
2,0,0.000146928,1
3,1,0.000110638,1
3,0,0.000107926,1
16,1,0.000136102,1
16,0,9.2171e-05,1
1,1,0.000113754,1
1,0,0.000113888,1
22,1,0.000114416,1
22,0,0.000113238,1
23,1,9.8909e-05,1
23,0,9.2099e-05,1
