874.668
254,1,0.0101176,1
254,0,0.0121822,1
415,1,0.00260276,1
415,0,0.00814143,1
250,1,0.00760957,1
250,0,0.00597722,1
341,1,0.00771667,1
341,0,0.00709097,1
247,1,0.00681307,1
247,0,0.00675788,1
236_BRANCH0_273,1,0.0063235,1
236_BRANCH0_273,0,0.0084355,1
247_BRANCH0_282,1,0.006339,1
247_BRANCH0_282,0,0.0081464,1
246,1,0.00616508,1
246,0,0.00506951,1
157,1,0.00736755,1
157,0,0.00525195,1
30_BRANCH0_386,1,0.322733,1
30_BRANCH0_386,0,0.317717,1
243_BRANCH0_293,1,0.00750529,1
243_BRANCH0_293,0,0.00796715,1
273_BRANCH0_296,1,0.00624068,1
273_BRANCH0_296,0,0.00530137,1
243_BRANCH0_279,1,0.00623851,1
243_BRANCH0_279,0,0.00783047,1
239,1,0.00678217,1
239,0,0.00669536,1
239_BRANCH0_276,1,0.00639366,1
239_BRANCH0_276,0,0.00838028,1
236,1,0.00682507,1
236,0,0.00672022,1
411_BRANCH0_416,1,0.00893123,1
411_BRANCH0_416,0,0.0111687,1
233_BRANCH0_270,1,0.00644451,1
233_BRANCH0_270,0,0.00839832,1
230,1,0.00704849,1
230,0,0.00676625,1
199_BRANCH0_223,1,0.00107316,1
199_BRANCH0_223,0,0.00785608,1
230_BRANCH0_289,1,0.00866283,1
230_BRANCH0_289,0,0.00814374,1
230_BRANCH0_267,1,0.00644949,1
230_BRANCH0_267,0,0.00841581,1
27,1,0.0250673,1
27,0,0.025435,1
224,1,0.00691318,1
224,0,0.00583113,1
134,1,0.00663819,1
134,0,0.00657027,1
223,1,0.00830694,1
223,0,0.0011269,1
130,1,0.00638342,1
130,0,0.0066089,1
213_BRANCH0_259,1,0.009923,1
213_BRANCH0_259,0,47.5655,0
213_BRANCH0_254,1,0.0391477,1
213_BRANCH0_254,0,0.00765257,1
213_BRANCH0_242,1,0.0127028,1
213_BRANCH0_242,0,0.00769281,1
203,1,0.00967247,1
203,0,0.00731718,1
203_BRANCH0_251,1,0.0100391,1
203_BRANCH0_251,0,0.00631715,1
191,1,0.00830538,1
191,0,0.0104026,1
203_BRANCH0_243,1,0.0131441,1
203_BRANCH0_243,0,0.00677696,1
171_BRANCH0_239,1,0.00609758,1
171_BRANCH0_239,0,0.0069471,1
416,1,0.00269618,1
416,0,0.0108055,1
251_BRANCH0_295,1,0.00777702,1
251_BRANCH0_295,0,0.0080053,1
203_BRANCH0_236,1,0.023867,1
203_BRANCH0_236,0,0.00685373,1
203_BRANCH0_230,1,0.0698231,1
203_BRANCH0_230,0,0.00692942,1
203_BRANCH0_227,1,0.0105707,1
203_BRANCH0_227,0,0.006858,1
257,1,0.00759431,1
257,0,0.0180914,1
138,1,0.0066327,1
138,0,0.00667392,1
34_BRANCH0_185,1,0.0103552,1
34_BRANCH0_185,0,0.0105173,1
66_BRANCH0_375,1,0.0105966,1
66_BRANCH0_375,0,0.0102157,1
203_BRANCH0_224,1,0.0104271,1
203_BRANCH0_224,0,0.00603388,1
40_BRANCH0_373,1,0.017411,1
40_BRANCH0_373,0,0.0101595,1
199,1,0.00106402,1
199,0,0.00805912,1
69_BRANCH0_139,1,0.0107444,1
69_BRANCH0_139,0,0.0108128,1
86_BRANCH0_345,1,0.011441,1
86_BRANCH0_345,0,0.0105024,1
296_BRANCH0_329,1,0.00692538,1
296_BRANCH0_329,0,0.00533809,1
197,1,0.00841252,1
197,0,0.0104881,1
196,1,0.00739335,1
196,0,0.0110373,1
123_BRANCH0_184,1,0.010533,1
123_BRANCH0_184,0,0.0110172,1
195,1,0.00793357,1
195,0,0.0105017,1
192,1,0.00748198,1
192,0,0.0107385,1
189,1,0.00813939,1
189,0,0.0103727,1
308,1,0.00729417,1
308,0,0.0076682,1
203_BRANCH0_233,1,0.039617,1
203_BRANCH0_233,0,0.0069309,1
386_BRANCH0_416,1,0.00929594,1
386_BRANCH0_416,0,0.010906,1
386_BRANCH0_425,1,0.00890789,1
386_BRANCH0_425,0,0.0069135,1
187,1,0.00783852,1
187,0,0.0104908,1
158,1,0.00787949,1
158,0,0.0109643,1
251_BRANCH0_285,1,0.0064873,1
251_BRANCH0_285,0,0.0084461,1
184,1,0.00748779,1
184,0,0.0107544,1
285_BRANCH0_296,1,0.00642496,1
285_BRANCH0_296,0,0.00542375,1
183,1,0.00779755,1
183,0,0.0106555,1
73,1,0.016098,1
73,0,0.0161053,1
180_BRANCH0_251,1,0.00610921,1
180_BRANCH0_251,0,0.00684649,1
263,1,0.0108852,1
263,0,0.00767188,1
180_BRANCH0_199,1,0.0083211,1
180_BRANCH0_199,0,0.0082047,1
177,1,0.00679969,1
177,0,0.00700315,1
139,1,0.0109818,1
139,0,0.0108571,1
309_BRANCH0_337,1,0.0427169,1
309_BRANCH0_337,0,0.00701341,1
227_BRANCH0_264,1,0.0063949,1
227_BRANCH0_264,0,0.00849816,1
168_BRANCH0_199,1,0.0083299,1
168_BRANCH0_199,0,0.00811543,1
174,1,0.00660686,1
174,0,0.00697691,1
34_BRANCH0_338,1,0.0651056,1
34_BRANCH0_338,0,0.010588,1
174_BRANCH0_199,1,0.00833035,1
174_BRANCH0_199,0,0.00805827,1
171,1,0.00654952,1
171,0,0.00685154,1
95_BRANCH0_411,1,0.0164731,1
95_BRANCH0_411,0,0.0164152,1
174_BRANCH0_243,1,0.00623375,1
174_BRANCH0_243,0,0.00696224,1
224_BRANCH0_263,1,0.00863814,1
224_BRANCH0_263,0,0.00921191,1
180,1,0.00651148,1
180,0,0.00709384,1
168,1,0.00665451,1
168,0,0.00705026,1
165,1,0.0066226,1
165,0,0.00704187,1
162,1,0.00649725,1
162,0,0.00707172,1
159_BRANCH0_227,1,0.00605989,1
159_BRANCH0_227,0,0.00702134,1
21_BRANCH0_183,1,0.0105818,1
21_BRANCH0_183,0,0.0105821,1
213_BRANCH0_256,1,0.0166649,1
213_BRANCH0_256,0,0.00775501,1
4,1,0.00744843,1
4,0,0.00728979,1
154,1,0.00678243,1
154,0,0.00702071,1
159_BRANCH0_199,1,0.00832398,1
159_BRANCH0_199,0,0.00821746,1
194,1,0.00746065,1
194,0,0.0110469,1
154_BRANCH0_199,1,0.00839807,1
154_BRANCH0_199,0,0.00809504,1
151,1,0.0116018,1
151,0,0.0109768,1
47_BRANCH0_340,1,0.0383006,1
47_BRANCH0_340,0,0.0105367,1
122,1,0.0066944,1
122,0,0.0065072,1
151_BRANCH0_198,1,0.0108734,1
151_BRANCH0_198,0,0.0110929,1
1_BRANCH0_242,1,0.00831882,1
1_BRANCH0_242,0,0.00741792,1
47_BRANCH0_187,1,0.0105161,1
47_BRANCH0_187,0,0.0104657,1
150,1,0.00671566,1
150,0,0.00665674,1
147,1,0.0110937,1
147,0,0.01097,1
147_BRANCH0_195,1,0.0106639,1
147_BRANCH0_195,0,0.0122236,1
233_BRANCH0_290,1,0.00788215,1
233_BRANCH0_290,0,0.00817951,1
146,1,0.00669966,1
146,0,0.0066454,1
360,1,0.00756301,1
360,0,0.00771715,1
171_BRANCH0_199,1,0.00837881,1
171_BRANCH0_199,0,0.00814214,1
143_BRANCH0_194,1,0.0108353,1
143_BRANCH0_194,0,0.0110078,1
255,1,0.00766619,1
255,0,0.109654,1
139_BRANCH0_191,1,0.0105728,1
139_BRANCH0_191,0,0.0122632,1
213_BRANCH0_255,1,0.0240971,1
213_BRANCH0_255,0,0.00776133,1
79_BRANCH0_192,1,0.0107181,1
79_BRANCH0_192,0,0.010692,1
199_BRANCH0_213,1,0.00769406,1
199_BRANCH0_213,0,0.0101969,1
340,1,0.00723695,1
340,0,0.0178421,1
348,1,0.0103612,1
348,0,0.00758882,1
135,1,0.0116602,1
135,0,0.0108884,1
213_BRANCH0_250,1,0.0699382,1
213_BRANCH0_250,0,0.00782995,1
151_BRANCH0_197,1,0.0106116,1
151_BRANCH0_197,0,0.0120399,1
360_BRANCH0_373,1,0.00770845,1
360_BRANCH0_373,0,0.00776894,1
135_BRANCH0_190,1,0.0108316,1
135_BRANCH0_190,0,0.0110501,1
309_BRANCH0_332,1,0.00607303,1
309_BRANCH0_332,0,0.00716275,1
350,1,0.00758299,1
350,0,0.00754266,1
135_BRANCH0_189,1,0.010662,1
135_BRANCH0_189,0,0.0123381,1
131,1,0.0118102,1
131,0,0.011007,1
127,1,0.011748,1
127,0,0.0108899,1
335,1,0.0077041,1
335,0,0.00764763,1
227,1,0.00696129,1
227,0,0.00684712,1
213_BRANCH0_246,1,0.0112964,1
213_BRANCH0_246,0,0.00650925,1
79,1,0.0102273,1
79,0,0.0106582,1
177_BRANCH0_247,1,0.00627155,1
177_BRANCH0_247,0,0.00687401,1
56,1,0.00836782,1
56,0,0.00875369,1
56_BRANCH0_168,1,0.00834998,1
56_BRANCH0_168,0,0.00661281,1
53,1,0.0102562,1
53,0,0.0103448,1
159,1,0.00676391,1
159,0,0.00699986,1
8_BRANCH0_334,1,0.232424,1
8_BRANCH0_334,0,0.0106619,1
53_BRANCH0_188,1,0.0110738,1
53_BRANCH0_188,0,0.0109374,1
50,1,0.022735,1
50,0,0.0250566,1
50_BRANCH0_255,1,0.0188343,1
50_BRANCH0_255,0,0.00749689,1
227_BRANCH0_288,1,0.00877845,1
227_BRANCH0_288,0,0.00797962,1
393_BRANCH0_429,1,79.8439,0
393_BRANCH0_429,0,0.0071746,1
50_BRANCH0_134,1,0.0066608,1
50_BRANCH0_134,0,0.00655597,1
27_BRANCH0_184,1,0.0108524,1
27_BRANCH0_184,0,0.0109608,1
40,1,0.0102092,1
40,0,0.0103276,1
309_BRANCH0_335,1,0.115456,1
309_BRANCH0_335,0,0.0072487,1
73_BRANCH0_191,1,0.0105105,1
73_BRANCH0_191,0,0.0107273,1
247_BRANCH0_294,1,0.00805103,1
247_BRANCH0_294,0,0.00764335,1
37_BRANCH0_254,1,0.0370494,1
37_BRANCH0_254,0,0.00770175,1
224_BRANCH0_260,1,0.00652989,1
224_BRANCH0_260,0,0.0054537,1
239_BRANCH0_292,1,0.00770717,1
239_BRANCH0_292,0,0.0081301,1
108_BRANCH0_414,1,10.1761,1
108_BRANCH0_414,0,0.0119242,1
199_BRANCH0_203,1,0.00816953,1
199_BRANCH0_203,0,0.00931341,1
119,1,0.0111158,1
119,0,0.0110453,1
258,1,0.00797438,1
258,0,0.00916966,1
177_BRANCH0_199,1,0.00835354,1
177_BRANCH0_199,0,0.00832285,1
14,1,0.0413937,1
14,0,0.04646,1
30,1,0.0126851,1
30,0,0.012702,1
319_BRANCH0_338,1,0.00621662,1
319_BRANCH0_338,0,0.00708308,1
56_BRANCH0_399,1,0.190471,1
56_BRANCH0_399,0,0.184837,1
127_BRANCH0_186,1,0.0109244,1
127_BRANCH0_186,0,0.0112696,1
43_BRANCH0_393,1,0.103037,1
43_BRANCH0_393,0,0.100671,1
17,1,0.00754513,1
17,0,0.00745993,1
11,1,0.12958,1
11,0,0.129929,1
236_BRANCH0_291,1,0.0077895,1
236_BRANCH0_291,0,0.00803335,1
69_BRANCH0_404,1,0.0123295,1
69_BRANCH0_404,0,0.0125173,1
37_BRANCH0_130,1,0.00666337,1
37_BRANCH0_130,0,0.00669526,1
233,1,0.00703382,1
233,0,0.00694474,1
11_BRANCH0_122,1,0.00680755,1
11_BRANCH0_122,0,0.00655169,1
360_BRANCH0_376,1,0.0645331,1
360_BRANCH0_376,0,0.00735602,1
213_BRANCH0_257,1,0.0129454,1
213_BRANCH0_257,0,0.00791153,1
17_BRANCH0_123,1,0.0110202,1
17_BRANCH0_123,0,0.0110826,1
294,1,0.00775589,1
294,0,0.00756287,1
30_BRANCH0_127,1,0.0110486,1
30_BRANCH0_127,0,0.0118252,1
162_BRANCH0_199,1,0.00849791,1
162_BRANCH0_199,0,0.00822011,1
60,1,0.0223962,1
60,0,0.0224708,1
105_BRANCH0_196,1,0.0107025,1
105_BRANCH0_196,0,0.0109389,1
267_BRANCH0_296,1,0.00657845,1
267_BRANCH0_296,0,0.00553956,1
56_BRANCH0_135,1,0.0110491,1
56_BRANCH0_135,0,0.0116773,1
418,1,0.00727616,1
418,0,0.00925308,1
24,1,0.0640935,1
24,0,0.0638638,1
63_BRANCH0_256,1,0.0118549,1
63_BRANCH0_256,0,0.00754233,1
168_BRANCH0_236,1,0.0061736,1
168_BRANCH0_236,0,0.00725457,1
347,1,49.4138,0
347,0,0.00883705,1
60_BRANCH0_189,1,0.010549,1
60_BRANCH0_189,0,0.0106358,1
24_BRANCH0_250,1,0.064883,1
24_BRANCH0_250,0,0.00739899,1
127_BRANCH0_185,1,0.0107195,1
127_BRANCH0_185,0,0.0124032,1
213_BRANCH0_258,1,0.0111593,1
213_BRANCH0_258,0,0.00777554,1
256,1,0.0078173,1
256,0,0.00918572,1
34,1,0.0640688,1
34,0,0.064571,1
259,1,46.659,0
259,0,0.00865867,1
37,1,0.0399127,1
37,0,0.0405964,1
89_BRANCH0_146,1,0.00684651,1
89_BRANCH0_146,0,0.00667646,1
119_BRANCH0_158,1,0.0111159,1
119_BRANCH0_158,0,0.011225,1
1,1,0.00794081,1
1,0,0.00770665,1
76_BRANCH0_257,1,0.00801227,1
76_BRANCH0_257,0,0.00755051,1
43_BRANCH0_131,1,0.0111279,1
43_BRANCH0_131,0,0.0111384,1
17_BRANCH0_381,1,0.00459009,1
17_BRANCH0_381,0,0.00492062,1
4_BRANCH0_154,1,0.00850607,1
4_BRANCH0_154,0,0.00683353,1
63,1,0.0162057,1
63,0,0.0167692,1
123,1,0.0118614,1
123,0,0.0111,1
14_BRANCH0_371,1,0.0395206,1
14_BRANCH0_371,0,0.0103743,1
147_BRANCH0_196,1,0.0110158,1
147_BRANCH0_196,0,0.0112911,1
99_BRANCH0_346,1,0.0101929,1
99_BRANCH0_346,0,0.010738,1
353,1,0.00723768,1
353,0,0.00765777,1
82_BRANCH0_143,1,0.0111073,1
82_BRANCH0_143,0,0.0119862,1
354,1,0.00722935,1
354,0,0.00766356,1
126,1,0.00675134,1
126,0,0.00674492,1
30_BRANCH0_162,1,0.00843168,1
30_BRANCH0_162,0,0.00669175,1
165_BRANCH0_199,1,0.0084728,1
165_BRANCH0_199,0,0.00844506,1
285_BRANCH0_343,1,0.00807461,1
285_BRANCH0_343,0,0.347801,1
53_BRANCH0_374,1,0.0107566,1
53_BRANCH0_374,0,0.0106816,1
1_BRANCH0_118,1,0.00680346,1
1_BRANCH0_118,0,0.00668424,1
143,1,0.0111952,1
143,0,0.0112641,1
304,1,0.00753193,1
304,0,0.008029,1
112_BRANCH0_347,1,0.00975579,1
112_BRANCH0_347,0,98.6936,0
60_BRANCH0_342,1,0.021455,1
60_BRANCH0_342,0,0.0106925,1
330,1,0.0076565,1
330,0,0.00783809,1
86,1,0.00756025,1
86,0,0.0126117,1
243,1,0.00719526,1
243,0,0.00703245,1
17_BRANCH0_159,1,0.00849762,1
17_BRANCH0_159,0,0.00683005,1
92_BRANCH0_194,1,0.0109792,1
92_BRANCH0_194,0,0.0108508,1
43,1,0.00895481,1
43,0,0.0086493,1
8_BRANCH0_157,1,0.00532127,1
8_BRANCH0_157,0,0.00522233,1
198,1,0.00765527,1
198,0,0.0110522,1
8,1,0.231814,1
8,0,0.234662,1
21_BRANCH0_336,1,0.119381,1
21_BRANCH0_336,0,0.0106071,1
21,1,0.119183,1
21,0,0.118023,1
339,1,0.00778676,1
339,0,0.00714026,1
105,1,0.0107288,1
105,0,0.0108795,1
43_BRANCH0_165,1,0.00857885,1
43_BRANCH0_165,0,0.00681525,1
143_BRANCH0_193,1,0.0105817,1
143_BRANCH0_193,0,0.0124008,1
82,1,0.00870664,1
82,0,0.00874697,1
24_BRANCH0_126,1,0.0067563,1
24_BRANCH0_126,0,0.00684954,1
92_BRANCH0_377,1,0.0110609,1
92_BRANCH0_377,0,0.0108638,1
4_BRANCH0_119,1,0.0110825,1
4_BRANCH0_119,0,0.0118365,1
260_BRANCH0_296,1,0.00549394,1
260_BRANCH0_296,0,0.00560071,1
289,1,0.00819104,1
289,0,0.00748051,1
27_BRANCH0_372,1,0.0273339,1
27_BRANCH0_372,0,0.0104742,1
407_BRANCH0_429,1,0.00890569,1
407_BRANCH0_429,0,0.0077487,1
193,1,0.00863699,1
193,0,0.0106835,1
190,1,0.00765526,1
190,0,0.0110946,1
139_BRANCH0_192,1,0.0110381,1
139_BRANCH0_192,0,0.0110699,1
306,1,0.00761557,1
306,0,0.00832343,1
404_BRANCH0_418,1,0.00919564,1
404_BRANCH0_418,0,0.00739348,1
432,1,0.0072516,1
432,0,0.0028907,1
63_BRANCH0_138,1,0.00666392,1
63_BRANCH0_138,0,0.00684306,1
47,1,0.0387688,1
47,0,0.038516,1
105_BRANCH0_378,1,0.0105349,1
105_BRANCH0_378,0,0.0107825,1
203_BRANCH0_239,1,0.0172392,1
203_BRANCH0_239,0,0.00703295,1
102_BRANCH0_259,1,0.00608846,1
102_BRANCH0_259,0,59.9964,0
66_BRANCH0_190,1,0.011005,1
66_BRANCH0_190,0,0.0110095,1
273_BRANCH0_335,1,0.00816605,1
273_BRANCH0_335,0,0.34534,1
142,1,0.00686335,1
142,0,0.00670721,1
307,1,0.00763934,1
307,0,0.00773931,1
393,1,0.0170661,1
393,0,0.00717244,1
66,1,0.0104971,1
66,0,0.0108103,1
186,1,0.00776123,1
186,0,0.0110167,1
108_BRANCH0_180,1,0.00864456,1
108_BRANCH0_180,0,0.00683671,1
99_BRANCH0_195,1,0.0107017,1
99_BRANCH0_195,0,0.0108059,1
112_BRANCH0_197,1,0.0107291,1
112_BRANCH0_197,0,0.0108565,1
11_BRANCH0_246,1,0.124849,1
11_BRANCH0_246,0,0.00769084,1
185,1,0.00850931,1
185,0,0.0106725,1
273,1,0.00832173,1
273,0,0.00580092,1
213,1,0.0103263,1
213,0,0.00782747,1
345,1,0.00735681,1
345,0,0.0169609,1
131_BRANCH0_188,1,0.0110549,1
131_BRANCH0_188,0,0.0113386,1
69_BRANCH0_171,1,0.00857771,1
69_BRANCH0_171,0,0.00665632,1
69,1,0.00920082,1
69,0,0.00928498,1
404,1,0.00951144,1
404,0,0.00725794,1
14_BRANCH0_158,1,0.0108412,1
14_BRANCH0_158,0,0.0114014,1
95,1,0.00884495,1
95,0,0.00863514,1
73_BRANCH0_344,1,0.0154912,1
73_BRANCH0_344,0,0.010925,1
99,1,0.0112158,1
99,0,0.0112882,1
162_BRANCH0_230,1,0.0063265,1
162_BRANCH0_230,0,0.00728932,1
360_BRANCH0_378,1,0.0086099,1
360_BRANCH0_378,0,0.00814766,1
76_BRANCH0_142,1,0.00679606,1
76_BRANCH0_142,0,0.00679193,1
346,1,0.00744116,1
346,0,0.0089621,1
4_BRANCH0_380,1,0.00766307,1
4_BRANCH0_380,0,0.00838256,1
92,1,0.0108431,1
92,0,0.010956,1
82_BRANCH0_174,1,0.00868633,1
82_BRANCH0_174,0,0.00676938,1
89_BRANCH0_258,1,0.0066479,1
89_BRANCH0_258,0,0.00761354,1
381_BRANCH0_416,1,0.00941683,1
381_BRANCH0_416,0,0.00905544,1
82_BRANCH0_407,1,0.0221249,1
82_BRANCH0_407,0,0.0234458,1
301,1,0.00774438,1
301,0,0.00829142,1
86_BRANCH0_193,1,0.0108105,1
86_BRANCH0_193,0,0.0109354,1
309_BRANCH0_341,1,0.0105103,1
309_BRANCH0_341,0,0.00724173,1
89,1,0.00808713,1
89,0,0.00812091,1
260_BRANCH0_330,1,0.0102239,1
260_BRANCH0_330,0,0.00637811,1
285,1,0.00826987,1
285,0,0.00572834,1
309_BRANCH0_331,1,0.00609566,1
309_BRANCH0_331,0,0.00725171,1
251,1,0.00713465,1
251,0,0.00711699,1
386,1,0.00619571,1
386,0,0.00703566,1
95_BRANCH0_147,1,0.0112606,1
95_BRANCH0_147,0,0.0120071,1
276_BRANCH0_337,1,0.00833351,1
276_BRANCH0_337,0,0.344695,1
102,1,0.00509022,1
102,0,0.00503458,1
379,1,113.047,0
379,0,0.00925183,1
95_BRANCH0_177,1,0.00851953,1
95_BRANCH0_177,0,0.00695313,1
319_BRANCH0_336,1,0.00630465,1
319_BRANCH0_336,0,0.00729948,1
404_BRANCH0_416,1,0.00914266,1
404_BRANCH0_416,0,0.0112299,1
154_BRANCH0_224,1,0.00641023,1
154_BRANCH0_224,0,0.00726525,1
242,1,0.00757612,1
242,0,0.00852142,1
342,1,0.0073637,1
342,0,0.0920003,1
360_BRANCH0_377,1,0.011651,1
360_BRANCH0_377,0,0.0092677,1
102_BRANCH0_150,1,0.00676203,1
102_BRANCH0_150,0,0.00687178,1
381_BRANCH0_432,1,0.00891711,1
381_BRANCH0_432,0,0.007408,1
188,1,0.00761875,1
188,0,0.0111258,1
333,1,0.0078105,1
333,0,0.00782846,1
108_BRANCH0_151,1,0.0112906,1
108_BRANCH0_151,0,0.0121394,1
115_BRANCH0_198,1,0.011063,1
115_BRANCH0_198,0,0.0110237,1
203_BRANCH0_247,1,0.011405,1
203_BRANCH0_247,0,0.00725091,1
131_BRANCH0_187,1,0.0106492,1
131_BRANCH0_187,0,0.0126819,1
76,1,0.0115761,1
76,0,0.0117234,1
108,1,3.8877,1
108,0,3.89289,1
112,1,0.00948019,1
112,0,0.0094048,1
115_BRANCH0_379,1,0.0110262,1
115_BRANCH0_379,0,183.171,0
319_BRANCH0_334,1,0.00862829,1
319_BRANCH0_334,0,0.0073859,1
378,1,0.00832076,1
378,0,0.00934201,1
115,1,0.0108239,1
115,0,0.0111786,1
118,1,0.00700483,1
118,0,0.00674535,1
332,1,0.0086158,1
332,0,0.00790613,1
386_BRANCH0_431,1,0.00913503,1
386_BRANCH0_431,0,0.00756399,1
119_BRANCH0_157,1,0.00554926,1
119_BRANCH0_157,0,0.0122411,1
79_BRANCH0_376,1,0.0108313,1
79_BRANCH0_376,0,0.0106531,1
393_BRANCH0_425,1,0.00963719,1
393_BRANCH0_425,0,0.0071913,1
123_BRANCH0_183,1,0.0107048,1
123_BRANCH0_183,0,0.0125233,1
165_BRANCH0_233,1,0.00646078,1
165_BRANCH0_233,0,0.00719568,1
334,1,0.0107575,1
334,0,0.00910268,1
40_BRANCH0_186,1,0.0107689,1
40_BRANCH0_186,0,0.011172,1
422_BRANCH0_432,1,0.00751694,1
422_BRANCH0_432,0,0.00349912,1
260,1,0.00533399,1
260,0,0.00567645,1
264_BRANCH0_296,1,0.00687071,1
264_BRANCH0_296,0,0.00572215,1
300,1,0.00786951,1
300,0,0.0106763,1
264_BRANCH0_331,1,0.00785892,1
264_BRANCH0_331,0,0.00622553,1
264,1,0.00881002,1
264,0,0.00582502,1
357,1,0.00716411,1
357,0,0.00771112,1
267_BRANCH0_332,1,0.00818557,1
267_BRANCH0_332,0,1.01368,1
267,1,0.00886916,1
267,0,0.00575514,1
270_BRANCH0_296,1,0.00663785,1
270_BRANCH0_296,0,0.00562911,1
352,1,0.00792661,1
352,0,0.00803241,1
270_BRANCH0_333,1,0.00825424,1
270_BRANCH0_333,0,0.345851,1
425_BRANCH0_432,1,0.00735416,1
425_BRANCH0_432,0,0.00357416,1
270,1,0.00843678,1
270,0,0.00577971,1
276_BRANCH0_296,1,0.00660577,1
276_BRANCH0_296,0,0.00566624,1
276,1,0.0088637,1
276,0,0.00565086,1
309_BRANCH0_330,1,0.00631554,1
309_BRANCH0_330,0,0.00751076,1
411_BRANCH0_420,1,0.00912117,1
411_BRANCH0_420,0,0.00804098,1
279_BRANCH0_296,1,0.00671768,1
279_BRANCH0_296,0,0.00561842,1
279_BRANCH0_339,1,0.00821992,1
279_BRANCH0_339,0,0.345532,1
279,1,0.00857866,1
279,0,0.00568994,1
282_BRANCH0_296,1,0.00666322,1
282_BRANCH0_296,0,0.00572678,1
282_BRANCH0_341,1,0.0081389,1
282_BRANCH0_341,0,1.01267,1
282,1,0.00854501,1
282,0,0.00569605,1
288,1,0.0083077,1
288,0,0.00757398,1
290,1,0.008411,1
290,0,0.00763422,1
291,1,0.00798083,1
291,0,0.00769917,1
292,1,0.00800031,1
292,0,0.00761355,1
293,1,0.00828434,1
293,0,0.00777979,1
295,1,0.00837307,1
295,0,0.00763251,1
296_BRANCH0_309,1,0.00730436,1
296_BRANCH0_309,0,0.00625064,1
296_BRANCH0_319,1,0.00747207,1
296_BRANCH0_319,0,0.00768294,1
296,1,0.00713147,1
296,0,0.00566346,1
302,1,0.00762053,1
302,0,0.00846471,1
303,1,0.00775913,1
303,0,0.00839752,1
305,1,0.00765691,1
305,0,0.00819017,1
309_BRANCH0_333,1,0.33638,1
309_BRANCH0_333,0,0.00739211,1
309_BRANCH0_339,1,0.0187471,1
309_BRANCH0_339,0,0.00739892,1
399_BRANCH0_428,1,0.0119743,1
399_BRANCH0_428,0,0.00801588,1
309_BRANCH0_343,1,0.00792566,1
309_BRANCH0_343,0,0.00729105,1
319_BRANCH0_345,1,0.02634,1
319_BRANCH0_345,0,0.00740908,1
309,1,0.0062031,1
309,0,0.00713969,1
319_BRANCH0_340,1,0.535039,1
319_BRANCH0_340,0,0.00727727,1
319_BRANCH0_342,1,0.182422,1
319_BRANCH0_342,0,0.00749427,1
319_BRANCH0_344,1,0.0649474,1
319_BRANCH0_344,0,0.00901959,1
319_BRANCH0_346,1,0.0131328,1
319_BRANCH0_346,0,0.00748132,1
319_BRANCH0_347,1,0.00900885,1
319_BRANCH0_347,0,47.9963,0
331,1,0.00861686,1
331,0,0.00775292,1
319,1,0.00798839,1
319,0,0.00733044,1
329,1,0.00573589,1
329,0,0.00703603,1
336,1,0.00736839,1
336,0,0.00540299,1
357_BRANCH0_360,1,0.00766525,1
357_BRANCH0_360,0,0.00789356,1
337,1,0.00786255,1
337,0,0.00733556,1
338,1,0.00746993,1
338,0,0.00619343,1
343,1,0.00790906,1
343,0,0.00736028,1
344,1,0.00732738,1
344,0,0.00937299,1
386_BRANCH0_422,1,0.00534785,1
386_BRANCH0_422,0,0.00770138,1
349,1,0.00769386,1
349,0,0.00796497,1
351,1,0.0080408,1
351,0,0.00781642,1
355,1,0.00738286,1
355,0,0.00802123,1
356,1,0.00759726,1
356,0,0.00766049,1
357_BRANCH0_370,1,0.00726149,1
357_BRANCH0_370,0,0.00778449,1
360_BRANCH0_371,1,0.0081331,1
360_BRANCH0_371,0,0.00792165,1
360_BRANCH0_372,1,0.00807473,1
360_BRANCH0_372,0,0.00799313,1
360_BRANCH0_374,1,0.227636,1
360_BRANCH0_374,0,0.00823024,1
360_BRANCH0_375,1,0.00796811,1
360_BRANCH0_375,0,0.0081186,1
360_BRANCH0_379,1,1.20661,1
360_BRANCH0_379,0,112.814,0
370,1,0.00779205,1
370,0,0.00723709,1
371,1,0.0105037,1
371,0,0.0128428,1
372,1,0.00814613,1
372,0,0.00528398,1
373,1,0.00786719,1
373,0,0.00651418,1
374,1,0.00791832,1
374,0,0.0466353,1
375,1,0.00835495,1
375,0,0.0825047,1
376,1,0.00752519,1
376,0,0.00936997,1
377,1,0.00935624,1
377,0,0.0171754,1
380,1,0.00903805,1
380,0,0.0029441,1
381_BRANCH0_430,1,0.00849952,1
381_BRANCH0_430,0,0.00745207,1
381_BRANCH0_431,1,0.008781,1
381_BRANCH0_431,0,0.00735945,1
381,1,0.00519722,1
381,0,0.00715733,1
386_BRANCH0_429,1,0.00889457,1
386_BRANCH0_429,0,0.00770822,1
386_BRANCH0_430,1,0.00523774,1
386_BRANCH0_430,0,0.00714054,1
393_BRANCH0_416,1,0.00914119,1
393_BRANCH0_416,0,0.00914178,1
393_BRANCH0_417,1,0.00658335,1
393_BRANCH0_417,0,0.00721985,1
393_BRANCH0_428,1,0.0118033,1
393_BRANCH0_428,0,0.00859736,1
399_BRANCH0_416,1,0.00887091,1
399_BRANCH0_416,0,0.00961965,1
399_BRANCH0_425,1,0.00918127,1
399_BRANCH0_425,0,0.00768029,1
399_BRANCH0_430,1,0.00772105,1
399_BRANCH0_430,0,0.00728155,1
399,1,0.0162961,1
399,0,0.00715494,1
407_BRANCH0_416,1,0.0103724,1
407_BRANCH0_416,0,0.0115086,1
407_BRANCH0_419,1,0.0113779,1
407_BRANCH0_419,0,0.00796916,1
407,1,0.0170602,1
407,0,0.0072908,1
411,1,0.00936986,1
411,0,0.00786887,1
414,1,0.00890483,1
414,0,0.0123265,1
417,1,0.00752321,1
417,0,0.00640704,1
419,1,0.00749923,1
419,0,0.00879986,1
420,1,0.00799654,1
420,0,0.0093956,1
421,1,0.00605433,1
421,0,0.00300467,1
422_BRANCH0_430,1,0.00756521,1
422_BRANCH0_430,0,0.00755003,1
422,1,0.00798397,1
422,0,0.00388664,1
425_BRANCH0_431,1,0.0077968,1
425_BRANCH0_431,0,0.00765645,1
425,1,0.00736046,1
425,0,0.00325703,1
428,1,0.00769496,1
428,0,0.00798727,1
429,1,0.00757235,1
429,0,0.00365479,1
430,1,0.00719929,1
430,0,0.00297821,1
431,1,0.00731265,1
431,0,0.00313631,1
