0.00462614
m_BRANCH0_q,1,0.000189174,1
m_BRANCH0_q,0,8.5218e-05,0
m_BRANCH0_Z,1,7.9742e-05,1
m_BRANCH0_Z,0,0.000116654,1
d_BRANCH0_X,1,0.00010251,1
d_BRANCH0_X,0,7.4064e-05,0
d_BRANCH0_r,1,8.5401e-05,1
d_BRANCH0_r,0,7.6629e-05,1
X,1,7.3265e-05,0
X,0,3.2773e-05,1
m_BRANCH0_r,1,7.4959e-05,1
m_BRANCH0_r,0,7.9738e-05,1
B,1,0.000112354,1
B,0,0.000112362,1
d,1,9.5195e-05,1
d,0,0.000119864,1
d_BRANCH0_m,1,0.000121248,1
d_BRANCH0_m,0,8.0549e-05,1
s_BRANCH0_v,1,9.7641e-05,0
s_BRANCH0_v,0,0.000125523,1
B_BRANCH0_m,1,5.055e-05,0
B_BRANCH0_m,0,9.8731e-05,1
B_BRANCH0_v,1,4.6887e-05,0
B_BRANCH0_v,0,0.000100452,1
C,1,0.000120794,1
C,0,0.000115786,1
s_BRANCH0_Y,1,9.299e-05,0
s_BRANCH0_Y,0,8.2315e-05,1
B_BRANCH0_d,1,7.6746e-05,1
B_BRANCH0_d,0,0.000111184,1
A,1,0.000108988,1
A,0,0.000108075,1
m,1,8.9882e-05,1
m,0,0.000110263,1
r_BRANCH0_s,1,9.2105e-05,1
r_BRANCH0_s,0,9.8831e-05,0
Y,1,8.3893e-05,0
Y,0,7.6343e-05,1
r_BRANCH0_X,1,9.1803e-05,1
r_BRANCH0_X,0,9.0013e-05,0
Z,1,8.5274e-05,1
Z,0,9.2763e-05,1
r,1,8.8752e-05,1
r,0,8.9796e-05,0
q,1,6.9075e-05,0
q,0,6.7331e-05,1
s,1,8.9939e-05,0
s,0,8.3906e-05,1
v,1,9.208e-05,0
v,0,8.5732e-05,1
