0.00233002
16_BRANCH0_22,1,9.811e-05,1
16_BRANCH0_22,0,5.7674e-05,1
11,1,7.1915e-05,1
11,0,5.494e-05,1
11_BRANCH0_19,1,5.1878e-05,1
11_BRANCH0_19,0,5.1509e-05,1
11_BRANCH0_16,1,5.1854e-05,1
11_BRANCH0_16,0,3.3891e-05,1
7,1,7.2157e-05,1
7,0,6.9995e-05,1
6,1,7.1689e-05,1
6,0,6.9789e-05,1
19,1,5.3988e-05,1
19,0,7.0927e-05,1
3_BRANCH0_11,1,7.0237e-05,1
3_BRANCH0_11,0,7.0788e-05,1
16_BRANCH0_23,1,7.7207e-05,1
16_BRANCH0_23,0,4.8111e-05,1
10,1,7.5694e-05,1
10,0,7.6476e-05,1
3_BRANCH0_10,1,5.2695e-05,1
3_BRANCH0_10,0,7.0464e-05,1
2,1,0.000158647,1
2,0,9.2608e-05,1
3,1,7.2923e-05,1
3,0,7.0208e-05,1
16,1,9.3006e-05,1
16,0,4.0087e-05,1
1,1,7.1007e-05,1
1,0,7.4424e-05,1
22,1,7.7389e-05,1
22,0,5.3606e-05,1
23,1,5.1088e-05,1
23,0,5.3042e-05,1
