0.00463732
m_BRANCH0_q,1,0.000109192,1
m_BRANCH0_q,0,9.7069e-05,0
m_BRANCH0_Z,1,0.000108453,1
m_BRANCH0_Z,0,0.000127331,1
d_BRANCH0_X,1,0.000100043,1
d_BRANCH0_X,0,7.6681e-05,0
d_BRANCH0_r,1,8.4811e-05,1
d_BRANCH0_r,0,7.9983e-05,1
X,1,7.7708e-05,0
X,0,3.5734e-05,1
m_BRANCH0_r,1,7.6215e-05,1
m_BRANCH0_r,0,8.3565e-05,1
B,1,0.000111155,1
B,0,0.000111801,1
d,1,9.1474e-05,1
d,0,0.000122464,1
d_BRANCH0_m,1,0.000117882,1
d_BRANCH0_m,0,8.0973e-05,1
s_BRANCH0_v,1,9.2282e-05,0
s_BRANCH0_v,0,0.000125171,1
B_BRANCH0_m,1,4.852e-05,0
B_BRANCH0_m,0,9.9495e-05,1
B_BRANCH0_v,1,4.7708e-05,0
B_BRANCH0_v,0,0.000100641,1
C,1,0.000120731,1
C,0,0.000120495,1
s_BRANCH0_Y,1,9.3909e-05,0
s_BRANCH0_Y,0,8.2582e-05,1
B_BRANCH0_d,1,8.1185e-05,1
B_BRANCH0_d,0,0.000106693,1
A,1,0.000112646,1
A,0,0.000109399,1
m,1,8.2927e-05,1
m,0,0.000104997,1
r_BRANCH0_s,1,9.4506e-05,1
r_BRANCH0_s,0,8.9205e-05,0
Y,1,7.9391e-05,0
Y,0,8.4324e-05,1
r_BRANCH0_X,1,8.5355e-05,1
r_BRANCH0_X,0,9.0016e-05,0
Z,1,0.000105711,1
Z,0,9.1351e-05,1
r,1,9.6167e-05,1
r,0,8.8511e-05,0
q,1,6.4434e-05,0
q,0,7.0383e-05,1
s,1,9.0068e-05,0
s,0,8.276e-05,1
v,1,9.0288e-05,0
v,0,0.000112938,1
