3072.3
254,1,0.00783775,1
254,0,0.0188718,1
415,1,0.00647298,1
415,0,0.0121591,1
250,1,0.00644618,1
250,0,0.278458,1
341,1,0.012024,1
341,0,0.0152561,1
247,1,0.00588476,1
247,0,0.0115089,1
236_BRANCH0_273,1,0.00550102,1
236_BRANCH0_273,0,0.00888137,1
247_BRANCH0_282,1,0.00545891,1
247_BRANCH0_282,0,0.00889266,1
246,1,0.00634032,1
246,0,0.00543985,1
157,1,0.0106913,1
157,0,0.00900256,1
30_BRANCH0_386,1,0.275344,1
30_BRANCH0_386,0,0.275681,1
243_BRANCH0_293,1,0.0149088,1
243_BRANCH0_293,0,0.0147427,1
273_BRANCH0_296,1,0.0112116,1
273_BRANCH0_296,0,0.00473982,1
243_BRANCH0_279,1,0.00545058,1
243_BRANCH0_279,0,0.00896434,1
239,1,0.00586778,1
239,0,0.0115756,1
239_BRANCH0_276,1,0.00558307,1
239_BRANCH0_276,0,0.00897742,1
236,1,0.00587532,1
236,0,0.0115783,1
411_BRANCH0_416,1,7.71737,1
411_BRANCH0_416,0,0.0145592,1
233_BRANCH0_270,1,0.00555955,1
233_BRANCH0_270,0,0.00897024,1
230,1,0.00588768,1
230,0,0.0115821,1
199_BRANCH0_223,1,0.004404,1
199_BRANCH0_223,0,0.00770351,1
230_BRANCH0_289,1,0.0150372,1
230_BRANCH0_289,0,0.0147691,1
230_BRANCH0_267,1,0.00557926,1
230_BRANCH0_267,0,0.00899189,1
27,1,0.102949,1
27,0,0.103186,1
224,1,0.211302,1
224,0,0.0116283,1
134,1,0.00601606,1
134,0,0.00589888,1
223,1,0.00805577,1
223,0,0.00441284,1
130,1,0.00586424,1
130,0,0.00590118,1
213_BRANCH0_259,1,0.0090195,1
213_BRANCH0_259,0,101.109,0
213_BRANCH0_254,1,0.0334618,1
213_BRANCH0_254,0,0.00643938,1
213_BRANCH0_242,1,0.218095,1
213_BRANCH0_242,0,0.00642695,1
203,1,0.00904572,1
203,0,0.0119639,1
203_BRANCH0_251,1,0.00907295,1
203_BRANCH0_251,0,0.00528472,1
191,1,0.010867,1
191,0,0.00917078,1
203_BRANCH0_243,1,0.0114111,1
203_BRANCH0_243,0,0.00623965,1
171_BRANCH0_239,1,0.00517802,1
171_BRANCH0_239,0,0.211418,1
416,1,0.00706694,1
416,0,0.0146685,1
251_BRANCH0_295,1,0.0152268,1
251_BRANCH0_295,0,0.0149416,1
203_BRANCH0_236,1,0.0209706,1
203_BRANCH0_236,0,0.00604467,1
203_BRANCH0_230,1,0.0593509,1
203_BRANCH0_230,0,0.00603177,1
203_BRANCH0_227,1,0.111414,1
203_BRANCH0_227,0,0.00604298,1
257,1,0.00639694,1
257,0,0.0192993,1
138,1,0.0060155,1
138,0,0.00593536,1
34_BRANCH0_185,1,0.00909969,1
34_BRANCH0_185,0,0.00910988,1
66_BRANCH0_375,1,0.0211716,1
66_BRANCH0_375,0,0.0118868,1
203_BRANCH0_224,1,0.215537,1
203_BRANCH0_224,0,0.00603526,1
40_BRANCH0_373,1,0.0574139,1
40_BRANCH0_373,0,0.0119278,1
199,1,0.00438846,1
199,0,0.00787657,1
69_BRANCH0_139,1,0.011356,1
69_BRANCH0_139,0,0.0118458,1
86_BRANCH0_345,1,0.0099368,1
86_BRANCH0_345,0,0.00910414,1
296_BRANCH0_329,1,0.00791932,1
296_BRANCH0_329,0,0.004815,1
197,1,0.0108878,1
197,0,0.00929294,1
196,1,0.0140407,1
196,0,0.0150721,1
123_BRANCH0_184,1,0.0149682,1
123_BRANCH0_184,0,0.0141131,1
195,1,0.0110008,1
195,0,0.00930059,1
192,1,0.0140189,1
192,0,0.0150699,1
189,1,0.0109972,1
189,0,0.00923625,1
308,1,0.0143544,1
308,0,0.0149753,1
203_BRANCH0_233,1,0.0338013,1
203_BRANCH0_233,0,0.00608344,1
386_BRANCH0_416,1,7.7286,1
386_BRANCH0_416,0,0.0147559,1
386_BRANCH0_425,1,0.0101593,1
386_BRANCH0_425,0,0.0134995,1
187,1,0.0109853,1
187,0,0.00925013,1
158,1,0.0140772,1
158,0,0.0150243,1
251_BRANCH0_285,1,0.00567059,1
251_BRANCH0_285,0,0.00909768,1
184,1,0.01408,1
184,0,0.0150025,1
285_BRANCH0_296,1,0.0113891,1
285_BRANCH0_296,0,0.00488994,1
183,1,0.0108851,1
183,0,0.00926221,1
73,1,0.0138523,1
73,0,0.0138471,1
180_BRANCH0_251,1,0.00518377,1
180_BRANCH0_251,0,0.213426,1
263,1,0.0148935,1
263,0,0.0158328,1
180_BRANCH0_199,1,0.00795048,1
180_BRANCH0_199,0,0.00786289,1
177,1,0.00605096,1
177,0,0.00789633,1
139,1,0.0119482,1
139,0,0.0114857,1
309_BRANCH0_337,1,0.0372447,1
309_BRANCH0_337,0,0.00919491,1
227_BRANCH0_264,1,0.00561079,1
227_BRANCH0_264,0,0.00911795,1
168_BRANCH0_199,1,0.00785992,1
168_BRANCH0_199,0,0.00784546,1
174,1,0.00605627,1
174,0,0.00786397,1
34_BRANCH0_338,1,0.0565664,1
34_BRANCH0_338,0,0.00921358,1
174_BRANCH0_199,1,0.00785312,1
174_BRANCH0_199,0,0.0078452,1
171,1,0.00605514,1
171,0,0.0078822,1
95_BRANCH0_411,1,0.0135122,1
95_BRANCH0_411,0,0.0136125,1
174_BRANCH0_243,1,0.00527469,1
174_BRANCH0_243,0,0.212646,1
224_BRANCH0_263,1,0.222992,1
224_BRANCH0_263,0,0.0151177,1
180,1,0.00608401,1
180,0,0.00790956,1
168,1,0.00607541,1
168,0,0.0079184,1
165,1,0.00596558,1
165,0,0.0079792,1
162,1,0.00597873,1
162,0,0.00797373,1
159_BRANCH0_227,1,0.00519256,1
159_BRANCH0_227,0,0.212744,1
21_BRANCH0_183,1,0.00916943,1
21_BRANCH0_183,0,0.00937927,1
213_BRANCH0_256,1,0.0147464,1
213_BRANCH0_256,0,0.00664498,1
4,1,0.0170765,1
4,0,0.0175391,1
154,1,0.00619672,1
154,0,0.00788262,1
159_BRANCH0_199,1,0.00781376,1
159_BRANCH0_199,0,0.00801933,1
194,1,0.0142649,1
194,0,0.0151531,1
154_BRANCH0_199,1,0.00793127,1
154_BRANCH0_199,0,0.00790442,1
151,1,0.0120096,1
151,0,0.0114885,1
47_BRANCH0_340,1,0.0329576,1
47_BRANCH0_340,0,0.00920653,1
122,1,0.00603256,1
122,0,0.00601622,1
151_BRANCH0_198,1,0.0151601,1
151_BRANCH0_198,0,0.014244,1
1_BRANCH0_242,1,0.214473,1
1_BRANCH0_242,0,0.00642309,1
47_BRANCH0_187,1,0.0092389,1
47_BRANCH0_187,0,0.00940059,1
150,1,0.00607936,1
150,0,0.00607669,1
147,1,0.011988,1
147,0,0.0115275,1
147_BRANCH0_195,1,0.00936727,1
147_BRANCH0_195,0,0.0110224,1
233_BRANCH0_290,1,0.015288,1
233_BRANCH0_290,0,0.0150519,1
146,1,0.0061291,1
146,0,0.0060143,1
360,1,0.319655,1
360,0,0.0145706,1
171_BRANCH0_199,1,0.00791978,1
171_BRANCH0_199,0,0.00798134,1
143_BRANCH0_194,1,0.015241,1
143_BRANCH0_194,0,0.0142653,1
255,1,0.00659532,1
255,0,0.166838,1
139_BRANCH0_191,1,0.00926858,1
139_BRANCH0_191,0,0.0111737,1
213_BRANCH0_255,1,0.021289,1
213_BRANCH0_255,0,0.0065743,1
79_BRANCH0_192,1,0.0150315,1
79_BRANCH0_192,0,0.0153562,1
199_BRANCH0_213,1,0.00935423,1
199_BRANCH0_213,0,0.00923716,1
340,1,0.00927523,1
340,0,0.0879241,1
348,1,0.0149836,1
348,0,0.0119977,1
135,1,0.0120095,1
135,0,0.0115057,1
213_BRANCH0_250,1,0.0598351,1
213_BRANCH0_250,0,0.00655689,1
151_BRANCH0_197,1,0.00931551,1
151_BRANCH0_197,0,0.0111007,1
360_BRANCH0_373,1,3.47574,1
360_BRANCH0_373,0,0.0120695,1
135_BRANCH0_190,1,0.015167,1
135_BRANCH0_190,0,0.0142505,1
309_BRANCH0_332,1,0.850954,1
309_BRANCH0_332,0,0.00920547,1
350,1,0.015027,1
350,0,0.0120963,1
135_BRANCH0_189,1,0.00936818,1
135_BRANCH0_189,0,0.0110587,1
131,1,0.0120229,1
131,0,0.0115134,1
127,1,0.0119799,1
127,0,0.0115555,1
335,1,0.0124382,1
335,0,0.0150737,1
227,1,0.00613523,1
227,0,0.0118746,1
213_BRANCH0_246,1,0.112569,1
213_BRANCH0_246,0,0.00658563,1
79,1,0.0166574,1
79,0,0.0166133,1
177_BRANCH0_247,1,0.00530006,1
177_BRANCH0_247,0,0.213748,1
56,1,0.00749668,1
56,0,0.00758833,1
56_BRANCH0_168,1,0.0079353,1
56_BRANCH0_168,0,0.00612277,1
53,1,0.0344498,1
53,0,0.0345844,1
159,1,0.00610027,1
159,0,0.00800794,1
8_BRANCH0_334,1,0.205846,1
8_BRANCH0_334,0,0.00934895,1
53_BRANCH0_188,1,0.0153041,1
53_BRANCH0_188,0,0.0152553,1
50,1,0.0216804,1
50,0,0.0216081,1
50_BRANCH0_255,1,0.0162082,1
50_BRANCH0_255,0,0.00643251,1
227_BRANCH0_288,1,0.0154403,1
227_BRANCH0_288,0,0.0151861,1
393_BRANCH0_429,1,203.483,0
393_BRANCH0_429,0,0.0139291,1
50_BRANCH0_134,1,0.00622438,1
50_BRANCH0_134,0,0.00608206,1
27_BRANCH0_184,1,0.0151816,1
27_BRANCH0_184,0,0.0152272,1
40,1,0.0569808,1
40,0,0.0568624,1
309_BRANCH0_335,1,0.0991515,1
309_BRANCH0_335,0,0.00928746,1
73_BRANCH0_191,1,0.00922948,1
73_BRANCH0_191,0,0.00934056,1
247_BRANCH0_294,1,0.0155326,1
247_BRANCH0_294,0,0.0152774,1
37_BRANCH0_254,1,0.0322051,1
37_BRANCH0_254,0,0.00653824,1
224_BRANCH0_260,1,0.213964,1
224_BRANCH0_260,0,0.00929977,1
239_BRANCH0_292,1,0.015366,1
239_BRANCH0_292,0,0.0152455,1
108_BRANCH0_414,1,45.2174,1
108_BRANCH0_414,0,7.8464,1
199_BRANCH0_203,1,0.0122567,1
199_BRANCH0_203,0,0.00929656,1
119,1,0.0120339,1
119,0,0.0115953,1
258,1,0.00660669,1
258,0,0.013699,1
177_BRANCH0_199,1,0.00799046,1
177_BRANCH0_199,0,0.00800382,1
14,1,0.197892,1
14,0,0.198343,1
30,1,0.0135791,1
30,0,0.0136733,1
319_BRANCH0_338,1,1.35825,1
319_BRANCH0_338,0,0.00929475,1
56_BRANCH0_399,1,0.166675,1
56_BRANCH0_399,0,0.166862,1
127_BRANCH0_186,1,0.0150887,1
127_BRANCH0_186,0,0.0145468,1
43_BRANCH0_393,1,0.0887057,1
43_BRANCH0_393,0,0.088195,1
17,1,0.00754792,1
17,0,0.00769827,1
11,1,0.115673,1
11,0,0.115655,1
236_BRANCH0_291,1,0.0155676,1
236_BRANCH0_291,0,0.0153013,1
69_BRANCH0_404,1,0.010762,1
69_BRANCH0_404,0,0.0107281,1
37_BRANCH0_130,1,0.00601138,1
37_BRANCH0_130,0,0.00608555,1
233,1,0.00617548,1
233,0,0.0119658,1
11_BRANCH0_122,1,0.00620608,1
11_BRANCH0_122,0,0.00609698,1
360_BRANCH0_376,1,0.0658876,1
360_BRANCH0_376,0,0.0122285,1
213_BRANCH0_257,1,0.0117554,1
213_BRANCH0_257,0,0.00662901,1
17_BRANCH0_123,1,0.011519,1
17_BRANCH0_123,0,0.012081,1
294,1,0.0153747,1
294,0,0.0146517,1
30_BRANCH0_127,1,0.0116721,1
30_BRANCH0_127,0,0.0120751,1
162_BRANCH0_199,1,0.0078773,1
162_BRANCH0_199,0,0.00809028,1
60,1,0.0195133,1
60,0,0.0194793,1
105_BRANCH0_196,1,0.0152812,1
105_BRANCH0_196,0,0.015512,1
267_BRANCH0_296,1,0.01163,1
267_BRANCH0_296,0,0.00493278,1
56_BRANCH0_135,1,0.0115065,1
56_BRANCH0_135,0,0.0121441,1
418,1,0.013949,1
418,0,0.0107994,1
24,1,0.0565016,1
24,0,0.0563486,1
63_BRANCH0_256,1,0.0104736,1
63_BRANCH0_256,0,0.00656569,1
168_BRANCH0_236,1,0.00528873,1
168_BRANCH0_236,0,0.215181,1
347,1,189.261,0
347,0,7.85831,1
60_BRANCH0_189,1,0.00947401,1
60_BRANCH0_189,0,0.00940899,1
24_BRANCH0_250,1,0.0573579,1
24_BRANCH0_250,0,0.00658079,1
127_BRANCH0_185,1,0.00937704,1
127_BRANCH0_185,0,0.0112161,1
213_BRANCH0_258,1,0.0103322,1
213_BRANCH0_258,0,0.00669594,1
256,1,0.00661621,1
256,0,0.01078,1
34,1,0.0561638,1
34,0,0.0564909,1
259,1,102.029,0
259,0,7.86922,1
37,1,0.036,1
37,0,0.0357631,1
89_BRANCH0_146,1,0.00612688,1
89_BRANCH0_146,0,0.00612658,1
119_BRANCH0_158,1,0.0152881,1
119_BRANCH0_158,0,0.0145162,1
1,1,0.215893,1
1,0,0.215663,1
76_BRANCH0_257,1,0.00716163,1
76_BRANCH0_257,0,0.00659013,1
43_BRANCH0_131,1,0.0116438,1
43_BRANCH0_131,0,0.012137,1
17_BRANCH0_381,1,0.00578249,1
17_BRANCH0_381,0,0.00570688,1
4_BRANCH0_154,1,0.00791335,1
4_BRANCH0_154,0,0.0061724,1
63,1,0.0142064,1
63,0,0.0142487,1
123,1,0.0120847,1
123,0,0.0116337,1
14_BRANCH0_371,1,0.201244,1
14_BRANCH0_371,0,0.0127804,1
147_BRANCH0_196,1,0.0155404,1
147_BRANCH0_196,0,0.0144288,1
99_BRANCH0_346,1,0.00916437,1
99_BRANCH0_346,0,0.00936721,1
353,1,0.0152214,1
353,0,0.0122106,1
82_BRANCH0_143,1,0.0116567,1
82_BRANCH0_143,0,0.0121518,1
354,1,0.0155744,1
354,0,0.0122318,1
126,1,0.00615304,1
126,0,0.00621972,1
30_BRANCH0_162,1,0.00790482,1
30_BRANCH0_162,0,0.00619387,1
165_BRANCH0_199,1,0.00794113,1
165_BRANCH0_199,0,0.00810981,1
285_BRANCH0_343,1,0.00851569,1
285_BRANCH0_343,0,2.58058,1
53_BRANCH0_374,1,0.0346308,1
53_BRANCH0_374,0,0.0123864,1
1_BRANCH0_118,1,0.00602828,1
1_BRANCH0_118,0,0.00611177,1
143,1,0.012155,1
143,0,0.0116669,1
304,1,0.0147745,1
304,0,0.0153981,1
112_BRANCH0_347,1,0.00861476,1
112_BRANCH0_347,0,174.194,0
60_BRANCH0_342,1,0.0185826,1
60_BRANCH0_342,0,0.00937414,1
330,1,0.00673833,1
330,0,0.0152722,1
86,1,0.0110175,1
86,0,0.0109286,1
243,1,0.00613076,1
243,0,0.0120716,1
17_BRANCH0_159,1,0.00846861,1
17_BRANCH0_159,0,0.00625116,1
92_BRANCH0_194,1,0.0155089,1
92_BRANCH0_194,0,0.0155765,1
43,1,0.00780358,1
43,0,0.00768202,1
8_BRANCH0_157,1,0.00927178,1
8_BRANCH0_157,0,0.00938181,1
198,1,0.0144948,1
198,0,0.0155425,1
8,1,0.206664,1
8,0,0.206833,1
21_BRANCH0_336,1,0.10554,1
21_BRANCH0_336,0,0.0093768,1
21,1,0.10531,1
21,0,0.105225,1
339,1,0.0126508,1
339,0,0.0153095,1
105,1,0.0131505,1
105,0,0.0130711,1
43_BRANCH0_165,1,0.00807275,1
43_BRANCH0_165,0,0.0061371,1
143_BRANCH0_193,1,0.00948158,1
143_BRANCH0_193,0,0.0112499,1
82,1,0.00778929,1
82,0,0.00769481,1
24_BRANCH0_126,1,0.00612778,1
24_BRANCH0_126,0,0.00614201,1
92_BRANCH0_377,1,0.0134118,1
92_BRANCH0_377,0,0.0123732,1
4_BRANCH0_119,1,0.0117328,1
4_BRANCH0_119,0,0.0126399,1
260_BRANCH0_296,1,0.0116532,1
260_BRANCH0_296,0,0.00500889,1
289,1,0.0152649,1
289,0,0.0147797,1
27_BRANCH0_372,1,0.104666,1
27_BRANCH0_372,0,0.012271,1
407_BRANCH0_429,1,0.0137499,1
407_BRANCH0_429,0,0.0144066,1
193,1,0.0112975,1
193,0,0.00950315,1
190,1,0.0144276,1
190,0,0.015437,1
139_BRANCH0_192,1,0.0154229,1
139_BRANCH0_192,0,0.014483,1
306,1,0.014738,1
306,0,0.0153156,1
404_BRANCH0_418,1,0.0109306,1
404_BRANCH0_418,0,0.013951,1
432,1,0.0143749,1
432,0,0.0147896,1
63_BRANCH0_138,1,0.00622725,1
63_BRANCH0_138,0,0.00615169,1
47,1,0.0370572,1
47,0,0.0373499,1
105_BRANCH0_378,1,0.0122913,1
105_BRANCH0_378,0,0.0122929,1
203_BRANCH0_239,1,0.0151191,1
203_BRANCH0_239,0,0.00626617,1
102_BRANCH0_259,1,0.00536422,1
102_BRANCH0_259,0,102.081,0
66_BRANCH0_190,1,0.0153401,1
66_BRANCH0_190,0,0.0154207,1
273_BRANCH0_335,1,0.00866071,1
273_BRANCH0_335,0,2.57725,1
142,1,0.00615687,1
142,0,0.00618126,1
307,1,0.0148194,1
307,0,0.0154491,1
393,1,0.0890646,1
393,0,0.017012,1
66,1,0.0226973,1
66,0,0.0224733,1
186,1,0.0143935,1
186,0,0.0154708,1
108_BRANCH0_180,1,0.0081982,1
108_BRANCH0_180,0,0.00621667,1
99_BRANCH0_195,1,0.00938632,1
99_BRANCH0_195,0,0.00950316,1
112_BRANCH0_197,1,0.00951679,1
112_BRANCH0_197,0,0.00952655,1
11_BRANCH0_246,1,0.109616,1
11_BRANCH0_246,0,0.00660255,1
185,1,0.0113439,1
185,0,0.00939566,1
273,1,0.00948249,1
273,0,0.00501651,1
213,1,0.00943454,1
213,0,0.00953833,1
345,1,0.00945074,1
345,0,0.0199193,1
131_BRANCH0_188,1,0.0153822,1
131_BRANCH0_188,0,0.0146337,1
69_BRANCH0_171,1,0.00822327,1
69_BRANCH0_171,0,0.00621739,1
69,1,0.00795203,1
69,0,0.00810617,1
404,1,0.011045,1
404,0,0.0139442,1
14_BRANCH0_158,1,0.0155027,1
14_BRANCH0_158,0,0.0153553,1
95,1,0.0078122,1
95,0,0.00769647,1
73_BRANCH0_344,1,0.0133062,1
73_BRANCH0_344,0,0.00952208,1
99,1,0.00988191,1
99,0,0.009834,1
162_BRANCH0_230,1,0.00534206,1
162_BRANCH0_230,0,0.223416,1
360_BRANCH0_378,1,0.0160513,1
360_BRANCH0_378,0,0.0130449,1
76_BRANCH0_142,1,0.00651782,1
76_BRANCH0_142,0,0.00650922,1
346,1,0.010157,1
346,0,0.014617,1
4_BRANCH0_380,1,0.0115391,1
4_BRANCH0_380,0,0.0133297,1
92,1,0.0148217,1
92,0,0.0148142,1
82_BRANCH0_174,1,0.00829798,1
82_BRANCH0_174,0,0.00641922,1
89_BRANCH0_258,1,0.00590082,1
89_BRANCH0_258,0,0.00674121,1
381_BRANCH0_416,1,7.81204,1
381_BRANCH0_416,0,0.0152816,1
82_BRANCH0_407,1,0.0199389,1
82_BRANCH0_407,0,0.0199575,1
301,1,0.0150115,1
301,0,0.0157287,1
86_BRANCH0_193,1,0.00968276,1
86_BRANCH0_193,0,0.00952161,1
309_BRANCH0_341,1,0.00904628,1
309_BRANCH0_341,0,0.00944184,1
89,1,0.00715914,1
89,0,0.00716419,1
260_BRANCH0_330,1,0.0086059,1
260_BRANCH0_330,0,0.00544088,1
285,1,0.00937923,1
285,0,0.00501707,1
309_BRANCH0_331,1,2.57222,1
309_BRANCH0_331,0,0.0094519,1
251,1,0.00622011,1
251,0,0.012124,1
386,1,0.281268,1
386,0,0.0167769,1
95_BRANCH0_147,1,0.012316,1
95_BRANCH0_147,0,0.0124323,1
276_BRANCH0_337,1,0.00869141,1
276_BRANCH0_337,0,2.58287,1
102,1,0.00452792,1
102,0,0.00439611,1
379,1,663.518,0
379,0,7.89058,1
95_BRANCH0_177,1,0.00809865,1
95_BRANCH0_177,0,0.00626619,1
319_BRANCH0_336,1,4.09782,1
319_BRANCH0_336,0,0.00949725,1
404_BRANCH0_416,1,7.82104,1
404_BRANCH0_416,0,0.0153237,1
154_BRANCH0_224,1,0.00551381,1
154_BRANCH0_224,0,0.216599,1
242,1,0.00660395,1
242,0,0.012977,1
342,1,0.00950131,1
342,0,0.167871,1
360_BRANCH0_377,1,0.0257386,1
360_BRANCH0_377,0,0.0123689,1
102_BRANCH0_150,1,0.00617589,1
102_BRANCH0_150,0,0.00620184,1
381_BRANCH0_432,1,0.0114157,1
381_BRANCH0_432,0,0.0143788,1
188,1,0.0145334,1
188,0,0.0155237,1
333,1,0.0127424,1
333,0,0.0153013,1
108_BRANCH0_151,1,0.0118165,1
108_BRANCH0_151,0,0.0123715,1
115_BRANCH0_198,1,0.0159615,1
115_BRANCH0_198,0,0.0157189,1
203_BRANCH0_247,1,0.0103435,1
203_BRANCH0_247,0,0.00652601,1
131_BRANCH0_187,1,0.00957321,1
131_BRANCH0_187,0,0.0112012,1
76,1,0.010283,1
76,0,0.0101312,1
108,1,12.4561,1
108,0,12.4623,1
112,1,0.00827374,1
112,0,0.00806095,1
115_BRANCH0_379,1,0.0122867,1
115_BRANCH0_379,0,368.334,0
319_BRANCH0_334,1,0.0073784,1
319_BRANCH0_334,0,0.00949641,1
378,1,0.0123685,1
378,0,0.0139184,1
115,1,0.0119354,1
115,0,0.0119541,1
118,1,0.00611675,1
118,0,0.00620907,1
332,1,0.0127363,1
332,0,0.0154121,1
386_BRANCH0_431,1,0.00807723,1
386_BRANCH0_431,0,0.0134811,1
119_BRANCH0_157,1,0.00949007,1
119_BRANCH0_157,0,0.0114194,1
79_BRANCH0_376,1,0.0164566,1
79_BRANCH0_376,0,0.0123995,1
393_BRANCH0_425,1,0.0105618,1
393_BRANCH0_425,0,0.0139407,1
123_BRANCH0_183,1,0.00961878,1
123_BRANCH0_183,0,0.011342,1
165_BRANCH0_233,1,0.00535066,1
165_BRANCH0_233,0,0.216365,1
334,1,0.00950335,1
334,0,0.00756086,1
40_BRANCH0_186,1,0.0154095,1
40_BRANCH0_186,0,0.0156451,1
422_BRANCH0_432,1,0.0127922,1
422_BRANCH0_432,0,0.0147866,1
260,1,0.0095409,1
260,0,0.00507536,1
264_BRANCH0_296,1,0.0116772,1
264_BRANCH0_296,0,0.00505622,1
300,1,0.0161956,1
300,0,0.0154436,1
264_BRANCH0_331,1,0.00870409,1
264_BRANCH0_331,0,2.58861,1
264,1,0.00949488,1
264,0,0.00505377,1
357,1,0.0119027,1
357,0,0.0122595,1
267_BRANCH0_332,1,0.00865669,1
267_BRANCH0_332,0,2.58779,1
267,1,0.00951559,1
267,0,0.00504455,1
270_BRANCH0_296,1,0.0119526,1
270_BRANCH0_296,0,0.00505653,1
352,1,0.015377,1
352,0,0.0124296,1
270_BRANCH0_333,1,0.00862965,1
270_BRANCH0_333,0,2.58535,1
425_BRANCH0_432,1,0.0144152,1
425_BRANCH0_432,0,0.0135448,1
270,1,0.00947614,1
270,0,0.00504794,1
276_BRANCH0_296,1,0.0116977,1
276_BRANCH0_296,0,0.00505772,1
276,1,0.00942288,1
276,0,0.00504995,1
309_BRANCH0_330,1,0.0054205,1
309_BRANCH0_330,0,0.00947468,1
411_BRANCH0_420,1,0.0139307,1
411_BRANCH0_420,0,0.0144204,1
279_BRANCH0_296,1,0.0118041,1
279_BRANCH0_296,0,0.00502251,1
279_BRANCH0_339,1,0.00858846,1
279_BRANCH0_339,0,2.59154,1
279,1,0.00952412,1
279,0,0.00506348,1
282_BRANCH0_296,1,0.0117681,1
282_BRANCH0_296,0,0.00505965,1
282_BRANCH0_341,1,0.00859138,1
282_BRANCH0_341,0,2.59118,1
282,1,0.00952266,1
282,0,0.0050605,1
288,1,0.0154628,1
288,0,0.0149352,1
290,1,0.01539,1
290,0,0.0151322,1
291,1,0.0154274,1
291,0,0.0154885,1
292,1,0.0154511,1
292,0,0.0148978,1
293,1,0.0154631,1
293,0,0.0153608,1
295,1,0.0155244,1
295,0,0.0149033,1
296_BRANCH0_309,1,0.0124607,1
296_BRANCH0_309,0,0.00548812,1
296_BRANCH0_319,1,0.0123528,1
296_BRANCH0_319,0,0.46142,1
296,1,0.00824746,1
296,0,0.00497711,1
302,1,0.0147861,1
302,0,0.0154912,1
303,1,0.0148502,1
303,0,0.0154235,1
305,1,0.0148698,1
305,0,0.0154281,1
309_BRANCH0_333,1,0.291235,1
309_BRANCH0_333,0,0.00942707,1
309_BRANCH0_339,1,0.0162494,1
309_BRANCH0_339,0,0.00950577,1
399_BRANCH0_428,1,0.0106735,1
399_BRANCH0_428,0,0.0139797,1
309_BRANCH0_343,1,0.0068169,1
309_BRANCH0_343,0,0.00904725,1
319_BRANCH0_345,1,0.0225367,1
319_BRANCH0_345,0,0.00951339,1
309,1,0.00546643,1
309,0,0.0124202,1
319_BRANCH0_340,1,0.461049,1
319_BRANCH0_340,0,0.00952526,1
319_BRANCH0_342,1,0.157443,1
319_BRANCH0_342,0,0.00950354,1
319_BRANCH0_344,1,0.0562738,1
319_BRANCH0_344,0,0.00951484,1
319_BRANCH0_346,1,0.0112066,1
319_BRANCH0_346,0,0.00952054,1
319_BRANCH0_347,1,0.00782635,1
319_BRANCH0_347,0,193.297,0
331,1,0.0125446,1
331,0,0.0154044,1
319,1,0.462648,1
319,0,0.0123967,1
329,1,0.00507009,1
329,0,0.00823852,1
336,1,0.00951986,1
336,0,0.00588857,1
357_BRANCH0_360,1,0.014859,1
357_BRANCH0_360,0,0.321534,1
337,1,0.0127422,1
337,0,0.0153682,1
338,1,0.00966261,1
338,0,0.282585,1
343,1,0.0126946,1
343,0,0.0154524,1
344,1,0.0096702,1
344,0,0.0109281,1
386_BRANCH0_422,1,0.00710063,1
386_BRANCH0_422,0,0.0127035,1
349,1,0.0154014,1
349,0,0.0125049,1
351,1,0.0154195,1
351,0,0.0124202,1
355,1,0.0153885,1
355,0,0.0124015,1
356,1,0.0154126,1
356,0,0.0124624,1
357_BRANCH0_370,1,0.0119332,1
357_BRANCH0_370,0,0.0123003,1
360_BRANCH0_371,1,0.0127662,1
360_BRANCH0_371,0,0.012393,1
360_BRANCH0_372,1,14.0624,1
360_BRANCH0_372,0,0.0124333,1
360_BRANCH0_374,1,0.884326,1
360_BRANCH0_374,0,0.0124095,1
360_BRANCH0_375,1,0.22997,1
360_BRANCH0_375,0,0.0124644,1
360_BRANCH0_379,1,50.4728,1
360_BRANCH0_379,0,691.101,0
370,1,0.0121649,1
370,0,0.0120062,1
371,1,0.0123725,1
371,0,0.0128359,1
372,1,0.0124384,1
372,0,0.00587947,1
373,1,0.0123593,1
373,0,0.28309,1
374,1,0.0123969,1
374,0,0.089382,1
375,1,0.0124081,1
375,0,0.169529,1
376,1,0.0124775,1
376,0,0.0110803,1
377,1,0.0124341,1
377,0,0.0201179,1
380,1,0.0126505,1
380,0,0.00685194,1
381_BRANCH0_430,1,0.00882497,1
381_BRANCH0_430,0,0.0132884,1
381_BRANCH0_431,1,0.00927946,1
381_BRANCH0_431,0,0.013639,1
381,1,0.00592362,1
381,0,0.0127472,1
386_BRANCH0_429,1,0.0105243,1
386_BRANCH0_429,0,0.0144363,1
386_BRANCH0_430,1,0.00721749,1
386_BRANCH0_430,0,0.0131148,1
393_BRANCH0_416,1,7.85337,1
393_BRANCH0_416,0,0.0153649,1
393_BRANCH0_417,1,0.007215,1
393_BRANCH0_417,0,0.0135687,1
393_BRANCH0_428,1,0.010591,1
393_BRANCH0_428,0,0.0140457,1
399_BRANCH0_416,1,7.8582,1
399_BRANCH0_416,0,0.0153556,1
399_BRANCH0_425,1,0.0106682,1
399_BRANCH0_425,0,0.0140942,1
399_BRANCH0_430,1,0.00887059,1
399_BRANCH0_430,0,0.0131862,1
399,1,0.169029,1
399,0,0.0161138,1
407_BRANCH0_416,1,7.86124,1
407_BRANCH0_416,0,0.0153585,1
407_BRANCH0_419,1,0.012431,1
407_BRANCH0_419,0,0.0140705,1
407,1,0.0201708,1
407,0,0.0152739,1
411,1,0.0140654,1
411,0,0.0144743,1
414,1,7.94686,1
414,0,0.0153488,1
417,1,0.0137714,1
417,0,0.00720952,1
419,1,0.0139763,1
419,0,0.0123605,1
420,1,0.0145645,1
420,0,0.0143349,1
421,1,0.0141196,1
421,0,0.00683361,1
422_BRANCH0_430,1,0.013279,1
422_BRANCH0_430,0,0.0150685,1
422,1,0.0128984,1
422,0,0.0150092,1
425_BRANCH0_431,1,0.0141389,1
425_BRANCH0_431,0,0.0136337,1
425,1,0.0141225,1
425,0,0.013711,1
428,1,0.0141819,1
428,0,0.0136603,1
429,1,0.0145724,1
429,0,0.012292,1
430,1,0.0133223,1
430,0,0.00500565,1
431,1,0.013647,1
431,0,0.0136021,1
