0.00272339
16_BRANCH0_22,1,0.000218943,1
16_BRANCH0_22,0,0.000111975,1
11,1,0.000101794,1
11,0,9.3699e-05,1
11_BRANCH0_19,1,7.9633e-05,1
11_BRANCH0_19,0,7.9075e-05,1
11_BRANCH0_16,1,7.5142e-05,1
11_BRANCH0_16,0,5.603e-05,1
7,1,7.847e-05,1
7,0,7.1848e-05,1
6,1,9.7304e-05,1
6,0,8.9423e-05,1
19,1,7.8767e-05,1
19,0,5.6687e-05,1
3_BRANCH0_11,1,9.5112e-05,1
3_BRANCH0_11,0,9.5595e-05,1
16_BRANCH0_23,1,7.5426e-05,1
16_BRANCH0_23,0,7.9665e-05,1
10,1,6.7384e-05,1
10,0,4.9804e-05,1
3_BRANCH0_10,1,6.7127e-05,1
3_BRANCH0_10,0,6.7436e-05,1
2,1,4.8745e-05,1
2,0,6.9793e-05,1
3,1,0.000101113,1
3,0,0.000101809,1
16,1,5.545e-05,1
16,0,7.5774e-05,1
1,1,7.0226e-05,1
1,0,6.7311e-05,1
22,1,5.7304e-05,1
22,0,5.0495e-05,1
23,1,7.7415e-05,1
23,0,6.1615e-05,1
