257.916
254,1,0.00335087,1
254,0,0.00419446,1
415,1,0.00239153,1
415,0,0.00388926,1
250,1,0.00308751,1
250,0,0.00408357,1
341,1,0.00215217,1
341,0,0.00218099,1
247,1,0.00218872,1
247,0,0.00211194,1
236_BRANCH0_273,1,0.00298549,1
236_BRANCH0_273,0,0.00250439,1
247_BRANCH0_282,1,0.00297814,1
247_BRANCH0_282,0,0.00240507,1
246,1,0.00317656,1
246,0,0.00404843,1
157,1,0.00304564,1
157,0,0.00389864,1
30_BRANCH0_386,1,0.00339633,1
30_BRANCH0_386,0,0.00343932,1
243_BRANCH0_293,1,0.00209708,1
243_BRANCH0_293,0,0.00215678,1
273_BRANCH0_296,1,0.00242688,1
273_BRANCH0_296,0,0.00240278,1
243_BRANCH0_279,1,0.00294853,1
243_BRANCH0_279,0,0.00245329,1
239,1,0.00216374,1
239,0,0.00224883,1
239_BRANCH0_276,1,0.00302213,1
239_BRANCH0_276,0,0.00238309,1
236,1,0.00215584,1
236,0,0.00223551,1
411_BRANCH0_416,1,0.00297089,1
411_BRANCH0_416,0,0.328059,1
233_BRANCH0_270,1,0.00300237,1
233_BRANCH0_270,0,0.00273892,1
230,1,0.00212439,1
230,0,0.00194776,1
199_BRANCH0_223,1,0.00163719,1
199_BRANCH0_223,0,0.0017566,1
230_BRANCH0_289,1,0.0020363,1
230_BRANCH0_289,0,0.00199509,1
230_BRANCH0_267,1,0.00293684,1
230_BRANCH0_267,0,0.00193384,1
27,1,0.0271841,1
27,0,0.0272062,1
224,1,0.00226792,1
224,0,0.00292463,1
134,1,0.00365029,1
134,0,0.00349314,1
223,1,0.00189553,1
223,0,0.0015418,1
130,1,0.00346363,1
130,0,0.00356002,1
213_BRANCH0_259,1,0.0023388,1
213_BRANCH0_259,0,9.2411,0
213_BRANCH0_254,1,0.00216707,1
213_BRANCH0_254,0,0.00217343,1
213_BRANCH0_242,1,0.0023484,1
213_BRANCH0_242,0,0.00190877,1
203,1,0.00222636,1
203,0,0.062035,1
203_BRANCH0_251,1,0.00249328,1
203_BRANCH0_251,0,0.00224874,1
191,1,0.00236298,1
191,0,0.00300606,1
203_BRANCH0_243,1,0.00242709,1
203_BRANCH0_243,0,0.00231143,1
171_BRANCH0_239,1,0.00354621,1
171_BRANCH0_239,0,0.00224152,1
416,1,0.00348073,1
416,0,0.310614,1
251_BRANCH0_295,1,0.00203553,1
251_BRANCH0_295,0,0.00227377,1
203_BRANCH0_236,1,0.00233254,1
203_BRANCH0_236,0,0.00229006,1
203_BRANCH0_230,1,0.00224959,1
203_BRANCH0_230,0,0.00251712,1
203_BRANCH0_227,1,0.0361307,1
203_BRANCH0_227,0,0.00264398,1
257,1,0.0028904,1
257,0,0.00302097,1
138,1,0.00354065,1
138,0,0.00365011,1
34_BRANCH0_185,1,0.00386514,1
34_BRANCH0_185,0,0.00374511,1
66_BRANCH0_375,1,0.0224716,1
66_BRANCH0_375,0,0.0223866,1
203_BRANCH0_224,1,0.0023239,1
203_BRANCH0_224,0,0.0018065,1
40_BRANCH0_373,1,0.0226212,1
40_BRANCH0_373,0,0.0227262,1
199,1,0.00167114,1
199,0,0.00179422,1
69_BRANCH0_139,1,0.00382931,1
69_BRANCH0_139,0,0.00307977,1
86_BRANCH0_345,1,0.00447761,1
86_BRANCH0_345,0,0.0033377,1
296_BRANCH0_329,1,0.00183533,1
296_BRANCH0_329,0,0.00236731,1
197,1,0.0022664,1
197,0,0.00302443,1
196,1,0.00233262,1
196,0,0.00307514,1
123_BRANCH0_184,1,0.00394555,1
123_BRANCH0_184,0,0.00398525,1
195,1,0.00235224,1
195,0,0.00304813,1
192,1,0.00238263,1
192,0,0.00306602,1
189,1,0.00231516,1
189,0,0.00302139,1
308,1,0.00197191,1
308,0,0.00223179,1
203_BRANCH0_233,1,0.00244322,1
203_BRANCH0_233,0,0.00254686,1
386_BRANCH0_416,1,0.00399674,1
386_BRANCH0_416,0,0.305244,1
386_BRANCH0_425,1,0.00406385,1
386_BRANCH0_425,0,0.00251389,1
187,1,0.00226083,1
187,0,0.00382008,1
158,1,0.00331969,1
158,0,0.00380785,1
251_BRANCH0_285,1,0.0030729,1
251_BRANCH0_285,0,0.00243638,1
184,1,0.00310548,1
184,0,0.00393697,1
285_BRANCH0_296,1,0.00242555,1
285_BRANCH0_296,0,0.00239156,1
183,1,0.0030542,1
183,0,0.00386271,1
73,1,0.00308238,1
73,0,0.00306894,1
180_BRANCH0_251,1,0.00361963,1
180_BRANCH0_251,0,0.00224789,1
263,1,0.00257775,1
263,0,0.00224866,1
180_BRANCH0_199,1,0.00344703,1
180_BRANCH0_199,0,0.00199256,1
177,1,0.00338726,1
177,0,0.00260022,1
139,1,0.00294342,1
139,0,0.00370539,1
309_BRANCH0_337,1,0.003973,1
309_BRANCH0_337,0,0.0023333,1
227_BRANCH0_264,1,0.00245967,1
227_BRANCH0_264,0,0.00287697,1
168_BRANCH0_199,1,0.00346854,1
168_BRANCH0_199,0,0.00201022,1
174,1,0.00348049,1
174,0,0.00246877,1
34_BRANCH0_338,1,0.00921165,1
34_BRANCH0_338,0,0.00854563,1
174_BRANCH0_199,1,0.00345634,1
174_BRANCH0_199,0,0.00192789,1
171,1,0.00352516,1
171,0,0.00245993,1
95_BRANCH0_411,1,0.00346557,1
95_BRANCH0_411,0,0.00349008,1
174_BRANCH0_243,1,0.00355383,1
174_BRANCH0_243,0,0.00229261,1
224_BRANCH0_263,1,0.00223839,1
224_BRANCH0_263,0,0.00299841,1
180,1,0.00358813,1
180,0,0.00248758,1
168,1,0.00348671,1
168,0,0.00247534,1
165,1,0.00352331,1
165,0,0.00244518,1
162,1,0.00350756,1
162,0,0.00246468,1
159_BRANCH0_227,1,0.00349018,1
159_BRANCH0_227,0,0.00232383,1
21_BRANCH0_183,1,0.00388972,1
21_BRANCH0_183,0,0.00384829,1
213_BRANCH0_256,1,0.00234487,1
213_BRANCH0_256,0,0.00302582,1
4,1,0.00484014,1
4,0,0.00484985,1
154,1,0.00352307,1
154,0,0.00249796,1
159_BRANCH0_199,1,0.00346284,1
159_BRANCH0_199,0,0.00191517,1
194,1,0.00226538,1
194,0,0.00315799,1
154_BRANCH0_199,1,0.00343407,1
154_BRANCH0_199,0,0.00195564,1
151,1,0.00306101,1
151,0,0.00375804,1
47_BRANCH0_340,1,0.00869804,1
47_BRANCH0_340,0,0.00849616,1
122,1,0.00362538,1
122,0,0.00366676,1
151_BRANCH0_198,1,0.00310212,1
151_BRANCH0_198,0,0.00400118,1
1_BRANCH0_242,1,0.0750183,1
1_BRANCH0_242,0,0.00314799,1
47_BRANCH0_187,1,0.00389683,1
47_BRANCH0_187,0,0.00387934,1
150,1,0.00362537,1
150,0,0.00360381,1
147,1,0.00318558,1
147,0,0.00371214,1
147_BRANCH0_195,1,0.00306986,1
147_BRANCH0_195,0,0.00368767,1
233_BRANCH0_290,1,0.00208913,1
233_BRANCH0_290,0,0.00203039,1
146,1,0.00361475,1
146,0,0.00360949,1
360,1,0.00224618,1
360,0,0.283829,1
171_BRANCH0_199,1,0.00351959,1
171_BRANCH0_199,0,0.00194489,1
143_BRANCH0_194,1,0.0031424,1
143_BRANCH0_194,0,0.00390853,1
255,1,0.00303549,1
255,0,0.00320233,1
139_BRANCH0_191,1,0.00317594,1
139_BRANCH0_191,0,0.00368583,1
213_BRANCH0_255,1,0.00233397,1
213_BRANCH0_255,0,0.00309823,1
79_BRANCH0_192,1,0.00316004,1
79_BRANCH0_192,0,0.00317765,1
199_BRANCH0_213,1,0.00294794,1
199_BRANCH0_213,0,0.00240444,1
340,1,0.00251333,1
340,0,0.00385111,1
348,1,0.00235175,1
348,0,0.00332717,1
135,1,0.00310054,1
135,0,0.00376056,1
213_BRANCH0_250,1,0.00235285,1
213_BRANCH0_250,0,0.00206648,1
151_BRANCH0_197,1,0.00308017,1
151_BRANCH0_197,0,0.00369974,1
360_BRANCH0_373,1,0.641831,1
360_BRANCH0_373,0,0.00262116,1
135_BRANCH0_190,1,0.00305791,1
135_BRANCH0_190,0,0.00400628,1
309_BRANCH0_332,1,0.00386802,1
309_BRANCH0_332,0,0.00205426,1
350,1,0.0020807,1
350,0,0.00327686,1
135_BRANCH0_189,1,0.00311718,1
135_BRANCH0_189,0,0.00368742,1
131,1,0.00316384,1
131,0,0.00372763,1
127,1,0.00386383,1
127,0,0.00381724,1
335,1,0.0022613,1
335,0,0.00231254,1
227,1,0.00249593,1
227,0,0.00298593,1
213_BRANCH0_246,1,0.0364922,1
213_BRANCH0_246,0,0.00315347,1
79,1,0.00313864,1
79,0,0.00306233,1
177_BRANCH0_247,1,0.00358186,1
177_BRANCH0_247,0,0.00234111,1
56,1,0.432599,1
56,0,0.432363,1
56_BRANCH0_168,1,0.00356598,1
56_BRANCH0_168,0,0.00362378,1
53,1,0.0277907,1
53,0,0.0275342,1
159,1,0.00367619,1
159,0,0.00258412,1
8_BRANCH0_334,1,0.00822729,1
8_BRANCH0_334,0,0.0084596,1
53_BRANCH0_188,1,0.00399063,1
53_BRANCH0_188,0,0.00411942,1
50,1,0.00758902,1
50,0,0.00739706,1
50_BRANCH0_255,1,0.00766211,1
50_BRANCH0_255,0,0.00319454,1
227_BRANCH0_288,1,0.00253791,1
227_BRANCH0_288,0,0.00300193,1
393_BRANCH0_429,1,19.2742,0
393_BRANCH0_429,0,0.00208906,1
50_BRANCH0_134,1,0.00369883,1
50_BRANCH0_134,0,0.00366775,1
27_BRANCH0_184,1,0.00396074,1
27_BRANCH0_184,0,0.00398892,1
40,1,0.0278443,1
40,0,0.027562,1
309_BRANCH0_335,1,0.00333073,1
309_BRANCH0_335,0,0.00234072,1
73_BRANCH0_191,1,0.0031115,1
73_BRANCH0_191,0,0.00312444,1
247_BRANCH0_294,1,0.00219061,1
247_BRANCH0_294,0,0.00228907,1
37_BRANCH0_254,1,0.0124386,1
37_BRANCH0_254,0,0.0030858,1
224_BRANCH0_260,1,0.00234291,1
224_BRANCH0_260,0,0.00301821,1
239_BRANCH0_292,1,0.00226254,1
239_BRANCH0_292,0,0.00226058,1
108_BRANCH0_414,1,6.17355,1
108_BRANCH0_414,0,0.709976,1
199_BRANCH0_203,1,0.0618375,1
199_BRANCH0_203,0,0.00223784,1
119,1,0.00394846,1
119,0,0.00388485,1
258,1,0.00293178,1
258,0,0.00296931,1
177_BRANCH0_199,1,0.00358227,1
177_BRANCH0_199,0,0.00197794,1
14,1,0.027395,1
14,0,0.0278676,1
30,1,0.00441682,1
30,0,0.00442132,1
319_BRANCH0_338,1,0.00399935,1
319_BRANCH0_338,0,0.00238573,1
56_BRANCH0_399,1,0.00354657,1
56_BRANCH0_399,0,0.00352263,1
127_BRANCH0_186,1,0.00394267,1
127_BRANCH0_186,0,0.0039549,1
43_BRANCH0_393,1,0.00358493,1
43_BRANCH0_393,0,0.00359507,1
17,1,0.00449358,1
17,0,0.00451766,1
11,1,0.0395515,1
11,0,0.0394103,1
236_BRANCH0_291,1,0.00214779,1
236_BRANCH0_291,0,0.00225951,1
69_BRANCH0_404,1,0.00360445,1
69_BRANCH0_404,0,0.00358222,1
37_BRANCH0_130,1,0.00360736,1
37_BRANCH0_130,0,0.00362757,1
233,1,0.00222808,1
233,0,0.00212345,1
11_BRANCH0_122,1,0.00360542,1
11_BRANCH0_122,0,0.00373028,1
360_BRANCH0_376,1,0.0143133,1
360_BRANCH0_376,0,0.00842435,1
213_BRANCH0_257,1,0.00244633,1
213_BRANCH0_257,0,0.00303928,1
17_BRANCH0_123,1,0.0038471,1
17_BRANCH0_123,0,0.00387215,1
294,1,0.0023117,1
294,0,0.00197309,1
30_BRANCH0_127,1,0.00387719,1
30_BRANCH0_127,0,0.00390301,1
162_BRANCH0_199,1,0.00353633,1
162_BRANCH0_199,0,0.00197087,1
60,1,0.00948887,1
60,0,0.00965634,1
105_BRANCH0_196,1,0.00316818,1
105_BRANCH0_196,0,0.00327412,1
267_BRANCH0_296,1,0.00193912,1
267_BRANCH0_296,0,0.00239008,1
56_BRANCH0_135,1,0.00377846,1
56_BRANCH0_135,0,0.00318209,1
418,1,0.00264401,1
418,0,0.00313836,1
24,1,0.0217716,1
24,0,0.0215248,1
63_BRANCH0_256,1,0.00323885,1
63_BRANCH0_256,0,0.00321333,1
168_BRANCH0_236,1,0.00359017,1
168_BRANCH0_236,0,0.00237288,1
347,1,12.685,0
347,0,0.00368883,1
60_BRANCH0_189,1,0.00316696,1
60_BRANCH0_189,0,0.00312818,1
24_BRANCH0_250,1,0.0215056,1
24_BRANCH0_250,0,0.00310581,1
127_BRANCH0_185,1,0.00386662,1
127_BRANCH0_185,0,0.00372776,1
213_BRANCH0_258,1,0.00246883,1
213_BRANCH0_258,0,0.00303751,1
256,1,0.00296091,1
256,0,0.00324975,1
34,1,0.00951677,1
34,0,0.00956719,1
259,1,9.39722,0
259,0,0.00376651,1
37,1,0.0123112,1
37,0,0.0122895,1
89_BRANCH0_146,1,0.00356036,1
89_BRANCH0_146,0,0.00371049,1
119_BRANCH0_158,1,0.00391423,1
119_BRANCH0_158,0,0.00417395,1
1,1,0.0758856,1
1,0,0.0756941,1
76_BRANCH0_257,1,0.00336052,1
76_BRANCH0_257,0,0.00330503,1
43_BRANCH0_131,1,0.00376967,1
43_BRANCH0_131,0,0.00317974,1
17_BRANCH0_381,1,0.00348948,1
17_BRANCH0_381,0,0.00353239,1
4_BRANCH0_154,1,0.00343586,1
4_BRANCH0_154,0,0.00363599,1
63,1,0.00310618,1
63,0,0.0028941,1
123,1,0.00377139,1
123,0,0.00381691,1
14_BRANCH0_371,1,0.022667,1
14_BRANCH0_371,0,0.0227806,1
147_BRANCH0_196,1,0.00323854,1
147_BRANCH0_196,0,0.00407906,1
99_BRANCH0_346,1,0.00353382,1
99_BRANCH0_346,0,0.00344081,1
353,1,0.00239175,1
353,0,0.00326538,1
82_BRANCH0_143,1,0.00375408,1
82_BRANCH0_143,0,0.00316607,1
354,1,0.00233242,1
354,0,0.00336391,1
126,1,0.00368803,1
126,0,0.00366951,1
30_BRANCH0_162,1,0.00357472,1
30_BRANCH0_162,0,0.00363873,1
165_BRANCH0_199,1,0.00375789,1
165_BRANCH0_199,0,0.0019416,1
285_BRANCH0_343,1,0.00236229,1
285_BRANCH0_343,0,0.00299036,1
53_BRANCH0_374,1,0.0230807,1
53_BRANCH0_374,0,0.0228249,1
1_BRANCH0_118,1,0.00362271,1
1_BRANCH0_118,0,0.00374636,1
143,1,0.00318635,1
143,0,0.00376098,1
304,1,0.00210399,1
304,0,0.00229103,1
112_BRANCH0_347,1,0.00324591,1
112_BRANCH0_347,0,20.8478,0
60_BRANCH0_342,1,0.00827018,1
60_BRANCH0_342,0,0.0105229,1
330,1,0.00344551,1
330,0,0.0469891,1
86,1,0.00471404,1
86,0,0.00468433,1
243,1,0.0023034,1
243,0,0.00224349,1
17_BRANCH0_159,1,0.00356916,1
17_BRANCH0_159,0,0.00368563,1
92_BRANCH0_194,1,0.00320252,1
92_BRANCH0_194,0,0.00321451,1
43,1,0.43639,1
43,0,0.424247,1
8_BRANCH0_157,1,0.00390905,1
8_BRANCH0_157,0,0.00392173,1
198,1,0.00234782,1
198,0,0.00320593,1
8,1,0.00966017,1
8,0,0.00950492,1
21_BRANCH0_336,1,0.00850451,1
21_BRANCH0_336,0,0.00854554,1
21,1,0.00951321,1
21,0,0.00961856,1
339,1,0.00324255,1
339,0,0.00230836,1
105,1,0.00383212,1
105,0,0.00390527,1
43_BRANCH0_165,1,0.00367807,1
43_BRANCH0_165,0,0.00364081,1
143_BRANCH0_193,1,0.00328044,1
143_BRANCH0_193,0,0.00378695,1
82,1,0.434412,1
82,0,0.43637,1
24_BRANCH0_126,1,0.00370662,1
24_BRANCH0_126,0,0.0036845,1
92_BRANCH0_377,1,0.00475245,1
92_BRANCH0_377,0,0.00348659,1
4_BRANCH0_119,1,0.00388187,1
4_BRANCH0_119,0,0.00391343,1
260_BRANCH0_296,1,0.00262616,1
260_BRANCH0_296,0,0.0034446,1
289,1,0.00204173,1
289,0,0.00208926,1
27_BRANCH0_372,1,0.0224686,1
27_BRANCH0_372,0,0.0228064,1
407_BRANCH0_429,1,0.00321004,1
407_BRANCH0_429,0,0.0024887,1
193,1,0.00227624,1
193,0,0.00317634,1
190,1,0.00248018,1
190,0,0.00307376,1
139_BRANCH0_192,1,0.00321047,1
139_BRANCH0_192,0,0.00404178,1
306,1,0.00214389,1
306,0,0.00231355,1
404_BRANCH0_418,1,0.00320121,1
404_BRANCH0_418,0,0.00270068,1
432,1,0.00262009,1
432,0,0.00337672,1
63_BRANCH0_138,1,0.00369089,1
63_BRANCH0_138,0,0.00377459,1
47,1,0.00948712,1
47,0,0.00944039,1
105_BRANCH0_378,1,0.00378449,1
105_BRANCH0_378,0,0.003545,1
203_BRANCH0_239,1,0.00251995,1
203_BRANCH0_239,0,0.00237319,1
102_BRANCH0_259,1,0.0032755,1
102_BRANCH0_259,0,11.0488,0
66_BRANCH0_190,1,0.00302965,1
66_BRANCH0_190,0,0.00315925,1
273_BRANCH0_335,1,0.00229503,1
273_BRANCH0_335,0,0.0030146,1
142,1,0.00368346,1
142,0,0.0037593,1
307,1,0.00198955,1
307,0,0.00235005,1
393,1,0.00410144,1
393,0,0.00213771,1
66,1,0.0282229,1
66,0,0.0282446,1
186,1,0.00323698,1
186,0,0.00401689,1
108_BRANCH0_180,1,0.00364516,1
108_BRANCH0_180,0,0.00349639,1
99_BRANCH0_195,1,0.00323571,1
99_BRANCH0_195,0,0.00323786,1
112_BRANCH0_197,1,0.00308719,1
112_BRANCH0_197,0,0.0031961,1
11_BRANCH0_246,1,0.0399268,1
11_BRANCH0_246,0,0.00314815,1
185,1,0.00316529,1
185,0,0.00405108,1
273,1,0.00256675,1
273,0,0.00251819,1
213,1,0.00243078,1
213,0,0.00302695,1
345,1,0.00268936,1
345,0,0.00386363,1
131_BRANCH0_188,1,0.00401648,1
131_BRANCH0_188,0,0.00404273,1
69_BRANCH0_171,1,0.00363981,1
69_BRANCH0_171,0,0.00370812,1
69,1,0.00531878,1
69,0,0.00534692,1
404,1,0.00322498,1
404,0,0.00276508,1
14_BRANCH0_158,1,0.00400852,1
14_BRANCH0_158,0,0.00400137,1
95,1,0.437182,1
95,0,0.428043,1
73_BRANCH0_344,1,0.00327192,1
73_BRANCH0_344,0,0.00334612,1
99,1,0.00356158,1
99,0,0.00356137,1
162_BRANCH0_230,1,0.00361758,1
162_BRANCH0_230,0,0.00240898,1
360_BRANCH0_378,1,0.00388553,1
360_BRANCH0_378,0,0.00316524,1
76_BRANCH0_142,1,0.00367425,1
76_BRANCH0_142,0,0.00369913,1
346,1,0.0026883,1
346,0,0.00395143,1
4_BRANCH0_380,1,0.00376158,1
4_BRANCH0_380,0,0.00375288,1
92,1,0.00482139,1
92,0,0.0047659,1
82_BRANCH0_174,1,0.00355735,1
82_BRANCH0_174,0,0.00370659,1
89_BRANCH0_258,1,0.00331147,1
89_BRANCH0_258,0,0.00323272,1
381_BRANCH0_416,1,0.00431492,1
381_BRANCH0_416,0,0.30171,1
82_BRANCH0_407,1,0.00369185,1
82_BRANCH0_407,0,0.00362067,1
301,1,0.00195012,1
301,0,0.00311869,1
86_BRANCH0_193,1,0.00328218,1
86_BRANCH0_193,0,0.00318981,1
309_BRANCH0_341,1,0.00393654,1
309_BRANCH0_341,0,0.00230993,1
89,1,0.00320833,1
89,0,0.00317232,1
260_BRANCH0_330,1,0.00262439,1
260_BRANCH0_330,0,0.00347589,1
285,1,0.0025999,1
285,0,0.00250905,1
309_BRANCH0_331,1,0.00391462,1
309_BRANCH0_331,0,0.047101,1
251,1,0.00215935,1
251,0,0.00228447,1
386,1,0.00431103,1
386,0,0.00271981,1
95_BRANCH0_147,1,0.00387601,1
95_BRANCH0_147,0,0.00324995,1
276_BRANCH0_337,1,0.00232193,1
276_BRANCH0_337,0,0.00309484,1
102,1,0.0032205,1
102,0,0.00318218,1
379,1,43.0543,0
379,0,0.00372394,1
95_BRANCH0_177,1,0.00357761,1
95_BRANCH0_177,0,0.00365136,1
319_BRANCH0_336,1,0.00344982,1
319_BRANCH0_336,0,0.0486658,1
404_BRANCH0_416,1,0.0035273,1
404_BRANCH0_416,0,0.31232,1
154_BRANCH0_224,1,0.00368464,1
154_BRANCH0_224,0,0.00247145,1
242,1,0.00322388,1
242,0,0.00220726,1
342,1,0.00273453,1
342,0,0.00386366,1
360_BRANCH0_377,1,0.00550817,1
360_BRANCH0_377,0,0.00422257,1
102_BRANCH0_150,1,0.00372382,1
102_BRANCH0_150,0,0.0037623,1
381_BRANCH0_432,1,0.00335167,1
381_BRANCH0_432,0,0.00268258,1
188,1,0.00227713,1
188,0,0.00412465,1
333,1,0.00228466,1
333,0,0.0022009,1
108_BRANCH0_151,1,0.00388967,1
108_BRANCH0_151,0,0.00317251,1
115_BRANCH0_198,1,0.00323312,1
115_BRANCH0_198,0,0.0032663,1
203_BRANCH0_247,1,0.00253648,1
203_BRANCH0_247,0,0.00243922,1
131_BRANCH0_187,1,0.00393806,1
131_BRANCH0_187,0,0.00376207,1
76,1,0.00323942,1
76,0,0.00319124,1
108,1,2.35489,1
108,0,2.40892,1
112,1,0.00333099,1
112,0,0.00331767,1
115_BRANCH0_379,1,0.00336566,1
115_BRANCH0_379,0,48.8899,0
319_BRANCH0_334,1,0.00328924,1
319_BRANCH0_334,0,0.0490383,1
378,1,0.00317884,1
378,0,0.00241048,1
115,1,0.00357837,1
115,0,0.00341296,1
118,1,0.00368835,1
118,0,0.00377907,1
332,1,0.00221592,1
332,0,0.00205653,1
386_BRANCH0_431,1,0.0041083,1
386_BRANCH0_431,0,0.00263118,1
119_BRANCH0_157,1,0.00406021,1
119_BRANCH0_157,0,0.00368474,1
79_BRANCH0_376,1,0.00320955,1
79_BRANCH0_376,0,0.00327022,1
393_BRANCH0_425,1,0.00411794,1
393_BRANCH0_425,0,0.00241798,1
123_BRANCH0_183,1,0.00381724,1
123_BRANCH0_183,0,0.00378504,1
165_BRANCH0_233,1,0.00363526,1
165_BRANCH0_233,0,0.00244359,1
334,1,0.00851721,1
334,0,0.00235918,1
40_BRANCH0_186,1,0.00390979,1
40_BRANCH0_186,0,0.00409753,1
422_BRANCH0_432,1,0.00255013,1
422_BRANCH0_432,0,0.00393678,1
260,1,0.00260185,1
260,0,0.00347672,1
264_BRANCH0_296,1,0.00300341,1
264_BRANCH0_296,0,0.0024828,1
300,1,0.00234576,1
300,0,0.00260315,1
264_BRANCH0_331,1,0.00295874,1
264_BRANCH0_331,0,0.00313198,1
264,1,0.00302843,1
264,0,0.00252015,1
357,1,0.00181579,1
357,0,0.00333107,1
267_BRANCH0_332,1,0.002075,1
267_BRANCH0_332,0,0.00310079,1
267,1,0.00207824,1
267,0,0.00254742,1
270_BRANCH0_296,1,0.00285096,1
270_BRANCH0_296,0,0.0024484,1
352,1,0.00228103,1
352,0,0.00343781,1
270_BRANCH0_333,1,0.00215253,1
270_BRANCH0_333,0,0.00307473,1
425_BRANCH0_432,1,0.00247531,1
425_BRANCH0_432,0,0.00363772,1
270,1,0.00290701,1
270,0,0.00251303,1
276_BRANCH0_296,1,0.00253428,1
276_BRANCH0_296,0,0.00243065,1
276,1,0.00254148,1
276,0,0.00303555,1
309_BRANCH0_330,1,0.0032007,1
309_BRANCH0_330,0,0.0463885,1
411_BRANCH0_420,1,0.00312555,1
411_BRANCH0_420,0,0.0027395,1
279_BRANCH0_296,1,0.00252724,1
279_BRANCH0_296,0,0.00251101,1
279_BRANCH0_339,1,0.0022603,1
279_BRANCH0_339,0,0.00307656,1
279,1,0.0026321,1
279,0,0.0024657,1
282_BRANCH0_296,1,0.00254391,1
282_BRANCH0_296,0,0.00247611,1
282_BRANCH0_341,1,0.00228033,1
282_BRANCH0_341,0,0.00309762,1
282,1,0.00267181,1
282,0,0.00252193,1
288,1,0.00294847,1
288,0,0.00205689,1
290,1,0.00213515,1
290,0,0.00208672,1
291,1,0.0022812,1
291,0,0.00206935,1
292,1,0.00233464,1
292,0,0.00208226,1
293,1,0.00235234,1
293,0,0.00208329,1
295,1,0.00233183,1
295,0,0.00207323,1
296_BRANCH0_309,1,0.002179,1
296_BRANCH0_309,0,0.00325296,1
296_BRANCH0_319,1,0.0252064,1
296_BRANCH0_319,0,0.00333192,1
296,1,0.00203488,1
296,0,0.00251523,1
302,1,0.00203423,1
302,0,0.00213974,1
303,1,0.00205508,1
303,0,0.00218362,1
305,1,0.0020456,1
305,0,0.00238465,1
309_BRANCH0_333,1,0.00395435,1
309_BRANCH0_333,0,0.00216132,1
309_BRANCH0_339,1,0.00329067,1
309_BRANCH0_339,0,0.00240664,1
399_BRANCH0_428,1,0.00338799,1
399_BRANCH0_428,0,0.00314167,1
309_BRANCH0_343,1,0.00336928,1
309_BRANCH0_343,0,0.00241734,1
319_BRANCH0_345,1,0.00429256,1
319_BRANCH0_345,0,0.0027684,1
309,1,0.00323669,1
309,0,0.00224092,1
319_BRANCH0_340,1,0.00428213,1
319_BRANCH0_340,0,0.00257298,1
319_BRANCH0_342,1,0.0043109,1
319_BRANCH0_342,0,0.00269897,1
319_BRANCH0_344,1,0.00427427,1
319_BRANCH0_344,0,0.00271886,1
319_BRANCH0_346,1,0.00425034,1
319_BRANCH0_346,0,0.00274157,1
319_BRANCH0_347,1,0.00377229,1
319_BRANCH0_347,0,13.4907,0
331,1,0.00214414,1
331,0,0.0463627,1
319,1,0.00343225,1
319,0,0.0248865,1
329,1,0.00252089,1
329,0,0.00193544,1
336,1,0.0487064,1
336,0,0.00396738,1
357_BRANCH0_360,1,0.285069,1
357_BRANCH0_360,0,0.00233545,1
337,1,0.0023166,1
337,0,0.00235022,1
338,1,0.00235888,1
338,0,0.0039462,1
343,1,0.0032249,1
343,0,0.00235983,1
344,1,0.00270423,1
344,0,0.00389494,1
386_BRANCH0_422,1,0.00416568,1
386_BRANCH0_422,0,0.00267344,1
349,1,0.00308377,1
349,0,0.00357092,1
351,1,0.00232203,1
351,0,0.00346715,1
355,1,0.00237364,1
355,0,0.00352861,1
356,1,0.00236553,1
356,0,0.00347442,1
357_BRANCH0_370,1,0.00199231,1
357_BRANCH0_370,0,0.00351813,1
360_BRANCH0_371,1,0.00396159,1
360_BRANCH0_371,0,0.323344,1
360_BRANCH0_372,1,0.00232134,1
360_BRANCH0_372,0,0.320967,1
360_BRANCH0_374,1,0.187738,1
360_BRANCH0_374,0,0.00238277,1
360_BRANCH0_375,1,0.0480847,1
360_BRANCH0_375,0,0.0266563,1
360_BRANCH0_379,1,0.00322123,1
360_BRANCH0_379,0,45.4345,0
370,1,0.00352675,1
370,0,0.00189405,1
371,1,0.0227167,1
371,0,0.00243288,1
372,1,0.326821,1
372,0,0.00228021,1
373,1,0.00278303,1
373,0,0.00293779,1
374,1,0.00251918,1
374,0,0.00291739,1
375,1,0.0272938,1
375,0,0.00264286,1
376,1,0.0084732,1
376,0,0.00280237,1
377,1,0.00439395,1
377,0,0.00249882,1
380,1,0.00376849,1
380,0,0.00268047,1
381_BRANCH0_430,1,0.00415784,1
381_BRANCH0_430,0,0.00266756,1
381_BRANCH0_431,1,0.00410114,1
381_BRANCH0_431,0,0.00273929,1
381,1,0.00411719,1
381,0,0.00258946,1
386_BRANCH0_429,1,0.00403871,1
386_BRANCH0_429,0,0.00263383,1
386_BRANCH0_430,1,0.00413404,1
386_BRANCH0_430,0,0.00270127,1
393_BRANCH0_416,1,0.00427077,1
393_BRANCH0_416,0,0.313307,1
393_BRANCH0_417,1,0.00436827,1
393_BRANCH0_417,0,0.00276596,1
393_BRANCH0_428,1,0.00428836,1
393_BRANCH0_428,0,0.00286785,1
399_BRANCH0_416,1,0.00430663,1
399_BRANCH0_416,0,0.311335,1
399_BRANCH0_425,1,0.00439054,1
399_BRANCH0_425,0,0.0024097,1
399_BRANCH0_430,1,0.00432862,1
399_BRANCH0_430,0,0.00276514,1
399,1,0.00332117,1
399,0,0.00228377,1
407_BRANCH0_416,1,0.00417753,1
407_BRANCH0_416,0,0.316443,1
407_BRANCH0_419,1,0.00419066,1
407_BRANCH0_419,0,0.00266696,1
407,1,0.00408941,1
407,0,0.00221786,1
411,1,0.00414115,1
411,0,0.00270375,1
414,1,0.00404263,1
414,0,0.363087,1
417,1,0.00277757,1
417,0,0.00429892,1
419,1,0.00275813,1
419,0,0.00412336,1
420,1,0.00271268,1
420,0,0.00414207,1
421,1,0.00197662,1
421,0,0.00271323,1
422_BRANCH0_430,1,0.00259611,1
422_BRANCH0_430,0,0.00240115,1
422,1,0.00253096,1
422,0,0.00385922,1
425_BRANCH0_431,1,0.00248702,1
425_BRANCH0_431,0,0.00369117,1
425,1,0.00245256,1
425,0,0.00376049,1
428,1,0.00314607,1
428,0,0.00376923,1
429,1,0.00252659,1
429,0,0.00371985,1
430,1,0.00276027,1
430,0,0.00343517,1
431,1,0.00283269,1
431,0,0.00327306,1
