0.00529128
m_BRANCH0_q,1,0.000126578,1
m_BRANCH0_q,0,9.3825e-05,0
m_BRANCH0_Z,1,0.000114829,1
m_BRANCH0_Z,0,0.000120006,1
d_BRANCH0_X,1,8.9563e-05,1
d_BRANCH0_X,0,8.3251e-05,0
d_BRANCH0_r,1,0.000119551,1
d_BRANCH0_r,0,8.6797e-05,1
X,1,8.4671e-05,0
X,0,7.2751e-05,1
m_BRANCH0_r,1,9.1984e-05,1
m_BRANCH0_r,0,9.1867e-05,1
B,1,0.000111142,1
B,0,0.000122512,1
d,1,9.0155e-05,1
d,0,0.000119074,1
d_BRANCH0_m,1,0.000154629,1
d_BRANCH0_m,0,8.3098e-05,1
s_BRANCH0_v,1,0.00012636,0
s_BRANCH0_v,0,0.000100059,1
B_BRANCH0_m,1,5.4988e-05,0
B_BRANCH0_m,0,8.1683e-05,1
B_BRANCH0_v,1,5.2882e-05,0
B_BRANCH0_v,0,0.000105789,1
C,1,0.000159867,1
C,0,0.000157822,1
s_BRANCH0_Y,1,0.000130409,0
s_BRANCH0_Y,0,7.6915e-05,1
B_BRANCH0_d,1,8.5701e-05,1
B_BRANCH0_d,0,0.000115673,1
A,1,0.000111805,1
A,0,0.000112939,1
m,1,9.6815e-05,1
m,0,0.000112854,1
r_BRANCH0_s,1,8.9669e-05,1
r_BRANCH0_s,0,0.000127552,0
Y,1,0.000118293,0
Y,0,7.649e-05,1
r_BRANCH0_X,1,0.00013208,1
r_BRANCH0_X,0,0.000124846,0
Z,1,0.000147118,1
Z,0,8.9817e-05,1
r,1,8.3604e-05,1
r,0,0.000124698,0
q,1,8.1797e-05,0
q,0,8.2768e-05,1
s,1,0.000125389,0
s,0,7.7352e-05,1
v,1,0.00012627,0
v,0,0.000144691,1
