0.00528666
m_BRANCH0_q,1,0.000104186,1
m_BRANCH0_q,0,9.4253e-05,0
m_BRANCH0_Z,1,0.00011393,1
m_BRANCH0_Z,0,0.000119815,1
d_BRANCH0_X,1,9.0117e-05,1
d_BRANCH0_X,0,8.4117e-05,0
d_BRANCH0_r,1,0.00011958,1
d_BRANCH0_r,0,8.7348e-05,1
X,1,8.5593e-05,0
X,0,7.3349e-05,1
m_BRANCH0_r,1,9.1997e-05,1
m_BRANCH0_r,0,9.1906e-05,1
B,1,0.000110882,1
B,0,0.000122028,1
d,1,9.0703e-05,1
d,0,0.000122759,1
d_BRANCH0_m,1,0.000155962,1
d_BRANCH0_m,0,8.3513e-05,1
s_BRANCH0_v,1,0.000126452,0
s_BRANCH0_v,0,9.9315e-05,1
B_BRANCH0_m,1,5.5654e-05,0
B_BRANCH0_m,0,8.1151e-05,1
B_BRANCH0_v,1,5.3412e-05,0
B_BRANCH0_v,0,0.000104147,1
C,1,0.000161028,1
C,0,0.000158897,1
s_BRANCH0_Y,1,0.000130491,0
s_BRANCH0_Y,0,7.6615e-05,1
B_BRANCH0_d,1,8.6475e-05,1
B_BRANCH0_d,0,0.00011566,1
A,1,0.00011263,1
A,0,0.000112654,1
m,1,9.6959e-05,1
m,0,0.000113546,1
r_BRANCH0_s,1,9.0517e-05,1
r_BRANCH0_s,0,0.000126946,0
Y,1,0.00011908,0
Y,0,7.7165e-05,1
r_BRANCH0_X,1,0.000129336,1
r_BRANCH0_X,0,0.000125032,0
Z,1,0.000148743,1
Z,0,9.008e-05,1
r,1,8.4786e-05,1
r,0,0.000126631,0
q,1,8.1389e-05,0
q,0,8.2929e-05,1
s,1,0.000126509,0
s,0,7.7378e-05,1
v,1,0.000127566,0
v,0,0.000145446,1
