0.00531123
m_BRANCH0_q,1,0.000104037,1
m_BRANCH0_q,0,9.3963e-05,0
m_BRANCH0_Z,1,0.000113871,1
m_BRANCH0_Z,0,0.000120382,1
d_BRANCH0_X,1,9.0745e-05,1
d_BRANCH0_X,0,8.4267e-05,0
d_BRANCH0_r,1,0.000120596,1
d_BRANCH0_r,0,8.8434e-05,1
X,1,8.5753e-05,0
X,0,7.3428e-05,1
m_BRANCH0_r,1,9.2631e-05,1
m_BRANCH0_r,0,9.1919e-05,1
B,1,0.000111831,1
B,0,0.000123724,1
d,1,9.5616e-05,1
d,0,0.000120316,1
d_BRANCH0_m,1,0.000157307,1
d_BRANCH0_m,0,8.3515e-05,1
s_BRANCH0_v,1,0.000127734,0
s_BRANCH0_v,0,9.9877e-05,1
B_BRANCH0_m,1,5.5598e-05,0
B_BRANCH0_m,0,8.1572e-05,1
B_BRANCH0_v,1,5.2879e-05,0
B_BRANCH0_v,0,0.000105044,1
C,1,0.000161421,1
C,0,0.000159239,1
s_BRANCH0_Y,1,0.000132024,0
s_BRANCH0_Y,0,7.7352e-05,1
B_BRANCH0_d,1,8.6813e-05,1
B_BRANCH0_d,0,0.000116382,1
A,1,0.000113406,1
A,0,0.000114162,1
m,1,9.79e-05,1
m,0,0.000113071,1
r_BRANCH0_s,1,9.0365e-05,1
r_BRANCH0_s,0,0.00012836,0
Y,1,0.000119918,0
Y,0,7.6764e-05,1
r_BRANCH0_X,1,0.00013025,1
r_BRANCH0_X,0,0.000125192,0
Z,1,0.000147655,1
Z,0,9.0113e-05,1
r,1,8.4672e-05,1
r,0,0.000126079,0
q,1,8.2278e-05,0
q,0,8.3795e-05,1
s,1,0.000127684,0
s,0,7.7767e-05,1
v,1,0.00012779,0
v,0,0.000145734,1
