298.1
254,1,0.00352895,1
254,0,0.00370218,1
415,1,0.00249876,1
415,0,0.00688393,1
250,1,0.00317831,1
250,0,0.00315152,1
341,1,0.00279583,1
341,0,0.00295505,1
247,1,0.00451534,1
247,0,0.00292357,1
236_BRANCH0_273,1,0.00352835,1
236_BRANCH0_273,0,0.00357289,1
247_BRANCH0_282,1,0.00380809,1
247_BRANCH0_282,0,0.00296181,1
246,1,0.003209,1
246,0,0.00353373,1
157,1,0.00385461,1
157,0,0.00522854,1
30_BRANCH0_386,1,0.0320921,1
30_BRANCH0_386,0,0.0325761,1
243_BRANCH0_293,1,0.00336092,1
243_BRANCH0_293,0,0.00297932,1
273_BRANCH0_296,1,0.00369004,1
273_BRANCH0_296,0,0.00346341,1
243_BRANCH0_279,1,0.00353558,1
243_BRANCH0_279,0,0.0028828,1
239,1,0.00450675,1
239,0,0.00281471,1
239_BRANCH0_276,1,0.00413348,1
239_BRANCH0_276,0,0.0028331,1
236,1,0.00343104,1
236,0,0.00389244,1
411_BRANCH0_416,1,0.00399036,1
411_BRANCH0_416,0,0.028478,1
233_BRANCH0_270,1,0.00394672,1
233_BRANCH0_270,0,0.00361095,1
230,1,0.00439088,1
230,0,0.00380892,1
199_BRANCH0_223,1,0.00267019,1
199_BRANCH0_223,0,0.00339455,1
230_BRANCH0_289,1,0.00314253,1
230_BRANCH0_289,0,0.00383806,1
230_BRANCH0_267,1,0.00396121,1
230_BRANCH0_267,0,0.00359149,1
27,1,0.00531202,1
27,0,0.00535196,1
224,1,0.00367364,1
224,0,0.00355252,1
134,1,0.00566563,1
134,0,0.00577032,1
223,1,0.00352486,1
223,0,0.00257089,1
130,1,0.0055547,1
130,0,0.0056962,1
213_BRANCH0_259,1,0.00382546,1
213_BRANCH0_259,0,11.689,0
213_BRANCH0_254,1,0.0120183,1
213_BRANCH0_254,0,0.00321472,1
213_BRANCH0_242,1,0.00359484,1
213_BRANCH0_242,0,0.0028231,1
203,1,0.00362459,1
203,0,0.00337228,1
203_BRANCH0_251,1,0.00411435,1
203_BRANCH0_251,0,0.00294191,1
191,1,0.00303674,1
191,0,0.00525031,1
203_BRANCH0_243,1,0.0040116,1
203_BRANCH0_243,0,0.00290825,1
171_BRANCH0_239,1,0.00555675,1
171_BRANCH0_239,0,0.00366201,1
416,1,0.00249853,1
416,0,0.0273027,1
251_BRANCH0_295,1,0.00322232,1
251_BRANCH0_295,0,0.00300788,1
203_BRANCH0_236,1,0.00399339,1
203_BRANCH0_236,0,0.00298743,1
203_BRANCH0_230,1,0.0225116,1
203_BRANCH0_230,0,0.00294239,1
203_BRANCH0_227,1,0.0468983,1
203_BRANCH0_227,0,0.00288219,1
257,1,0.00346271,1
257,0,0.00317662,1
138,1,0.00579035,1
138,0,0.00569798,1
34_BRANCH0_185,1,0.00521559,1
34_BRANCH0_185,0,0.00523065,1
66_BRANCH0_375,1,0.0242919,1
66_BRANCH0_375,0,0.0101696,1
203_BRANCH0_224,1,0.00366323,1
203_BRANCH0_224,0,0.00289997,1
40_BRANCH0_373,1,0.151911,1
40_BRANCH0_373,0,0.0133889,1
199,1,0.00269626,1
199,0,0.00354327,1
69_BRANCH0_139,1,0.00513705,1
69_BRANCH0_139,0,0.00548578,1
86_BRANCH0_345,1,0.00650101,1
86_BRANCH0_345,0,0.0054151,1
296_BRANCH0_329,1,0.00280968,1
296_BRANCH0_329,0,0.00387285,1
197,1,0.00318365,1
197,0,0.00523012,1
196,1,0.00317821,1
196,0,0.00540405,1
123_BRANCH0_184,1,0.00563403,1
123_BRANCH0_184,0,0.0056241,1
195,1,0.00326317,1
195,0,0.00524796,1
192,1,0.00312273,1
192,0,0.00542148,1
189,1,0.00390359,1
189,0,0.00520947,1
308,1,0.00292152,1
308,0,0.00305552,1
203_BRANCH0_233,1,0.0120952,1
203_BRANCH0_233,0,0.00304221,1
386_BRANCH0_416,1,0.485121,1
386_BRANCH0_416,0,0.0266761,1
386_BRANCH0_425,1,0.00325555,1
386_BRANCH0_425,0,0.00320874,1
187,1,0.00372971,1
187,0,0.00528983,1
158,1,0.00380754,1
158,0,0.00544147,1
251_BRANCH0_285,1,0.00431748,1
251_BRANCH0_285,0,0.00293395,1
184,1,0.00378295,1
184,0,0.00539945,1
285_BRANCH0_296,1,0.00313832,1
285_BRANCH0_296,0,0.00345613,1
183,1,0.00378826,1
183,0,0.00517094,1
73,1,0.00532258,1
73,0,0.00539133,1
180_BRANCH0_251,1,0.0057317,1
180_BRANCH0_251,0,0.00361946,1
263,1,0.00375771,1
263,0,0.00326852,1
180_BRANCH0_199,1,0.00666979,1
180_BRANCH0_199,0,0.00355287,1
177,1,0.00574305,1
177,0,0.00369977,1
139,1,0.00552516,1
139,0,0.00524087,1
309_BRANCH0_337,1,0.00399459,1
309_BRANCH0_337,0,0.00293565,1
227_BRANCH0_264,1,0.00365541,1
227_BRANCH0_264,0,0.00376599,1
168_BRANCH0_199,1,0.00666027,1
168_BRANCH0_199,0,0.00362533,1
174,1,0.00572629,1
174,0,0.00373494,1
34_BRANCH0_338,1,0.0852893,1
34_BRANCH0_338,0,0.00552766,1
174_BRANCH0_199,1,0.00682529,1
174_BRANCH0_199,0,0.00352799,1
171,1,0.00561059,1
171,0,0.00377855,1
95_BRANCH0_411,1,0.00629101,1
95_BRANCH0_411,0,0.0062407,1
174_BRANCH0_243,1,0.00568318,1
174_BRANCH0_243,0,0.00360427,1
224_BRANCH0_263,1,0.00409566,1
224_BRANCH0_263,0,0.00375065,1
180,1,0.00574209,1
180,0,0.00365808,1
168,1,0.00571118,1
168,0,0.00380918,1
165,1,0.00563621,1
165,0,0.0037306,1
162,1,0.00572771,1
162,0,0.00372272,1
159_BRANCH0_227,1,0.00565261,1
159_BRANCH0_227,0,0.00376591,1
21_BRANCH0_183,1,0.00514846,1
21_BRANCH0_183,0,0.00533495,1
213_BRANCH0_256,1,0.00390024,1
213_BRANCH0_256,0,0.00570607,1
4,1,0.0115214,1
4,0,0.0115847,1
154,1,0.00574572,1
154,0,0.00367861,1
159_BRANCH0_199,1,0.0066934,1
159_BRANCH0_199,0,0.00361301,1
194,1,0.00311618,1
194,0,0.0055418,1
154_BRANCH0_199,1,0.00681261,1
154_BRANCH0_199,0,0.00360088,1
151,1,0.00526265,1
151,0,0.00519998,1
47_BRANCH0_340,1,0.0354173,1
47_BRANCH0_340,0,0.00555921,1
122,1,0.00575949,1
122,0,0.00583196,1
151_BRANCH0_198,1,0.00554184,1
151_BRANCH0_198,0,0.00573701,1
1_BRANCH0_242,1,0.16671,1
1_BRANCH0_242,0,0.00584317,1
47_BRANCH0_187,1,0.0054289,1
47_BRANCH0_187,0,0.0052658,1
150,1,0.00565856,1
150,0,0.00588416,1
147,1,0.00558745,1
147,0,0.00516679,1
147_BRANCH0_195,1,0.00529615,1
147_BRANCH0_195,0,0.00521481,1
233_BRANCH0_290,1,0.00350874,1
233_BRANCH0_290,0,0.003965,1
146,1,0.00575275,1
146,0,0.00583739,1
360,1,0.00330694,1
360,0,0.0483007,1
171_BRANCH0_199,1,0.00673929,1
171_BRANCH0_199,0,0.00362442,1
143_BRANCH0_194,1,0.00550924,1
143_BRANCH0_194,0,0.00574676,1
255,1,0.00329868,1
255,0,0.00326752,1
139_BRANCH0_191,1,0.00525096,1
139_BRANCH0_191,0,0.00524311,1
213_BRANCH0_255,1,0.00375772,1
213_BRANCH0_255,0,0.00339069,1
79_BRANCH0_192,1,0.00550627,1
79_BRANCH0_192,0,0.0056507,1
199_BRANCH0_213,1,0.00350881,1
199_BRANCH0_213,0,0.00390799,1
340,1,0.009318,1
340,0,0.00330326,1
348,1,0.00329188,1
348,0,0.00332083,1
135,1,0.00558067,1
135,0,0.00523044,1
213_BRANCH0_250,1,0.0225651,1
213_BRANCH0_250,0,0.00321352,1
151_BRANCH0_197,1,0.00537087,1
151_BRANCH0_197,0,0.00520925,1
360_BRANCH0_373,1,2.22197,1
360_BRANCH0_373,0,0.0238953,1
135_BRANCH0_190,1,0.00547908,1
135_BRANCH0_190,0,0.00580093,1
309_BRANCH0_332,1,0.10979,1
309_BRANCH0_332,0,0.00847714,1
350,1,0.00398226,1
350,0,0.00300865,1
135_BRANCH0_189,1,0.00533925,1
135_BRANCH0_189,0,0.00526451,1
131,1,0.00557489,1
131,0,0.00522298,1
127,1,0.00555451,1
127,0,0.00522309,1
335,1,0.00292987,1
335,0,0.00867056,1
227,1,0.00438918,1
227,0,0.00393746,1
213_BRANCH0_246,1,0.0514102,1
213_BRANCH0_246,0,0.00323118,1
79,1,0.0120453,1
79,0,0.0122428,1
177_BRANCH0_247,1,0.00576741,1
177_BRANCH0_247,0,0.00373484,1
56,1,0.00705406,1
56,0,0.00709229,1
56_BRANCH0_168,1,0.00682604,1
56_BRANCH0_168,0,0.00578538,1
53,1,0.0703676,1
53,0,0.0708984,1
159,1,0.00580374,1
159,0,0.0037558,1
8_BRANCH0_334,1,0.0446354,1
8_BRANCH0_334,0,0.00545196,1
53_BRANCH0_188,1,0.0055216,1
53_BRANCH0_188,0,0.00564746,1
50,1,0.0182579,1
50,0,0.0182384,1
50_BRANCH0_255,1,0.0167899,1
50_BRANCH0_255,0,0.00580271,1
227_BRANCH0_288,1,0.00339939,1
227_BRANCH0_288,0,0.00389405,1
393_BRANCH0_429,1,22.5684,0
393_BRANCH0_429,0,0.00343401,1
50_BRANCH0_134,1,0.00586522,1
50_BRANCH0_134,0,0.0057978,1
27_BRANCH0_184,1,0.00555871,1
27_BRANCH0_184,0,0.00551432,1
40,1,0.174073,1
40,0,0.172539,1
309_BRANCH0_335,1,0.00424676,1
309_BRANCH0_335,0,0.00848434,1
73_BRANCH0_191,1,0.00545198,1
73_BRANCH0_191,0,0.00535439,1
247_BRANCH0_294,1,0.00334866,1
247_BRANCH0_294,0,0.00303833,1
37_BRANCH0_254,1,0.0297976,1
37_BRANCH0_254,0,0.00582493,1
224_BRANCH0_260,1,0.00370309,1
224_BRANCH0_260,0,0.00378013,1
239_BRANCH0_292,1,0.00334233,1
239_BRANCH0_292,0,0.00301039,1
108_BRANCH0_414,1,6.60669,1
108_BRANCH0_414,0,0.731843,1
199_BRANCH0_203,1,0.003411,1
199_BRANCH0_203,0,0.00373991,1
119,1,0.00568032,1
119,0,0.00523421,1
258,1,0.00351,1
258,0,0.00330588,1
177_BRANCH0_199,1,0.00680313,1
177_BRANCH0_199,0,0.00365746,1
14,1,0.43103,1
14,0,0.430299,1
30,1,0.00717103,1
30,0,0.00717429,1
319_BRANCH0_338,1,0.134087,1
319_BRANCH0_338,0,0.0091236,1
56_BRANCH0_399,1,0.0208226,1
56_BRANCH0_399,0,0.0205935,1
127_BRANCH0_186,1,0.00553991,1
127_BRANCH0_186,0,0.00576543,1
43_BRANCH0_393,1,0.00698825,1
43_BRANCH0_393,0,0.00696501,1
17,1,0.00703327,1
17,0,0.00709978,1
11,1,0.0918604,1
11,0,0.0928756,1
236_BRANCH0_291,1,0.0035258,1
236_BRANCH0_291,0,0.00389816,1
69_BRANCH0_404,1,0.00636828,1
69_BRANCH0_404,0,0.00631685,1
37_BRANCH0_130,1,0.00582636,1
37_BRANCH0_130,0,0.00579214,1
233,1,0.00366333,1
233,0,0.00390114,1
11_BRANCH0_122,1,0.00585083,1
11_BRANCH0_122,0,0.00583268,1
360_BRANCH0_376,1,1.7036,1
360_BRANCH0_376,0,0.00327038,1
213_BRANCH0_257,1,0.00382164,1
213_BRANCH0_257,0,0.00360842,1
17_BRANCH0_123,1,0.0053644,1
17_BRANCH0_123,0,0.0055488,1
294,1,0.00304036,1
294,0,0.00300348,1
30_BRANCH0_127,1,0.00532363,1
30_BRANCH0_127,0,0.00560735,1
162_BRANCH0_199,1,0.00672862,1
162_BRANCH0_199,0,0.00366413,1
60,1,0.00544519,1
60,0,0.0053667,1
105_BRANCH0_196,1,0.00555488,1
105_BRANCH0_196,0,0.00572578,1
267_BRANCH0_296,1,0.0037889,1
267_BRANCH0_296,0,0.00366475,1
56_BRANCH0_135,1,0.00526777,1
56_BRANCH0_135,0,0.00556683,1
418,1,0.00320111,1
418,0,0.00335531,1
24,1,0.051347,1
24,0,0.0508352,1
63_BRANCH0_256,1,0.0112537,1
63_BRANCH0_256,0,0.00588933,1
168_BRANCH0_236,1,0.00581758,1
168_BRANCH0_236,0,0.0037195,1
347,1,14.873,0
347,0,0.00373057,1
60_BRANCH0_189,1,0.00533688,1
60_BRANCH0_189,0,0.00531588,1
24_BRANCH0_250,1,0.05155,1
24_BRANCH0_250,0,0.00586708,1
127_BRANCH0_185,1,0.00542473,1
127_BRANCH0_185,0,0.00528052,1
213_BRANCH0_258,1,0.00380705,1
213_BRANCH0_258,0,0.00361221,1
256,1,0.00306881,1
256,0,0.00327778,1
34,1,0.00544914,1
34,0,0.00539888,1
259,1,11.1665,0
259,0,0.00375765,1
37,1,0.0303518,1
37,0,0.0305431,1
89_BRANCH0_146,1,0.00586884,1
89_BRANCH0_146,0,0.00587834,1
119_BRANCH0_158,1,0.00551338,1
119_BRANCH0_158,0,0.00593123,1
1,1,0.166763,1
1,0,0.166779,1
76_BRANCH0_257,1,0.00803492,1
76_BRANCH0_257,0,0.00598666,1
43_BRANCH0_131,1,0.00531763,1
43_BRANCH0_131,0,0.00560037,1
17_BRANCH0_381,1,0.0058181,1
17_BRANCH0_381,0,0.00578094,1
4_BRANCH0_154,1,0.00689045,1
4_BRANCH0_154,0,0.00578499,1
63,1,0.0118299,1
63,0,0.011802,1
123,1,0.0056272,1
123,0,0.00528126,1
14_BRANCH0_371,1,0.337757,1
14_BRANCH0_371,0,0.329113,1
147_BRANCH0_196,1,0.0056102,1
147_BRANCH0_196,0,0.00586781,1
99_BRANCH0_346,1,0.00592322,1
99_BRANCH0_346,0,0.00565247,1
353,1,0.00307638,1
353,0,0.00305678,1
82_BRANCH0_143,1,0.00530392,1
82_BRANCH0_143,0,0.00564482,1
354,1,0.0030465,1
354,0,0.00304475,1
126,1,0.00591042,1
126,0,0.00590801,1
30_BRANCH0_162,1,0.00684949,1
30_BRANCH0_162,0,0.00586379,1
165_BRANCH0_199,1,0.00681417,1
165_BRANCH0_199,0,0.00368552,1
285_BRANCH0_343,1,0.00309396,1
285_BRANCH0_343,0,0.220661,1
53_BRANCH0_374,1,0.0647463,1
53_BRANCH0_374,0,0.0194467,1
1_BRANCH0_118,1,0.00585989,1
1_BRANCH0_118,0,0.00590475,1
143,1,0.00572403,1
143,0,0.00528704,1
304,1,0.00305324,1
304,0,0.00396768,1
112_BRANCH0_347,1,0.00558013,1
112_BRANCH0_347,0,22.7886,0
60_BRANCH0_342,1,0.0157978,1
60_BRANCH0_342,0,0.0055435,1
330,1,0.00395602,1
330,0,0.00866826,1
86,1,0.00554133,1
86,0,0.00550789,1
243,1,0.00367287,1
243,0,0.00308785,1
17_BRANCH0_159,1,0.00687261,1
17_BRANCH0_159,0,0.00592554,1
92_BRANCH0_194,1,0.00557652,1
92_BRANCH0_194,0,0.00562959,1
43,1,0.00717414,1
43,0,0.00716777,1
8_BRANCH0_157,1,0.00542448,1
8_BRANCH0_157,0,0.00524566,1
198,1,0.00324714,1
198,0,0.00564308,1
8,1,0.0449521,1
8,0,0.0445363,1
21_BRANCH0_336,1,0.00546693,1
21_BRANCH0_336,0,0.00557962,1
21,1,0.00542537,1
21,0,0.00535947,1
339,1,0.00291811,1
339,0,0.00301233,1
105,1,0.00732687,1
105,0,0.00729935,1
43_BRANCH0_165,1,0.00683696,1
43_BRANCH0_165,0,0.00593424,1
143_BRANCH0_193,1,0.00542354,1
143_BRANCH0_193,0,0.00530102,1
82,1,0.00711176,1
82,0,0.00718453,1
24_BRANCH0_126,1,0.00583039,1
24_BRANCH0_126,0,0.00592072,1
92_BRANCH0_377,1,0.011692,1
92_BRANCH0_377,0,0.0103227,1
4_BRANCH0_119,1,0.00547814,1
4_BRANCH0_119,0,0.00559836,1
260_BRANCH0_296,1,0.00342951,1
260_BRANCH0_296,0,0.00360803,1
289,1,0.00398556,1
289,0,0.00294591,1
27_BRANCH0_372,1,0.00539074,1
27_BRANCH0_372,0,0.00548496,1
407_BRANCH0_429,1,0.00329901,1
407_BRANCH0_429,0,0.00360023,1
193,1,0.00326526,1
193,0,0.00543526,1
190,1,0.00396518,1
190,0,0.00565897,1
139_BRANCH0_192,1,0.00564384,1
139_BRANCH0_192,0,0.00588391,1
306,1,0.00303631,1
306,0,0.0031336,1
404_BRANCH0_418,1,0.00331816,1
404_BRANCH0_418,0,0.00384368,1
432,1,0.00327174,1
432,0,0.00259359,1
63_BRANCH0_138,1,0.0057973,1
63_BRANCH0_138,0,0.00589302,1
47,1,0.00555682,1
47,0,0.00549135,1
105_BRANCH0_378,1,0.00723225,1
105_BRANCH0_378,0,0.00689836,1
203_BRANCH0_239,1,0.00440795,1
203_BRANCH0_239,0,0.00302925,1
102_BRANCH0_259,1,0.00548814,1
102_BRANCH0_259,0,13.8543,0
66_BRANCH0_190,1,0.00551778,1
66_BRANCH0_190,0,0.00562309,1
273_BRANCH0_335,1,0.00421858,1
273_BRANCH0_335,0,0.223788,1
142,1,0.00594819,1
142,0,0.00588914,1
307,1,0.00312229,1
307,0,0.00314529,1
393,1,0.00327381,1
393,0,0.00276043,1
66,1,0.0266967,1
66,0,0.0265724,1
186,1,0.00408821,1
186,0,0.00556464,1
108_BRANCH0_180,1,0.00699781,1
108_BRANCH0_180,0,0.00582312,1
99_BRANCH0_195,1,0.00546363,1
99_BRANCH0_195,0,0.00540106,1
112_BRANCH0_197,1,0.00546753,1
112_BRANCH0_197,0,0.00540658,1
11_BRANCH0_246,1,0.0915438,1
11_BRANCH0_246,0,0.00589981,1
185,1,0.00419402,1
185,0,0.00531668,1
273,1,0.00389474,1
273,0,0.00365056,1
213,1,0.00385261,1
213,0,0.00357586,1
345,1,0.00351232,1
345,0,0.00335723,1
131_BRANCH0_188,1,0.00558007,1
131_BRANCH0_188,0,0.00592796,1
69_BRANCH0_171,1,0.00695427,1
69_BRANCH0_171,0,0.00596611,1
69,1,0.0075535,1
69,0,0.00762703,1
404,1,0.00335634,1
404,0,0.00319638,1
14_BRANCH0_158,1,0.00562898,1
14_BRANCH0_158,0,0.00559455,1
95,1,0.00810469,1
95,0,0.00801243,1
73_BRANCH0_344,1,0.00924132,1
73_BRANCH0_344,0,0.0056348,1
99,1,0.00557494,1
99,0,0.0056408,1
162_BRANCH0_230,1,0.00584569,1
162_BRANCH0_230,0,0.00385752,1
360_BRANCH0_378,1,1.72272,1
360_BRANCH0_378,0,0.00399537,1
76_BRANCH0_142,1,0.00587141,1
76_BRANCH0_142,0,0.00595642,1
346,1,0.00358442,1
346,0,0.00328045,1
4_BRANCH0_380,1,0.00650717,1
4_BRANCH0_380,0,0.00666281,1
92,1,0.0119987,1
92,0,0.0120492,1
82_BRANCH0_174,1,0.00690006,1
82_BRANCH0_174,0,0.00596584,1
89_BRANCH0_258,1,0.00637879,1
89_BRANCH0_258,0,0.00589003,1
381_BRANCH0_416,1,0.00370784,1
381_BRANCH0_416,0,0.0271537,1
82_BRANCH0_407,1,0.00727671,1
82_BRANCH0_407,0,0.00710436,1
301,1,0.00348822,1
301,0,0.0040355,1
86_BRANCH0_193,1,0.00560082,1
86_BRANCH0_193,0,0.00534466,1
309_BRANCH0_341,1,0.00419408,1
309_BRANCH0_341,0,0.00310866,1
89,1,0.00658273,1
89,0,0.00651046,1
260_BRANCH0_330,1,0.00409361,1
260_BRANCH0_330,0,0.00396899,1
285,1,0.00319583,1
285,0,0.00368282,1
309_BRANCH0_331,1,0.00413487,1
309_BRANCH0_331,0,0.00867716,1
251,1,0.00438238,1
251,0,0.00310813,1
386,1,0.00337053,1
386,0,0.00280315,1
95_BRANCH0_147,1,0.00533026,1
95_BRANCH0_147,0,0.00571452,1
276_BRANCH0_337,1,0.0030185,1
276_BRANCH0_337,0,0.227512,1
102,1,0.00494113,1
102,0,0.00482389,1
379,1,48.2896,0
379,0,0.00381848,1
95_BRANCH0_177,1,0.00695801,1
95_BRANCH0_177,0,0.00592963,1
319_BRANCH0_336,1,0.00416298,1
319_BRANCH0_336,0,0.00874596,1
404_BRANCH0_416,1,0.0116473,1
404_BRANCH0_416,0,0.0271112,1
154_BRANCH0_224,1,0.00590047,1
154_BRANCH0_224,0,0.00381406,1
242,1,0.00599411,1
242,0,0.00434862,1
342,1,0.0110155,1
342,0,0.00328079,1
360_BRANCH0_377,1,1.7371,1
360_BRANCH0_377,0,0.00497059,1
102_BRANCH0_150,1,0.0058741,1
102_BRANCH0_150,0,0.0059418,1
381_BRANCH0_432,1,0.00371115,1
381_BRANCH0_432,0,0.0033218,1
188,1,0.00397923,1
188,0,0.00572658,1
333,1,0.00315828,1
333,0,0.00896212,1
108_BRANCH0_151,1,0.00545475,1
108_BRANCH0_151,0,0.00537724,1
115_BRANCH0_198,1,0.00560838,1
115_BRANCH0_198,0,0.0057321,1
203_BRANCH0_247,1,0.00436151,1
203_BRANCH0_247,0,0.00309957,1
131_BRANCH0_187,1,0.00543808,1
131_BRANCH0_187,0,0.00535779,1
76,1,0.00835024,1
76,0,0.00831695,1
108,1,2.45442,1
108,0,2.45372,1
112,1,0.00562995,1
112,0,0.00557672,1
115_BRANCH0_379,1,0.00572675,1
115_BRANCH0_379,0,51.4598,0
319_BRANCH0_334,1,0.00385285,1
319_BRANCH0_334,0,0.0111076,1
378,1,0.0039799,1
378,0,0.00357906,1
115,1,0.00575205,1
115,0,0.00568757,1
118,1,0.00589245,1
118,0,0.00588799,1
332,1,0.00311972,1
332,0,0.00851695,1
386_BRANCH0_431,1,0.00335433,1
386_BRANCH0_431,0,0.00322791,1
119_BRANCH0_157,1,0.0054182,1
119_BRANCH0_157,0,0.00535559,1
79_BRANCH0_376,1,0.0114466,1
79_BRANCH0_376,0,0.00696978,1
393_BRANCH0_425,1,0.00334995,1
393_BRANCH0_425,0,0.00330822,1
123_BRANCH0_183,1,0.00543226,1
123_BRANCH0_183,0,0.00534477,1
165_BRANCH0_233,1,0.00589488,1
165_BRANCH0_233,0,0.00385838,1
334,1,0.00561823,1
334,0,0.00360867,1
40_BRANCH0_186,1,0.00562481,1
40_BRANCH0_186,0,0.00590252,1
422_BRANCH0_432,1,0.00459183,1
422_BRANCH0_432,0,0.00329224,1
260,1,0.00349196,1
260,0,0.00369344,1
264_BRANCH0_296,1,0.00389433,1
264_BRANCH0_296,0,0.00355248,1
300,1,0.00333351,1
300,0,0.00395527,1
264_BRANCH0_331,1,0.00389984,1
264_BRANCH0_331,0,0.00421225,1
264,1,0.00383527,1
264,0,0.00369788,1
357,1,0.00287123,1
357,0,0.00327051,1
267_BRANCH0_332,1,0.00398627,1
267_BRANCH0_332,0,0.211131,1
267,1,0.003851,1
267,0,0.00353305,1
270_BRANCH0_296,1,0.0037307,1
270_BRANCH0_296,0,0.003636,1
352,1,0.00397409,1
352,0,0.00315769,1
270_BRANCH0_333,1,0.00401563,1
270_BRANCH0_333,0,0.225774,1
425_BRANCH0_432,1,0.00325748,1
425_BRANCH0_432,0,0.00301897,1
270,1,0.00372809,1
270,0,0.00369819,1
276_BRANCH0_296,1,0.0030512,1
276_BRANCH0_296,0,0.00367379,1
276,1,0.00311714,1
276,0,0.00374814,1
309_BRANCH0_330,1,0.00392434,1
309_BRANCH0_330,0,0.0086368,1
411_BRANCH0_420,1,0.00338506,1
411_BRANCH0_420,0,0.00322508,1
279_BRANCH0_296,1,0.00310771,1
279_BRANCH0_296,0,0.00367672,1
279_BRANCH0_339,1,0.00313145,1
279_BRANCH0_339,0,0.242656,1
279,1,0.0031843,1
279,0,0.003539,1
282_BRANCH0_296,1,0.00304008,1
282_BRANCH0_296,0,0.00368117,1
282_BRANCH0_341,1,0.00305223,1
282_BRANCH0_341,0,0.214819,1
282,1,0.00315173,1
282,0,0.00353976,1
288,1,0.00411123,1
288,0,0.00357221,1
290,1,0.00400758,1
290,0,0.00310712,1
291,1,0.00401079,1
291,0,0.00308069,1
292,1,0.00307344,1
292,0,0.00302523,1
293,1,0.00319124,1
293,0,0.00300263,1
295,1,0.00316958,1
295,0,0.00306498,1
296_BRANCH0_309,1,0.00307484,1
296_BRANCH0_309,0,0.00423133,1
296_BRANCH0_319,1,0.0259525,1
296_BRANCH0_319,0,0.00431027,1
296,1,0.00285347,1
296,0,0.00365177,1
302,1,0.00304394,1
302,0,0.00402761,1
303,1,0.00306959,1
303,0,0.00405396,1
305,1,0.00318057,1
305,0,0.00306739,1
309_BRANCH0_333,1,0.0364907,1
309_BRANCH0_333,0,0.00846044,1
309_BRANCH0_339,1,0.00432032,1
309_BRANCH0_339,0,0.00312284,1
399_BRANCH0_428,1,0.00331649,1
399_BRANCH0_428,0,0.0040289,1
309_BRANCH0_343,1,0.00422645,1
309_BRANCH0_343,0,0.00316001,1
319_BRANCH0_345,1,0.00440293,1
319_BRANCH0_345,0,0.00353835,1
309,1,0.00425891,1
309,0,0.00306283,1
319_BRANCH0_340,1,0.0374312,1
319_BRANCH0_340,0,0.00920178,1
319_BRANCH0_342,1,0.00445383,1
319_BRANCH0_342,0,0.011024,1
319_BRANCH0_344,1,0.00468051,1
319_BRANCH0_344,0,0.00334321,1
319_BRANCH0_346,1,0.00469563,1
319_BRANCH0_346,0,0.0034899,1
319_BRANCH0_347,1,0.00461282,1
319_BRANCH0_347,0,14.5177,0
331,1,0.00365594,1
331,0,0.00879433,1
319,1,0.00420667,1
319,0,0.0260063,1
329,1,0.0036975,1
329,0,0.00288651,1
336,1,0.00884834,1
336,0,0.00374585,1
357_BRANCH0_360,1,0.0480822,1
357_BRANCH0_360,0,0.00336311,1
337,1,0.00312533,1
337,0,0.00309197,1
338,1,0.00918471,1
338,0,0.00339575,1
343,1,0.00301377,1
343,0,0.00311865,1
344,1,0.00341794,1
344,0,0.00339786,1
386_BRANCH0_422,1,0.0033786,1
386_BRANCH0_422,0,0.00434895,1
349,1,0.00424013,1
349,0,0.00362067,1
351,1,0.00425022,1
351,0,0.00332423,1
355,1,0.00318391,1
355,0,0.00310968,1
356,1,0.00313084,1
356,0,0.0031076,1
357_BRANCH0_370,1,0.00310461,1
357_BRANCH0_370,0,0.00327348,1
360_BRANCH0_371,1,0.00353238,1
360_BRANCH0_371,0,0.0246908,1
360_BRANCH0_372,1,0.00334277,1
360_BRANCH0_372,0,0.0242692,1
360_BRANCH0_374,1,1.89548,1
360_BRANCH0_374,0,0.0246611,1
360_BRANCH0_375,1,1.87147,1
360_BRANCH0_375,0,0.024507,1
360_BRANCH0_379,1,1.7412,1
360_BRANCH0_379,0,50.7043,0
370,1,0.00317885,1
370,0,0.00305721,1
371,1,0.336595,1
371,0,0.00355628,1
372,1,0.0246453,1
372,0,0.00325615,1
373,1,0.0244664,1
373,0,0.00362234,1
374,1,0.0245141,1
374,0,0.00381193,1
375,1,0.0244461,1
375,0,0.0036989,1
376,1,0.00331727,1
376,0,0.00361563,1
377,1,0.00506952,1
377,0,0.00368494,1
380,1,0.00661373,1
380,0,0.00272882,1
381_BRANCH0_430,1,0.0035727,1
381_BRANCH0_430,0,0.00278643,1
381_BRANCH0_431,1,0.00355253,1
381_BRANCH0_431,0,0.00331875,1
381,1,0.00371397,1
381,0,0.00285336,1
386_BRANCH0_429,1,0.00328603,1
386_BRANCH0_429,0,0.00364407,1
386_BRANCH0_430,1,0.00338303,1
386_BRANCH0_430,0,0.00278857,1
393_BRANCH0_416,1,0.132509,1
393_BRANCH0_416,0,0.0273003,1
393_BRANCH0_417,1,0.00348161,1
393_BRANCH0_417,0,0.00277746,1
393_BRANCH0_428,1,0.00330596,1
393_BRANCH0_428,0,0.00403239,1
399_BRANCH0_416,1,0.0286661,1
399_BRANCH0_416,0,0.0276371,1
399_BRANCH0_425,1,0.00345934,1
399_BRANCH0_425,0,0.00344371,1
399_BRANCH0_430,1,0.00338856,1
399_BRANCH0_430,0,0.00284148,1
399,1,0.00327794,1
399,0,0.0028062,1
407_BRANCH0_416,1,0.00538709,1
407_BRANCH0_416,0,0.0279545,1
407_BRANCH0_419,1,0.00342162,1
407_BRANCH0_419,0,0.00323959,1
407,1,0.00345908,1
407,0,0.00367082,1
411,1,0.00342254,1
411,0,0.00325252,1
414,1,0.00392144,1
414,0,0.0305207,1
417,1,0.00300707,1
417,0,0.0031908,1
419,1,0.00325593,1
419,0,0.00340541,1
420,1,0.00324515,1
420,0,0.00340503,1
421,1,0.0274704,1
421,0,0.0027776,1
422_BRANCH0_430,1,0.00433282,1
422_BRANCH0_430,0,0.00298454,1
422,1,0.00435494,1
422,0,0.00330616,1
425_BRANCH0_431,1,0.00409833,1
425_BRANCH0_431,0,0.00297905,1
425,1,0.00344879,1
425,0,0.00302537,1
428,1,0.00406801,1
428,0,0.00294421,1
429,1,0.00372929,1
429,0,0.0029554,1
430,1,0.00278879,1
430,0,0.002608,1
431,1,0.0032877,1
431,0,0.00267433,1
