0.00257029
16_BRANCH0_22,1,0.000188553,1
16_BRANCH0_22,0,7.0414e-05,1
11,1,9.3931e-05,1
11,0,7.2914e-05,1
11_BRANCH0_19,1,7.8463e-05,1
11_BRANCH0_19,0,6.7012e-05,1
11_BRANCH0_16,1,7.423e-05,1
11_BRANCH0_16,0,6.217e-05,1
7,1,7.6903e-05,1
7,0,7.8958e-05,1
6,1,9.0903e-05,1
6,0,9.0471e-05,1
19,1,6.2267e-05,1
19,0,5.8191e-05,1
3_BRANCH0_11,1,8.9612e-05,1
3_BRANCH0_11,0,9.0904e-05,1
16_BRANCH0_23,1,7.636e-05,1
16_BRANCH0_23,0,6.2357e-05,1
10,1,6.999e-05,1
10,0,5.9599e-05,1
3_BRANCH0_10,1,7.2511e-05,1
3_BRANCH0_10,0,7.4278e-05,1
2,1,7.4645e-05,1
2,0,7.3467e-05,1
3,1,7.273e-05,1
3,0,6.9719e-05,1
16,1,7.5157e-05,1
16,0,6.2218e-05,1
1,1,7.0019e-05,1
1,0,7.0931e-05,1
22,1,5.843e-05,1
22,0,5.365e-05,1
23,1,6.2848e-05,1
23,0,6.548e-05,1
