1127.07
1701,1,0.0148454,1
1701,0,0.017851,1
700,1,0.012652,1
700,0,0.0117559,1
1701_BRANCH0_1763,1,0.0220764,1
1701_BRANCH0_1763,0,0.0228443,1
1212,1,0.0140069,1
1212,0,0.0168237,1
1697_BRANCH0_1762,1,0.0104314,1
1697_BRANCH0_1762,0,0.00973006,1
2658,1,0.00922573,1
2658,0,0.0137396,1
1685_BRANCH0_1740,1,0.00993558,1
1685_BRANCH0_1740,0,0.00883797,1
1679,1,0.0102715,1
1679,0,0.00863781,1
2148_BRANCH0_2217,1,0.0129,1
2148_BRANCH0_2217,0,0.0136724,1
2617_BRANCH0_2746,1,0.014815,1
2617_BRANCH0_2746,0,0.0109413,1
1651,1,0.00850507,1
1651,0,0.00891227,1
1252_BRANCH0_2233,1,0.0174772,1
1252_BRANCH0_2233,0,0.014935,1
1651_BRANCH0_1711,1,0.00932022,1
1651_BRANCH0_1711,0,0.00864446,1
60_BRANCH0_655,1,0.0189164,1
60_BRANCH0_655,0,0.0204182,1
1647,1,0.0108527,1
1647,0,0.0141379,1
1643,1,0.0156424,1
1643,0,0.0152397,1
1643_BRANCH0_1885,1,0.0154088,1
1643_BRANCH0_1885,0,0.0151164,1
1640,1,0.00998578,1
1640,0,0.00943842,1
1640_BRANCH0_1897,1,0.00920638,1
1640_BRANCH0_1897,0,0.0101588,1
676_BRANCH0_1942,1,0.0164868,1
676_BRANCH0_1942,0,0.0177077,1
1623_BRANCH0_1734,1,0.0159753,1
1623_BRANCH0_1734,0,0.016366,1
1623_BRANCH0_1731,1,0.0109049,1
1623_BRANCH0_1731,0,0.00857591,1
1620_BRANCH0_1717,1,0.0145056,1
1620_BRANCH0_1717,0,0.0159543,1
700_BRANCH0_954,1,0.0133988,1
700_BRANCH0_954,0,0.012212,1
1615,1,0.0152306,1
1615,0,0.0151266,1
724,1,0.010206,1
724,0,0.0186216,1
2750,1,0.0143314,1
2750,0,0.0114049,1
1615_BRANCH0_1683,1,0.0141265,1
1615_BRANCH0_1683,0,0.015588,1
1612,1,0.0118935,1
1612,0,0.00894971,1
1022_BRANCH0_1213,1,0.0119664,1
1022_BRANCH0_1213,0,0.0146169,1
1612_BRANCH0_1809,1,0.0103703,1
1612_BRANCH0_1809,0,0.0091658,1
1609_BRANCH0_1681,1,0.0136058,1
1609_BRANCH0_1681,0,0.0153737,1
1606_BRANCH0_1678,1,0.0108037,1
1606_BRANCH0_1678,0,0.0088855,1
724_BRANCH0_991,1,0.011176,1
724_BRANCH0_991,0,0.0193345,1
1603_BRANCH0_1677,1,0.00786626,1
1603_BRANCH0_1677,0,0.00914463,1
1600_BRANCH0_1746,1,0.0137879,1
1600_BRANCH0_1746,0,0.0120303,1
697_BRANCH0_1312,1,0.0133438,1
697_BRANCH0_1312,0,0.0163541,1
1596_BRANCH0_1671,1,0.0103027,1
1596_BRANCH0_1671,0,0.00820243,1
991,1,0.0183714,1
991,0,0.0108428,1
1795,1,0.0189473,1
1795,0,0.0194927,1
1595,1,0.0095199,1
1595,0,0.00933133,1
1593,1,0.00877757,1
1593,0,0.009225,1
1188_BRANCH0_2658,1,0.00986006,1
1188_BRANCH0_2658,0,0.00994132,1
22,1,0.0121826,1
22,0,0.012053,1
1588,1,0.0145946,1
1588,0,0.0145184,1
1588_BRANCH0_1697,1,0.00926943,1
1588_BRANCH0_1697,0,0.011733,1
1571_BRANCH0_1635,1,0.0116067,1
1571_BRANCH0_1635,0,0.00901773,1
1569,1,0.00898265,1
1569,0,0.00771795,1
2340_BRANCH0_2633,1,0.00991613,1
2340_BRANCH0_2633,0,0.0113858,1
1568,1,0.00986962,1
1568,0,0.0077894,1
1364_BRANCH0_1456,1,0.0132551,1
1364_BRANCH0_1456,0,0.0132557,1
1345,1,0.013333,1
1345,0,0.00819688,1
1561_BRANCH0_1643,1,0.0153485,1
1561_BRANCH0_1643,0,0.0140335,1
1037,1,0.0134343,1
1037,0,0.0109073,1
1322,1,0.0107492,1
1322,0,0.0112456,1
1664_BRANCH0_1730,1,0.0142504,1
1664_BRANCH0_1730,0,0.0155554,1
887,1,0.0213886,1
887,0,0.0108045,1
1557_BRANCH0_1620,1,0.00936585,1
1557_BRANCH0_1620,0,0.0088043,1
1554,1,0.00902282,1
1554,0,0.00874832,1
326_BRANCH0_602,1,0.011548,1
326_BRANCH0_602,0,0.0133363,1
1787,1,0.016235,1
1787,0,0.0147333,1
1554_BRANCH0_1623,1,0.00987704,1
1554_BRANCH0_1623,0,0.00813589,1
634_BRANCH0_1433,1,0.0132117,1
634_BRANCH0_1433,0,0.0138232,1
721_BRANCH0_1119,1,0.0137289,1
721_BRANCH0_1119,0,0.0131366,1
1546_BRANCH0_1647,1,0.0139556,1
1546_BRANCH0_1647,0,0.0150533,1
280_BRANCH0_922,1,0.0240937,1
280_BRANCH0_922,0,0.0233138,1
1540,1,0.00934017,1
1540,0,0.00874287,1
1661_BRANCH0_1791,1,0.00951687,1
1661_BRANCH0_1791,0,0.00896702,1
1540_BRANCH0_1595,1,0.00878576,1
1540_BRANCH0_1595,0,0.00937294,1
190_BRANCH0_556,1,0.0116365,1
190_BRANCH0_556,0,0.0118044,1
1537_BRANCH0_1759,1,0.0109134,1
1537_BRANCH0_1759,0,0.0085123,1
1532,1,0.00926578,1
1532,0,0.00851524,1
1522_BRANCH0_1609,1,0.0137356,1
1522_BRANCH0_1609,0,0.0148842,1
1520,1,0.0144297,1
1520,0,0.0138295,1
608,1,0.0183803,1
608,0,0.0150598,1
1517,1,0.00886371,1
1517,0,0.0088364,1
1517_BRANCH0_1603,1,0.00917562,1
1517_BRANCH0_1603,0,0.00845646,1
1647_BRANCH0_1709,1,0.0152077,1
1647_BRANCH0_1709,0,0.0157829,1
1510_BRANCH0_1688,1,0.00967928,1
1510_BRANCH0_1688,0,0.00944105,1
903_BRANCH0_1168,1,0.0135459,1
903_BRANCH0_1168,0,0.0160021,1
1504,1,0.015353,1
1504,0,0.0107386,1
63_BRANCH0_574,1,0.0127044,1
63_BRANCH0_574,0,0.0123249,1
1501,1,0.0194964,1
1501,0,0.0168786,1
1513,1,0.00987871,1
1513,0,0.0100055,1
1499,1,0.0149471,1
1499,0,0.016265,1
1498,1,0.0145234,1
1498,0,0.0083155,1
1495,1,0.0150413,1
1495,0,0.0109325,1
1664_BRANCH0_1792,1,0.0132396,1
1664_BRANCH0_1792,0,0.0162484,1
1224,1,0.0130399,1
1224,0,0.0119327,1
1609,1,0.0152969,1
1609,0,0.0158895,1
1492,1,0.0189404,1
1492,0,0.0141314,1
1491,1,0.0151203,1
1491,0,0.0151023,1
1013,1,0.0131197,1
1013,0,0.0117265,1
1490,1,0.0118893,1
1490,0,0.0121181,1
1213,1,0.0124803,1
1213,0,0.0130457,1
1488,1,0.0144363,1
1488,0,0.0103246,1
1209,1,0.0121848,1
1209,0,0.0136752,1
670_BRANCH0_2009,1,0.0177461,1
670_BRANCH0_2009,0,0.0176299,1
2690,1,0.0160768,1
2690,0,0.0131581,1
2732,1,0.0129355,1
2732,0,0.0104935,1
1484_BRANCH0_1567,1,0.00886684,1
1484_BRANCH0_1567,0,0.00791686,1
1481_BRANCH0_1531,1,0.00886964,1
1481_BRANCH0_1531,0,0.00919667,1
1476,1,0.0117608,1
1476,0,0.0088136,1
691,1,0.00994642,1
691,0,0.0122861,1
1475,1,0.0119976,1
1475,0,0.0143663,1
1031,1,0.0161077,1
1031,0,0.0166042,1
1472,1,0.00978535,1
1472,0,0.00921197,1
1751_BRANCH0_1795,1,0.0180535,1
1751_BRANCH0_1795,0,0.0190734,1
1469,1,0.0138747,1
1469,0,0.00958683,1
2237_BRANCH0_2257,1,0.0143328,1
2237_BRANCH0_2257,0,0.0133193,1
1468,1,0.013074,1
1468,0,0.0147568,1
2119_BRANCH0_2549,1,0.0125539,1
2119_BRANCH0_2549,0,0.0144127,1
1462,1,0.0150284,1
1462,0,0.00847441,1
1640_BRANCH0_1728,1,0.00843276,1
1640_BRANCH0_1728,0,0.00920033,1
1460,1,0.0147909,1
1460,0,0.0153566,1
1455,1,0.0151647,1
1455,0,0.010148,1
1454,1,0.0119501,1
1454,0,0.0142513,1
1448,1,0.0125526,1
1448,0,0.0138216,1
652_BRANCH0_895,1,0.0190033,1
652_BRANCH0_895,0,0.019882,1
1571,1,0.00805818,1
1571,0,0.0097512,1
1801,1,0.0105651,1
1801,0,0.00917473,1
1447,1,0.0126827,1
1447,0,0.0126717,1
1446,1,0.0138907,1
1446,0,0.0125138,1
1443,1,0.013716,1
1443,0,0.00854529,1
1636,1,0.00918212,1
1636,0,0.0101569,1
370_BRANCH0_543,1,0.0145235,1
370_BRANCH0_543,0,0.0169386,1
1440_BRANCH0_1499,1,0.0174404,1
1440_BRANCH0_1499,0,0.0168217,1
1681,1,0.0164924,1
1681,0,0.0164273,1
1494,1,0.0151716,1
1494,0,0.0114075,1
1439,1,0.013063,1
1439,0,0.00974221,1
1438,1,0.01219,1
1438,0,0.00933917,1
1228,1,0.01244,1
1228,0,0.0146401,1
1171_BRANCH0_2600,1,0.0111179,1
1171_BRANCH0_2600,0,0.0167534,1
2119_BRANCH0_2597,1,0.0126262,1
2119_BRANCH0_2597,0,0.0145256,1
1433,1,0.0152609,1
1433,0,0.00804168,1
2427_BRANCH0_2629,1,0.013652,1
2427_BRANCH0_2629,0,0.0153319,1
1484_BRANCH0_1532,1,0.0110947,1
1484_BRANCH0_1532,0,0.00880911,1
1419_BRANCH0_1848,1,0.0111159,1
1419_BRANCH0_1848,0,0.0124126,1
56_BRANCH0_898,1,0.0182153,1
56_BRANCH0_898,0,0.0167812,1
1416_BRANCH0_1849,1,0.0170471,1
1416_BRANCH0_1849,0,0.01612,1
1003,1,0.0141961,1
1003,0,0.011483,1
1397,1,0.0135062,1
1397,0,0.0118966,1
1393_BRANCH0_1463,1,0.0134265,1
1393_BRANCH0_1463,0,0.0132374,1
592_BRANCH0_981,1,0.00911563,1
592_BRANCH0_981,0,0.0201027,1
2812_BRANCH0_2857,1,0.00871488,1
2812_BRANCH0_2857,0,0.0192137,1
1393_BRANCH0_1462,1,0.0154689,1
1393_BRANCH0_1462,0,0.0129795,1
28_BRANCH0_370,1,0.0120701,1
28_BRANCH0_370,0,0.0138678,1
1390_BRANCH0_1475,1,0.0129054,1
1390_BRANCH0_1475,0,0.0135447,1
1389,1,0.0112769,1
1389,0,0.00813662,1
1487,1,0.0134505,1
1487,0,0.0112265,1
1387,1,0.0137708,1
1387,0,0.0088527,1
1223,1,0.0126188,1
1223,0,0.0132152,1
2260_BRANCH0_2361,1,0.0128733,1
2260_BRANCH0_2361,0,0.0141957,1
1379_BRANCH0_1460,1,0.0156209,1
1379_BRANCH0_1460,0,0.0163997,1
1379_BRANCH0_1459,1,0.0147566,1
1379_BRANCH0_1459,0,0.0128935,1
40_BRANCH0_382,1,0.013031,1
40_BRANCH0_382,0,0.0131275,1
1376_BRANCH0_1470,1,0.02015,1
1376_BRANCH0_1470,0,0.0204593,1
1373_BRANCH0_1458,1,0.0140609,1
1373_BRANCH0_1458,0,0.0125797,1
1370_BRANCH0_1468,1,0.0123598,1
1370_BRANCH0_1468,0,0.0132244,1
1557_BRANCH0_1664,1,0.0157582,1
1557_BRANCH0_1664,0,0.0157852,1
1367,1,0.0138333,1
1367,0,0.0132914,1
1367_BRANCH0_1453,1,0.0121837,1
1367_BRANCH0_1453,0,0.0145294,1
1246_BRANCH0_1399,1,0.0138857,1
1246_BRANCH0_1399,0,0.0134219,1
1364_BRANCH0_1455,1,0.0125252,1
1364_BRANCH0_1455,0,0.0123619,1
1358_BRANCH0_1447,1,0.0137965,1
1358_BRANCH0_1447,0,0.0140559,1
1355,1,0.0121808,1
1355,0,0.0123742,1
2071_BRANCH0_2143,1,0.013922,1
2071_BRANCH0_2143,0,0.0132572,1
1355_BRANCH0_1444,1,0.015222,1
1355_BRANCH0_1444,0,0.0125087,1
1352,1,0.0118449,1
1352,0,0.0126218,1
1352_BRANCH0_1445,1,0.0133834,1
1352_BRANCH0_1445,0,0.0150025,1
612,1,0.0184499,1
612,0,0.0144802,1
1346,1,0.0141778,1
1346,0,0.0134014,1
1344,1,0.0151595,1
1344,0,0.0158562,1
634,1,0.0123823,1
634,0,0.0123317,1
1606,1,0.0100049,1
1606,0,0.0109652,1
1334,1,0.0119539,1
1334,0,0.0101206,1
1697_BRANCH0_1761,1,0.0103535,1
1697_BRANCH0_1761,0,0.00961123,1
1334_BRANCH0_1413,1,0.00891013,1
1334_BRANCH0_1413,0,0.0123387,1
37_BRANCH0_379,1,0.0124622,1
37_BRANCH0_379,0,0.0127886,1
2742,1,0.0150756,1
2742,0,0.0141007,1
1328,1,0.0120678,1
1328,0,0.0126762,1
2549,1,0.0137053,1
2549,0,0.0129839,1
2880,1,0.0091289,1
2880,0,0.0100991,1
2891,1,0.0101633,1
2891,0,0.00962957,1
1319,1,0.0121918,1
1319,0,0.0135637,1
625,1,0.0123097,1
625,0,0.0130211,1
2645,1,0.011561,1
2645,0,0.0151584,1
1514_BRANCH0_1612,1,0.0121855,1
1514_BRANCH0_1612,0,0.00962247,1
94_BRANCH0_290,1,0.0172298,1
94_BRANCH0_290,0,0.0176762,1
1318,1,0.0135288,1
1318,0,0.0127465,1
1314,1,0.0130618,1
1314,0,0.0127826,1
1312,1,0.0162962,1
1312,0,0.0175524,1
1264,1,0.0132896,1
1264,0,0.011441,1
1261_BRANCH0_2024,1,0.0168965,1
1261_BRANCH0_2024,0,0.0175921,1
1416,1,0.0163948,1
1416,0,0.0159308,1
1258,1,0.0145764,1
1258,0,0.0173045,1
1609_BRANCH0_1680,1,0.0156921,1
1609_BRANCH0_1680,0,0.0156201,1
1258_BRANCH0_1351,1,0.0144714,1
1258_BRANCH0_1351,0,0.0168382,1
1453,1,0.0142903,1
1453,0,0.0101627,1
921,1,0.0275572,1
921,0,0.0108218,1
1255,1,0.0168591,1
1255,0,0.0199203,1
1348,1,0.0161883,1
1348,0,0.0169381,1
1046,1,0.0122201,1
1046,0,0.0120022,1
628,1,0.0125742,1
628,0,0.0110387,1
1252,1,0.016914,1
1252,0,0.0148024,1
2868,1,0.010055,1
2868,0,0.0103602,1
1383_BRANCH0_2897,1,0.0105011,1
1383_BRANCH0_2897,0,0.0133214,1
1243,1,0.0103109,1
1243,0,0.0111999,1
1723,1,0.0104704,1
1723,0,0.00950388,1
1243_BRANCH0_1397,1,0.0127467,1
1243_BRANCH0_1397,0,0.0140432,1
1242,1,0.0118179,1
1242,0,0.0127216,1
1240,1,0.013092,1
1240,0,0.0156571,1
1373_BRANCH0_1457,1,0.013396,1
1373_BRANCH0_1457,0,0.0133634,1
1238,1,0.0132775,1
1238,0,0.0129185,1
1472_BRANCH0_1528,1,0.00936477,1
1472_BRANCH0_1528,0,0.0100965,1
1235,1,0.00988956,1
1235,0,0.0120987,1
1232,1,0.0118849,1
1232,0,0.0109419,1
1232_BRANCH0_1387,1,0.0140278,1
1232_BRANCH0_1387,0,0.0135293,1
1464,1,0.00937605,1
1464,0,0.00939478,1
1230,1,0.019341,1
1230,0,0.0130613,1
1976,1,0.0137253,1
1976,0,0.036334,1
1661,1,0.0103241,1
1661,0,0.00912181,1
1225,1,0.0168762,1
1225,0,0.0191004,1
1222,1,0.0146854,1
1222,0,0.0150559,1
1221,1,0.0122209,1
1221,0,0.0140734,1
243_BRANCH0_727,1,0.011829,1
243_BRANCH0_727,0,0.0124102,1
2326_BRANCH0_2552,1,0.0126729,1
2326_BRANCH0_2552,0,0.0150207,1
2386_BRANCH0_2632,1,0.0144105,1
2386_BRANCH0_2632,0,0.0147702,1
1220,1,0.0136334,1
1220,0,0.0141284,1
2361_BRANCH0_2537,1,0.0159214,1
2361_BRANCH0_2537,0,0.015592,1
1218,1,0.0139222,1
1218,0,0.0133482,1
2037,1,0.00881325,1
2037,0,0.010045,1
1383_BRANCH0_1461,1,0.0119946,1
1383_BRANCH0_1461,0,0.0124792,1
1211,1,0.017116,1
1211,0,0.0175044,1
926_BRANCH0_2634,1,0.0156175,1
926_BRANCH0_2634,0,0.0190084,1
2620,1,0.0174928,1
2620,0,0.0125872,1
1416_BRANCH0_1491,1,0.0170629,1
1416_BRANCH0_1491,0,0.0166574,1
1313,1,0.0134816,1
1313,0,0.0128432,1
709_BRANCH0_1316,1,0.0134287,1
709_BRANCH0_1316,0,0.0128916,1
1788,1,0.0118644,1
1788,0,0.0109299,1
1208,1,0.0135103,1
1208,0,0.0127517,1
1206,1,0.0136343,1
1206,0,0.0126242,1
2564_BRANCH0_2674,1,17.8293,1
2564_BRANCH0_2674,0,17.6804,1
1205,1,0.0142654,1
1205,0,0.0123245,1
574_BRANCH0_962,0,0.0184339,1
1188,1,0.0141834,1
1188,0,0.0162182,1
1546_BRANCH0_1651,1,0.0113009,1
1546_BRANCH0_1651,0,0.0101898,1
1217,1,0.0142825,1
1217,0,0.0141742,1
1188_BRANCH0_2614,1,0.0113301,1
1188_BRANCH0_2614,0,0.0107774,1
1188_BRANCH0_2606,1,0.0120042,1
1188_BRANCH0_2606,0,0.0175513,1
700_BRANCH0_1313,1,0.0131538,1
700_BRANCH0_1313,0,0.0140863,1
1510,1,0.0113139,1
1510,0,0.00933441,1
1869_BRANCH0_1921,1,0.0138225,1
1869_BRANCH0_1921,0,0.0144713,1
2297_BRANCH0_2576,1,0.0137543,1
2297_BRANCH0_2576,0,0.0152563,1
1188_BRANCH0_2576,1,0.0113809,1
1188_BRANCH0_2576,0,0.0115202,1
1188_BRANCH0_2570,1,0.0124847,1
1188_BRANCH0_2570,0,0.0150328,1
2244,1,0.0139453,1
2244,0,0.0147148,1
1521,1,0.0100027,1
1521,0,0.00991326,1
1188_BRANCH0_2555,1,0.0110339,1
1188_BRANCH0_2555,0,0.0112658,1
1386,1,0.012886,1
1386,0,0.0137792,1
1188_BRANCH0_2549,1,0.0111582,1
1188_BRANCH0_2549,0,0.0153233,1
4_BRANCH0_346,1,0.0133476,1
4_BRANCH0_346,0,0.0157503,1
1171,1,0.00970669,1
1171,0,0.0115563,1
290,1,0.0176215,1
290,0,0.0182966,1
1171_BRANCH0_2645,1,0.0128387,1
1171_BRANCH0_2645,0,0.0107244,1
1576_BRANCH0_1638,1,0.0109238,1
1576_BRANCH0_1638,0,0.00964285,1
1028,1,0.0120489,1
1028,0,0.0131791,1
1419_BRANCH0_1490,1,0.0119035,1
1419_BRANCH0_1490,0,0.0121821,1
727_BRANCH0_1121,1,0.0122907,1
727_BRANCH0_1121,0,0.0121592,1
1171_BRANCH0_2642,1,0.0129058,1
1171_BRANCH0_2642,0,0.0106153,1
1731_BRANCH0_1783,1,0.0106979,1
1731_BRANCH0_1783,0,0.0114166,1
1171_BRANCH0_2597,1,0.0116524,1
1171_BRANCH0_2597,0,0.011574,1
616,1,0.0136094,1
616,0,0.0135312,1
1635,1,0.0118744,1
1635,0,0.00934187,1
1522_BRANCH0_1588,1,0.0142237,1
1522_BRANCH0_1588,0,0.0139394,1
1171_BRANCH0_2594,1,0.0112652,1
1171_BRANCH0_2594,0,0.0137308,1
263_BRANCH0_658,1,0.0152245,1
263_BRANCH0_658,0,0.0176191,1
1171_BRANCH0_2567,1,0.0119183,1
1171_BRANCH0_2567,0,0.0107649,1
2279,1,0.015518,1
2279,0,0.0106111,1
2573,1,0.0103875,1
2573,0,0.0144433,1
1171_BRANCH0_2564,1,0.0105211,1
1171_BRANCH0_2564,0,0.0110773,1
1561,1,0.015324,1
1561,0,0.0137589,1
1171_BRANCH0_2561,1,0.0116972,1
1171_BRANCH0_2561,0,0.00977521,1
1798_BRANCH0_1858,1,0.0424527,1
1798_BRANCH0_1858,0,0.0411776,1
2887,1,0.00762269,1
2887,0,0.0103564,1
1171_BRANCH0_2558,1,0.00975793,1
1171_BRANCH0_2558,0,0.0146849,1
897,1,0.0245332,1
897,0,0.0193918,1
1869,1,0.016103,1
1869,0,0.014886,1
1171_BRANCH0_2546,1,0.0113818,1
1171_BRANCH0_2546,0,0.010444,1
667,1,0.0248243,1
667,0,0.0271245,1
2119_BRANCH0_2631,1,15.744,1
2119_BRANCH0_2631,0,0.0150063,1
1229,1,0.0134907,1
1229,0,0.0128726,1
1730,1,0.0149951,1
1730,0,0.0174372,1
1171_BRANCH0_2543,1,0.0109208,1
1171_BRANCH0_2543,0,0.010348,1
603_BRANCH0_922,1,0.029502,1
603_BRANCH0_922,0,0.0177894,1
1171_BRANCH0_2540,1,0.0130768,1
1171_BRANCH0_2540,0,0.0147647,1
1824,1,0.0140708,1
1824,0,0.0120597,1
1171_BRANCH0_2537,1,0.0117,1
1171_BRANCH0_2537,0,0.015498,1
1534_BRANCH0_2039,1,0.0160354,1
1534_BRANCH0_2039,0,0.0161418,1
1168_BRANCH0_2427,1,0.0192078,1
1168_BRANCH0_2427,0,0.0159062,1
385_BRANCH0_2743,1,0.0155847,1
385_BRANCH0_2743,0,0.014567,1
1370_BRANCH0_1469,1,0.0146084,1
1370_BRANCH0_1469,0,0.013497,1
1168_BRANCH0_2272,1,0.0154113,1
1168_BRANCH0_2272,0,0.0143296,1
272_BRANCH0_676,1,0.0168935,1
272_BRANCH0_676,0,0.0182939,1
2077,1,0.0121257,1
2077,0,0.0126977,1
1167,0,0.0176315,1
2005,1,0.0138199,1
2005,0,0.0149679,1
1529,1,0.010268,1
1529,0,0.0108118,1
2683,1,0.0157099,1
2683,0,0.010909,1
1164,1,0.0172043,1
1164,0,0.0177612,1
338_BRANCH0_2800,1,0.0138424,1
338_BRANCH0_2800,0,0.0116706,1
46_BRANCH0_388,1,0.00975648,1
46_BRANCH0_388,0,0.00885411,1
76_BRANCH0_2815,1,0.0249994,1
76_BRANCH0_2815,0,0.0219668,1
2750_BRANCH0_2788,1,0.0163159,1
2750_BRANCH0_2788,0,0.0122391,1
1163,0,0.0175643,1
2007,1,0.0119135,1
2007,0,0.01575,1
1161,1,0.0161347,1
1161,0,0.0145433,1
1489,1,0.0148142,1
1489,0,0.00885058,1
1160,1,0.0214284,1
1160,0,0.0175917,1
1740,1,0.010448,1
1740,0,0.00879981,1
1159,1,0.022526,1
1159,0,0.0162287,1
1158,1,0.013717,1
1158,0,0.0121168,1
1319_BRANCH0_1409,1,0.0123074,1
1319_BRANCH0_1409,0,0.0121733,1
1825,1,0.0169933,1
1825,0,0.0171089,1
1157,1,0.0174165,1
1157,0,0.011233,1
1156,1,0.0146461,1
1156,0,0.0158982,1
1865,1,0.00939132,1
1865,0,0.0097763,1
2006,1,0.0114637,1
2006,0,0.0116401,1
1155,1,0.0178279,1
1155,0,0.0218728,1
2326_BRANCH0_2661,1,0.0146011,1
2326_BRANCH0_2661,0,0.0142309,1
1458,1,0.0164797,1
1458,0,0.0129049,1
2776_BRANCH0_2809,1,0.0126126,1
2776_BRANCH0_2809,0,0.0161189,1
1370,1,0.0132582,1
1370,0,0.0118433,1
1154,1,0.0149879,1
1154,0,0.0152865,1
1152,1,0.0182692,1
1152,0,0.0177586,1
1001,1,0.0135276,1
1001,0,0.0142174,1
1481,1,0.0118793,1
1481,0,0.00985106,1
1007,1,0.0139245,1
1007,0,0.0164867,1
1149,1,0.0148022,1
1149,0,0.0139683,1
1478_BRANCH0_1636,1,0.0104495,1
1478_BRANCH0_1636,0,0.0108193,1
1148,1,0.0136386,1
1148,0,0.0139843,1
972,1,0.0156747,1
972,0,0.0137739,1
225_BRANCH0_742,1,0.0124873,1
225_BRANCH0_742,0,0.0121949,1
1207,1,0.0125217,1
1207,0,0.0139275,1
709_BRANCH0_972,1,0.0147065,1
709_BRANCH0_972,0,0.0132233,1
1131,1,0.0147925,1
1131,0,0.0116281,1
1537_BRANCH0_1593,1,0.00976687,1
1537_BRANCH0_1593,0,0.00963676,1
1129,1,0.014028,1
1129,0,0.0117796,1
2676,1,0.0170605,1
2676,0,0.0111661,1
1128,1,0.0131051,1
1128,0,0.0123133,1
1119,1,0.012358,1
1119,0,0.0122196,1
1054,1,0.013253,1
1054,0,0.0147834,1
1376,1,0.0155222,1
1376,0,0.0172485,1
1484,1,0.0106081,1
1484,0,0.0092878,1
1049_BRANCH0_1242,1,0.0125793,1
1049_BRANCH0_1242,0,0.0133957,1
1049_BRANCH0_1241,1,0.0138829,1
1049_BRANCH0_1241,0,0.0139328,1
280_BRANCH0_602,1,0.0141854,1
280_BRANCH0_602,0,0.0145064,1
1046_BRANCH0_1239,1,0.0141817,1
1046_BRANCH0_1239,0,0.0138223,1
2561_BRANCH0_2671,1,0.0109346,1
2561_BRANCH0_2671,0,9.20685,1
1588_BRANCH0_1701,1,0.0173223,1
1588_BRANCH0_1701,0,0.017173,1
2883_BRANCH0_2895,1,0.0102897,1
2883_BRANCH0_2895,0,0.0100851,1
1043_BRANCH0_1229,1,0.0129957,1
1043_BRANCH0_1229,0,0.0145025,1
31_BRANCH0_229,1,0.0135699,1
31_BRANCH0_229,0,0.0127892,1
1358_BRANCH0_1448,1,0.0142719,1
1358_BRANCH0_1448,0,0.0133907,1
923,1,0.0200616,1
923,0,0.0137502,1
72,1,0.0167619,1
72,0,0.01474,1
1043_BRANCH0_1228,1,0.0144535,1
1043_BRANCH0_1228,0,0.0134272,1
1188_BRANCH0_2620,1,0.0146745,1
1188_BRANCH0_2620,0,0.0116257,1
1055,1,0.0151228,1
1055,0,0.0143316,1
2119_BRANCH0_2614,1,0.0133982,1
2119_BRANCH0_2614,0,0.0154703,1
2789_BRANCH0_2812,1,0.014563,1
1040,1,0.018443,1
1040,0,0.0184499,1
1683,1,0.0170719,1
1683,0,0.0158522,1
1040_BRANCH0_1226,1,0.0180117,1
1040_BRANCH0_1226,0,0.0167802,1
1028_BRANCH0_1217,1,0.0173892,1
1028_BRANCH0_1217,0,0.0151531,1
1132,1,0.0132558,1
1132,0,0.0143249,1
319_BRANCH0_655,1,0.0192347,1
319_BRANCH0_655,0,0.0208589,1
2340_BRANCH0_2628,1,0.0132116,1
2340_BRANCH0_2628,0,0.0160841,1
1037_BRANCH0_1224,1,0.0131581,1
1037_BRANCH0_1224,0,0.0146682,1
1037_BRANCH0_1223,1,0.0133561,1
1037_BRANCH0_1223,0,0.014294,1
947_BRANCH0_1492,1,0.0180292,1
947_BRANCH0_1492,0,0.0167102,1
1034_BRANCH0_1221,1,0.0139097,1
1034_BRANCH0_1221,0,0.014663,1
1034_BRANCH0_1220,1,0.0133715,1
1034_BRANCH0_1220,0,0.0140991,1
1028_BRANCH0_1712,1,0.015091,1
1028_BRANCH0_1712,0,0.0143504,1
2081,1,0.013397,1
2081,0,0.0137505,1
1500,1,0.0149764,1
1500,0,0.0111306,1
1025_BRANCH0_1216,1,0.0124764,1
1025_BRANCH0_1216,0,0.015104,1
331_BRANCH0_553,1,0.0144204,1
331_BRANCH0_553,0,0.014574,1
1025_BRANCH0_1215,1,0.0141032,1
1025_BRANCH0_1215,0,0.0137203,1
1022,1,0.0148806,1
1022,0,0.0126015,1
1019_BRANCH0_1211,1,0.0176163,1
1019_BRANCH0_1211,0,0.019475,1
571_BRANCH0_1025,1,0.0140549,1
571_BRANCH0_1025,0,0.0126162,1
104_BRANCH0_331,1,0.0132828,1
104_BRANCH0_331,0,0.0139929,1
1600,1,0.0162697,1
1600,0,0.0132266,1
206,1,0.0129085,1
206,0,0.0127893,1
2597_BRANCH0_2745,1,0.0153386,1
2597_BRANCH0_2745,0,0.0108103,1
2783,1,0.0122617,1
2783,0,0.0109895,1
1267,1,0.0147368,1
1267,0,0.0201819,1
1016_BRANCH0_1210,1,0.0138561,1
1016_BRANCH0_1210,0,0.0150794,1
1016_BRANCH0_1209,1,0.0131901,1
1016_BRANCH0_1209,0,0.0143974,1
2129_BRANCH0_2620,1,0.0127392,1
2129_BRANCH0_2620,0,0.0157537,1
1013_BRANCH0_1208,1,0.0134027,1
1013_BRANCH0_1208,0,0.0151676,1
1010,1,0.0135558,1
1010,0,0.0132405,1
379,1,0.0152367,1
379,0,0.0139027,1
2129_BRANCH0_2651,1,0.0128625,1
2129_BRANCH0_2651,0,0.0146997,1
1009,1,0.0132776,1
1009,0,0.0155445,1
2876,1,0.00924962,1
2876,0,0.0103289,1
1008,1,0.012991,1
1008,0,0.0138808,1
1243_BRANCH0_1396,1,0.0147907,1
1243_BRANCH0_1396,0,0.0129417,1
989,1,0.0129201,1
989,0,0.0151864,1
243_BRANCH0_745,1,0.0129257,1
243_BRANCH0_745,0,0.0131118,1
1361_BRANCH0_1451,1,0.0151096,1
1361_BRANCH0_1451,0,0.0176539,1
104,1,0.0134542,1
104,0,0.0125644,1
1006,1,0.0116674,1
1006,0,0.014211,1
1005,1,0.0130098,1
1005,0,0.0136715,1
1210,1,0.0137011,1
1210,0,0.0137748,1
1784,1,0.00989043,1
1784,0,0.00962719,1
2867,1,0.00989239,1
2867,0,0.00941132,1
1004,1,0.0144465,1
1004,0,0.0153795,1
1002,1,0.013827,1
1002,0,0.0138458,1
1396,1,0.0129794,1
1396,0,0.0129147,1
998,1,0.0143547,1
998,0,0.0133199,1
1046_BRANCH0_1238,1,0.013416,1
1046_BRANCH0_1238,0,0.0141535,1
1067,1,0.0208126,1
1067,0,0.0130537,1
46_BRANCH0_247,1,0.0152372,1
46_BRANCH0_247,0,0.0146171,1
998_BRANCH0_1161,1,0.016046,1
998_BRANCH0_1161,0,0.014777,1
619,1,0.0122056,1
619,0,0.0132429,1
1866_BRANCH0_1915,1,0.00971652,1
1866_BRANCH0_1915,0,0.0127588,1
997,1,0.0142774,1
997,0,0.0132713,1
994_BRANCH0_1504,1,0.015763,1
994_BRANCH0_1504,0,0.0139654,1
994_BRANCH0_1240,1,0.0156418,1
994_BRANCH0_1240,0,0.0148924,1
1773,1,0.00931102,1
1773,0,0.0102421,1
2573_BRANCH0_2689,1,0.013852,1
2573_BRANCH0_2689,0,0.0135412,1
1034,1,0.0133896,1
1034,0,0.0137548,1
343,1,0.0142815,1
343,0,0.0116514,1
592_BRANCH0_985,1,0.0168016,1
592_BRANCH0_985,0,0.0216445,1
990,1,0.0164546,1
990,0,0.0149029,1
94_BRANCH0_297,1,0.0205932,1
94_BRANCH0_297,0,0.0183837,1
2859,1,0.0240781,1
2859,0,0.0110017,1
988,1,0.0144649,1
988,0,0.0127015,1
985,1,0.022869,1
985,0,0.0211615,1
1164_BRANCH0_2386,1,0.0186946,1
1164_BRANCH0_2386,0,0.015549,1
1393,1,0.0128201,1
1393,0,0.0112353,1
1571_BRANCH0_2037,1,0.00989907,1
1571_BRANCH0_2037,0,0.00956914,1
2869,1,0.00987097,1
2869,0,0.00922153,1
1350,1,0.0153387,1
1350,0,0.0187245,1
981,1,0.00949692,1
981,0,0.019931,1
981_BRANCH0_1231,1,0.0127931,1
981_BRANCH0_1231,0,0.0207038,1
981_BRANCH0_1230,1,0.0121784,1
981_BRANCH0_1230,0,0.0202364,1
980,1,0.0137652,1
980,0,0.0131199,1
2104_BRANCH0_2567,1,0.0141657,1
2104_BRANCH0_2567,0,0.015581,1
977_BRANCH0_1496,1,0.0135913,1
977_BRANCH0_1496,0,0.0155799,1
2022,1,0.0125766,1
2022,0,0.0147902,1
1457,1,0.0152399,1
1457,0,0.0108966,1
1239,1,0.013248,1
1239,0,0.0134191,1
1168,1,0.0181139,1
1168,0,0.0139758,1
2042,1,0.0139861,1
2042,0,0.0113171,1
973,0,0.0167288,1
1309,1,0.0155971,1
1309,0,0.0129054,1
973_BRANCH0_1227,0,0.0199512,1
1016,1,0.0150153,1
1016,0,0.0133209,1
969_BRANCH0_1156,1,0.0159834,1
969_BRANCH0_1156,0,0.0146698,1
1171_BRANCH0_2603,1,0.0108539,1
1171_BRANCH0_2603,0,0.0145516,1
1748,1,0.0102716,1
1748,0,0.00993178,1
992,1,0.0201266,1
992,0,0.0201672,1
965,1,0.0127672,1
965,0,0.0133513,1
358_BRANCH0_2758,1,0.0145673,1
358_BRANCH0_2758,0,0.0151865,1
959_BRANCH0_1837,1,0.0110636,1
959_BRANCH0_1837,0,0.0150602,1
962,0,0.0170227,1
962_BRANCH0_1825,1,0.0235749,1
962_BRANCH0_1825,0,0.0172787,1
1875_BRANCH0_2036,1,0.0126718,1
1875_BRANCH0_2036,0,0.00980122,1
962_BRANCH0_1155,1,0.0215424,1
962_BRANCH0_1155,0,0.0182726,1
331_BRANCH0_554,1,0.0151659,1
331_BRANCH0_554,0,0.0163024,1
2297_BRANCH0_2555,1,0.015186,1
2297_BRANCH0_2555,0,0.0152739,1
959,1,0.0133426,1
959,0,0.013493,1
1978,1,0.0160517,1
1978,0,0.0142764,1
2286_BRANCH0_2594,1,0.0158439,1
2286_BRANCH0_2594,0,0.0158006,1
959_BRANCH0_1218,1,0.0125827,1
959_BRANCH0_1218,0,0.01315,1
2340_BRANCH0_2648,1,0.015021,1
2340_BRANCH0_2648,0,0.0156971,1
1493,1,0.014917,1
1493,0,0.0117927,1
958,1,0.0136321,1
958,0,0.0141899,1
1661_BRANCH0_1727,1,0.0109733,1
1661_BRANCH0_1727,0,0.00939793,1
1546,1,0.00947951,1
1546,0,0.00989104,1
1409,1,0.0128413,1
1409,0,0.0122914,1
2052,1,0.0104129,1
2052,0,0.00967204,1
2821_BRANCH0_2860,1,0.0103988,1
2821_BRANCH0_2860,0,0.0272075,1
955,1,0.0146021,1
955,0,0.0140909,1
1459,1,0.0159985,1
1459,0,0.00975959,1
1762,1,0.00993406,1
1762,0,0.00987887,1
955_BRANCH0_1153,1,0.0145658,1
955_BRANCH0_1153,0,0.0158157,1
1537,1,0.0153329,1
1537,0,0.0089748,1
951,1,0.0139995,1
951,0,0.0128825,1
951_BRANCH0_1154,1,0.0158418,1
951_BRANCH0_1154,0,0.0145653,1
1711,1,0.0101407,1
1711,0,0.0102923,1
947,1,0.0174418,1
947,0,0.0190612,1
947_BRANCH0_1152,1,0.0176363,1
947_BRANCH0_1152,0,0.0196264,1
2078_BRANCH0_2196,1,0.0130839,1
2078_BRANCH0_2196,0,0.0134155,1
2720,1,0.0143419,1
2720,0,0.0148035,1
1478,1,0.0102354,1
1478,0,0.00891198,1
946,1,0.0130027,1
946,0,0.0144504,1
1685,1,0.0119584,1
1685,0,0.00951876,1
2315,1,0.0156472,1
2315,0,0.0157013,1
1643_BRANCH0_1707,1,0.0269399,1
1643_BRANCH0_1707,0,0.0280176,1
1376_BRANCH0_1471,1,144.833,1
1376_BRANCH0_1471,0,144.577,1
943_BRANCH0_1489,1,0.0169531,1
943_BRANCH0_1489,0,0.0149652,1
943_BRANCH0_1151,1,0.01471,1
943_BRANCH0_1151,0,0.0161489,1
608_BRANCH0_903,1,0.0227795,1
608_BRANCH0_903,0,0.0164903,1
1351,1,0.0154668,1
1351,0,0.018294,1
1958_BRANCH0_2014,1,0.0108672,1
1958_BRANCH0_2014,0,0.00922655,1
942,1,0.0130749,1
942,0,0.0141153,1
939_BRANCH0_1487,1,0.0159348,1
939_BRANCH0_1487,0,0.0155382,1
939_BRANCH0_1148,1,0.0158721,1
939_BRANCH0_1148,0,0.016006,1
715_BRANCH0_980,1,0.0145079,1
715_BRANCH0_980,0,0.0147965,1
2757,1,0.0165765,1
2757,0,0.0123307,1
935,1,0.0132575,1
935,0,0.0129265,1
676_BRANCH0_920,1,0.0185467,1
676_BRANCH0_920,0,0.0192203,1
1249,1,0.0122108,1
1249,0,0.0131122,1
1122,1,0.0211828,1
1122,0,0.0116384,1
1188_BRANCH0_2664,1,0.0117412,1
1188_BRANCH0_2664,0,0.0139926,1
935_BRANCH0_1149,1,0.0158219,1
935_BRANCH0_1149,0,0.0145807,1
319_BRANCH0_592,1,0.0223912,1
319_BRANCH0_592,0,0.0212635,1
1639,1,0.0127492,1
1639,0,0.0090318,1
556,1,0.0127165,1
556,0,0.0137721,1
926_BRANCH0_2633,1,0.0127298,1
926_BRANCH0_2633,0,0.0244805,1
918,1,0.0158129,1
918,0,0.0182896,1
388_BRANCH0_549,1,0.0188883,1
388_BRANCH0_549,0,0.0188754,1
926_BRANCH0_2632,1,0.0134724,1
926_BRANCH0_2632,0,0.0207292,1
926_BRANCH0_2630,1,0.0131306,1
926_BRANCH0_2630,0,0.0191228,1
2227,1,0.0138865,1
2227,0,0.0136741,1
993,1,0.0135094,1
993,0,0.0128893,1
926_BRANCH0_2629,1,0.0164756,1
926_BRANCH0_2629,0,0.0201081,1
1675,1,0.0131946,1
1675,0,0.0127901,1
923_BRANCH0_1188,1,0.0197381,1
923_BRANCH0_1188,0,0.0150659,1
1317,1,0.0165775,1
1317,0,0.0174946,1
2272,1,0.0147883,1
2272,0,0.0167277,1
1316,1,0.0138819,1
1316,0,0.0141263,1
2353_BRANCH0_2664,1,0.0162888,1
2353_BRANCH0_2664,0,0.0174666,1
922,1,0.0249585,1
922,0,0.0113427,1
2228,1,0.0134671,1
2228,0,0.0135786,1
920,1,0.0182436,1
920,0,0.0192522,1
919,1,0.0154719,1
919,0,0.0179194,1
1815_BRANCH0_1855,1,0.0157993,1
1815_BRANCH0_1855,0,0.0166314,1
917,1,0.0166074,1
917,0,0.0188062,1
916,1,0.019186,1
916,0,0.0191093,1
915,1,0.0406172,1
915,0,0.0413215,1
913,1,0.0162603,1
913,0,0.0168297,1
688,1,0.0134444,1
688,0,0.0134224,1
2027_BRANCH0_2071,1,0.0154168,1
2027_BRANCH0_2071,0,0.0138164,1
1671,1,0.011056,1
1671,0,0.00874252,1
1748_BRANCH0_1807,1,0.00962464,1
1748_BRANCH0_1807,0,0.0104436,1
1171_BRANCH0_2648,1,0.0116923,1
1171_BRANCH0_2648,0,0.0181623,1
1388,1,0.0123142,1
1388,0,0.00960854,1
910,1,0.0179277,1
910,0,0.0153986,1
277,1,0.0159261,1
277,0,0.0159726,1
907,1,0.0174379,1
907,0,0.0145309,1
2067,1,0.0178591,1
2067,0,0.0150865,1
907_BRANCH0_1252,1,0.0178132,1
907_BRANCH0_1252,0,0.0135283,1
216_BRANCH0_739,1,0.014101,1
216_BRANCH0_739,0,0.0113964,1
201,1,0.015836,1
201,0,0.0158038,1
903_BRANCH0_2279,1,0.0157147,1
903_BRANCH0_2279,0,0.0155106,1
899,1,0.0154986,1
899,0,0.0160741,1
748_BRANCH0_1008,1,0.0143942,1
748_BRANCH0_1008,0,0.014777,1
1226,1,0.0177349,1
1226,0,0.0192437,1
910_BRANCH0_1258,1,0.0181909,1
910_BRANCH0_1258,0,0.0154068,1
586_BRANCH0_973,0,0.0202482,1
899_BRANCH0_2279,1,0.017807,1
899_BRANCH0_2279,0,0.0171712,1
899_BRANCH0_1164,1,0.0160751,1
899_BRANCH0_1164,0,0.0154859,1
1827,1,0.0127861,1
1827,0,0.0100667,1
2315_BRANCH0_2546,1,0.0137753,1
2315_BRANCH0_2546,0,0.0154421,1
2361_BRANCH0_2573,1,0.0159957,1
2361_BRANCH0_2573,0,0.0162257,1
976,1,0.0176957,1
976,0,0.0179121,1
899_BRANCH0_1163,1,0.0176928,1
2843_BRANCH0_2871,1,0.0111618,1
2843_BRANCH0_2871,0,0.0116504,1
898,1,0.0211126,1
898,0,0.0201445,1
1576,1,0.0131847,1
1576,0,0.00955135,1
551,1,0.0129631,1
551,0,0.0132312,1
1451,1,0.0168809,1
1451,0,0.0150104,1
1434,1,0.0139996,1
1434,0,0.0100207,1
998_BRANCH0_1498,1,0.0140487,1
998_BRANCH0_1498,0,0.0159575,1
2897,1,0.0128527,1
2897,0,0.00967693,1
896,1,0.0196393,1
896,0,0.0143621,1
2104_BRANCH0_2634,1,0.0124689,1
2104_BRANCH0_2634,0,0.0188622,1
326_BRANCH0_601,1,0.0139019,1
326_BRANCH0_601,0,0.0145325,1
28_BRANCH0_225,1,0.0135981,1
28_BRANCH0_225,0,0.0129523,1
326,1,0.0122531,1
326,0,0.0149755,1
319_BRANCH0_586,1,0.0154196,1
319_BRANCH0_586,0,0.0155997,1
306,1,0.0145924,1
306,0,0.0165582,1
306_BRANCH0_555,1,0.012682,1
306_BRANCH0_555,0,0.0150567,1
703_BRANCH0_958,1,0.013958,1
703_BRANCH0_958,0,0.0142661,1
673_BRANCH0_2008,1,0.0420646,1
673_BRANCH0_2008,0,0.0407607,1
306_BRANCH0_554,1,0.0148792,1
306_BRANCH0_554,0,0.0138796,1
216_BRANCH0_619,1,0.0140882,1
216_BRANCH0_619,0,0.0134819,1
535,1,0.0175397,1
535,0,0.0195818,1
2634,1,0.0179618,1
2634,0,0.0116638,1
685,1,0.0141978,1
685,0,0.010196,1
595_BRANCH0_998,1,0.0130691,1
595_BRANCH0_998,0,0.0125888,1
1777,1,0.00963264,1
1777,0,0.0101176,1
306_BRANCH0_553,1,0.0143962,1
306_BRANCH0_553,0,0.0137788,1
2600_BRANCH0_2745,1,0.0160148,1
2600_BRANCH0_2745,0,0.0116755,1
664,1,0.0180575,1
664,0,0.0190403,1
697,1,0.015668,1
697,0,0.0184478,1
1255_BRANCH0_1348,1,0.0179255,1
1255_BRANCH0_1348,0,0.0159568,1
893,1,0.0213343,1
893,0,0.0103446,1
2858,1,0.0209783,1
2858,0,0.011347,1
712_BRANCH0_976,1,0.0161544,1
712_BRANCH0_976,0,0.0180135,1
303_BRANCH0_923,1,0.0220495,1
303_BRANCH0_923,0,0.021543,1
194_BRANCH0_634,1,0.0134987,1
194_BRANCH0_634,0,0.0136639,1
56_BRANCH0_910,1,0.0171088,1
56_BRANCH0_910,0,0.0138984,1
290_BRANCH0_2078,1,0.0164863,1
290_BRANCH0_2078,0,0.0240359,1
25_BRANCH0_367,1,0.0159444,1
25_BRANCH0_367,0,0.0150019,1
69_BRANCH0_257,1,0.0166514,1
69_BRANCH0_257,0,0.0134453,1
34_BRANCH0_232,1,0.0135495,1
34_BRANCH0_232,0,0.01269,1
283_BRANCH0_2815,1,0.0176377,1
283_BRANCH0_2815,0,0.0233812,1
1040_BRANCH0_1225,1,0.0194967,1
1040_BRANCH0_1225,0,0.0195553,1
2129_BRANCH0_2561,1,0.0144346,1
2129_BRANCH0_2561,0,0.0150103,1
539,1,0.0189275,1
539,0,0.0180572,1
1664,1,0.0159645,1
1664,0,0.0170128,1
2658_BRANCH0_2738,1,0.0128345,1
2658_BRANCH0_2738,0,0.0160394,1
691_BRANCH0_942,1,0.0135021,1
691_BRANCH0_942,0,0.0137524,1
283_BRANCH0_2812,1,0.0223234,1
283_BRANCH0_2812,0,0.0238281,1
319_BRANCH0_724,1,0.0223742,1
319_BRANCH0_724,0,0.0207748,1
2631,1,0.0148051,1
2631,0,0.0113183,1
2824,1,0.01046,1
2824,0,0.0183834,1
565,1,0.0161333,1
565,0,0.018528,1
595_BRANCH0_994,1,0.0137293,1
595_BRANCH0_994,0,0.0121045,1
571,1,0.0134425,1
571,0,0.0139483,1
2068_BRANCH0_2104,1,0.0131084,1
2068_BRANCH0_2104,0,0.0136035,1
2785,1,0.0150087,1
2785,0,0.00939914,1
2863,1,0.0247922,1
2863,0,0.0104867,1
1534,1,0.0172455,1
1534,0,0.0157003,1
2673,1,0.0170279,1
2673,0,0.0121157,1
16,1,0.0139774,1
16,0,0.0149919,1
277_BRANCH0_921,1,0.0288137,1
277_BRANCH0_921,0,0.0292297,1
349,1,0.014925,1
349,0,0.0147313,1
939,1,0.0142948,1
939,0,0.0142545,1
272_BRANCH0_679,1,0.0178344,1
272_BRANCH0_679,0,0.0167248,1
300,1,0.0158291,1
300,0,0.0142091,1
1252_BRANCH0_1349,1,0.0152781,1
1252_BRANCH0_1349,0,0.0149822,1
1658_BRANCH0_1720,1,0.0102678,1
1658_BRANCH0_1720,0,0.00969905,1
266_BRANCH0_667,1,0.0274369,1
266_BRANCH0_667,0,0.017547,1
338_BRANCH0_926,0,0.0203678,1
25,1,0.0164816,1
25,0,0.0132952,1
608_BRANCH0_910,1,0.0216209,1
608_BRANCH0_910,0,0.0177678,1
297,1,0.0182987,1
297,0,0.0182042,1
1315,1,0.0156179,1
1315,0,0.0127145,1
2427_BRANCH0_2639,1,0.0127297,1
2427_BRANCH0_2639,0,0.0161985,1
730_BRANCH0_997,1,0.0143179,1
730_BRANCH0_997,0,0.0153143,1
4,1,0.0107978,1
4,0,0.0149844,1
263,1,0.0188241,1
263,0,0.0170095,1
91_BRANCH0_252,1,0.0102756,1
91_BRANCH0_252,0,0.0201149,1
2297_BRANCH0_2645,1,0.0159112,1
2297_BRANCH0_2645,0,0.0164376,1
724_BRANCH0_1122,1,0.0129156,1
724_BRANCH0_1122,0,0.0202763,1
1010_BRANCH0_1206,1,0.0132687,1
1010_BRANCH0_1206,0,0.0154481,1
252,1,0.0220498,1
252,0,0.0105424,1
1688,1,0.0100674,1
1688,0,0.00936671,1
1510_BRANCH0_1569,1,0.00983795,1
1510_BRANCH0_1569,0,0.00941012,1
263_BRANCH0_661,1,0.0156904,1
263_BRANCH0_661,0,0.0203242,1
2851,1,0.0230451,1
2851,0,0.0108109,1
34,1,0.0140531,1
34,0,0.0144801,1
1723_BRANCH0_1773,1,0.00972602,1
1723_BRANCH0_1773,0,0.0103743,1
37_BRANCH0_235,1,0.0111086,1
37_BRANCH0_235,0,0.0145692,1
2143,1,0.0134247,1
2143,0,0.0135152,1
2245_BRANCH0_2272,1,0.0134712,1
2245_BRANCH0_2272,0,0.0155132,1
4_BRANCH0_194,1,0.0165498,1
4_BRANCH0_194,0,0.0145218,1
926_BRANCH0_2631,1,0.0159539,1
926_BRANCH0_2631,0,0.0200853,1
338_BRANCH0_2384,1,0.0144234,1
338_BRANCH0_2384,0,0.0149281,1
63,1,0.0136439,1
63,0,0.0133136,1
733_BRANCH0_1328,1,0.0141393,1
733_BRANCH0_1328,0,0.0148453,1
257,1,0.0154111,1
257,0,0.0142982,1
297_BRANCH0_921,1,0.022511,1
297_BRANCH0_921,0,0.0287765,1
1219,1,0.0178737,1
1219,0,0.0175253,1
1823,1,0.0136896,1
1823,0,0.0157551,1
253,1,0.015661,1
253,0,0.0163275,1
1838_BRANCH0_1896,1,0.0111999,1
1838_BRANCH0_1896,0,0.00979848,1
2853,1,0.0282409,1
2853,0,0.0100798,1
253_BRANCH0_724,1,0.0203852,1
253_BRANCH0_724,0,0.0206179,1
1463,1,0.0143795,1
1463,0,0.012802,1
1440_BRANCH0_2023,1,0.0147018,1
1440_BRANCH0_2023,0,0.0167515,1
2235,1,0.0176107,1
2235,0,0.0130335,1
1188_BRANCH0_2617,1,0.0135168,1
1188_BRANCH0_2617,0,0.0154938,1
361_BRANCH0_540,1,0.0181388,1
361_BRANCH0_540,0,0.0188553,1
658,1,0.0190812,1
658,0,0.0186844,1
349_BRANCH0_536,1,0.0184905,1
349_BRANCH0_536,0,0.0187016,1
2361_BRANCH0_2597,1,0.0150715,1
2361_BRANCH0_2597,0,0.015142,1
56,1,0.0149237,1
56,0,0.0172262,1
2872,1,0.00959644,1
2872,0,0.0115746,1
1249_BRANCH0_1345,1,0.0155069,1
1249_BRANCH0_1345,0,0.0117748,1
253_BRANCH0_592,1,0.0218155,1
253_BRANCH0_592,0,0.0206341,1
247_BRANCH0_700,1,0.0136718,1
247_BRANCH0_700,0,0.013207,1
349_BRANCH0_2722,1,0.0135211,1
349_BRANCH0_2722,0,0.0138823,1
2375,1,0.0157238,1
2375,0,0.0171406,1
247_BRANCH0_595,1,0.0132051,1
247_BRANCH0_595,0,0.0133447,1
346_BRANCH0_2721,1,0.0157545,1
346_BRANCH0_2721,0,0.0141392,1
1452,1,0.0182378,1
1452,0,0.0187917,1
2236,1,0.0137766,1
2236,0,0.0132562,1
1246_BRANCH0_1398,1,0.0146711,1
1246_BRANCH0_1398,0,0.0156059,1
1019,1,0.0166832,1
1019,0,0.0157694,1
706,1,0.0141208,1
706,0,0.0127686,1
269,1,0.0462453,1
269,0,0.0438863,1
306_BRANCH0_550,1,0.0155379,1
306_BRANCH0_550,0,0.0156185,1
91,1,0.0193289,1
91,0,0.0196311,1
99_BRANCH0_303,1,0.0264802,1
99_BRANCH0_303,0,0.0221518,1
1858,1,0.0442706,1
1858,0,0.0179341,1
239,1,0.0131149,1
239,0,0.0136361,1
239_BRANCH0_589,1,0.0145235,1
239_BRANCH0_589,0,0.0155453,1
903,1,0.0176281,1
903,0,0.0175963,1
79_BRANCH0_2829,1,0.0288652,1
79_BRANCH0_2829,0,0.0248328,1
1215,1,0.0148221,1
1215,0,0.0148976,1
331_BRANCH0_551,1,0.0154733,1
331_BRANCH0_551,0,0.0134867,1
326_BRANCH0_921,1,0.028914,1
326_BRANCH0_921,0,0.0276574,1
1412,1,0.0153156,1
1412,0,0.0122321,1
2555_BRANCH0_2750,1,0.0147531,1
2555_BRANCH0_2750,0,0.013057,1
313_BRANCH0_2384,1,0.00545285,0
313_BRANCH0_2384,0,0.0120955,1
1413,1,0.0143936,1
1413,0,0.0102136,1
643_BRANCH0_1706,1,0.00867733,1
643_BRANCH0_1706,0,0.0196107,1
718_BRANCH0_1120,1,0.0145274,1
718_BRANCH0_1120,0,0.0142573,1
232_BRANCH0_583,1,0.0128641,1
232_BRANCH0_583,0,0.0136731,1
2060,1,0.0202051,1
2060,0,0.0198451,1
379_BRANCH0_2765,1,0.0155855,1
379_BRANCH0_2765,0,0.0153319,1
229,1,0.0134129,1
229,0,0.0138227,1
2229,1,0.0145764,1
2229,0,0.0133088,1
903_BRANCH0_1167,1,0.0160374,1
376_BRANCH0_545,1,0.0189587,1
376_BRANCH0_545,0,0.0194629,1
303_BRANCH0_926,0,0.0183403,1
1031_BRANCH0_1219,1,0.0198838,1
1031_BRANCH0_1219,0,0.0196514,1
229_BRANCH0_580,1,0.0130328,1
229_BRANCH0_580,0,0.0128684,1
541,1,0.0181424,1
541,0,0.0186812,1
326_BRANCH0_922,1,0.0259306,1
326_BRANCH0_922,0,0.0249663,1
2611_BRANCH0_2750,1,0.0162483,1
2611_BRANCH0_2750,0,0.0121698,1
225,1,0.012341,1
225,0,0.0130151,1
667_BRANCH0_2230,1,0.0271508,1
667_BRANCH0_2230,0,0.0280978,1
1010_BRANCH0_1205,1,0.0149497,1
1010_BRANCH0_1205,0,0.0137836,1
1164_BRANCH0_2266,1,0.0164494,1
1164_BRANCH0_2266,0,0.0152482,1
1216,1,0.0146227,1
1216,0,0.013248,1
1788_BRANCH0_1826,1,0.0112442,1
1788_BRANCH0_1826,0,0.00975648,1
316,1,0.0134709,1
316,0,0.00968264,1
66_BRANCH0_252,1,0.0157667,1
66_BRANCH0_252,0,0.0223186,1
225_BRANCH0_568,1,0.014152,1
225_BRANCH0_568,0,0.0137136,1
99,1,0.0139319,1
99,0,0.0146244,1
2888,1,0.00698047,1
2888,0,0.0101277,1
676,1,0.0172905,1
676,0,0.018282,1
1866,1,0.0120398,1
1866,0,0.00888675,1
220_BRANCH0_730,1,0.0129144,1
220_BRANCH0_730,0,0.0135705,1
247_BRANCH0_703,1,0.0135737,1
247_BRANCH0_703,0,0.0138817,1
1540_BRANCH0_1594,1,0.0109592,1
1540_BRANCH0_1594,0,0.00960057,1
2013,1,0.00940772,1
2013,0,0.0106614,1
1364,1,0.0124739,1
1364,0,0.0129205,1
2361_BRANCH0_2552,1,0.0145929,1
2361_BRANCH0_2552,0,0.0171542,1
2427_BRANCH0_2606,1,0.0146431,1
2427_BRANCH0_2606,0,0.0160666,1
1261,1,0.0157359,1
1261,0,0.0156929,1
1815_BRANCH0_1856,1,0.0175097,1
1815_BRANCH0_1856,0,0.0164184,1
2617,1,0.0163413,1
2617,0,0.0128698,1
220_BRANCH0_577,1,0.0146236,1
220_BRANCH0_577,0,0.0141521,1
697_BRANCH0_950,1,0.0176642,1
697_BRANCH0_950,0,0.0193445,1
376_BRANCH0_2764,1,0.0161798,1
376_BRANCH0_2764,0,0.0147654,1
212_BRANCH0_748,1,0.0137929,1
212_BRANCH0_748,0,0.0120221,1
1399,1,0.01405,1
1399,0,0.00996425,1
994,1,0.0113218,1
994,0,0.0140687,1
212_BRANCH0_697,1,0.0178166,1
212_BRANCH0_697,0,0.0183662,1
1920,1,0.0155802,1
1920,0,0.0158093,1
212_BRANCH0_694,1,0.0138038,1
212_BRANCH0_694,0,0.0142215,1
603_BRANCH0_921,1,0.0270634,1
603_BRANCH0_921,0,0.0207723,1
1603,1,0.0132322,1
1603,0,0.0101659,1
1557,1,0.00889989,1
1557,0,0.0135165,1
2651_BRANCH0_2732,1,0.011875,1
2651_BRANCH0_2732,0,0.0156011,1
209,1,0.015869,1
209,0,0.0173696,1
1864,1,0.0119716,1
1864,0,0.0110611,1
1246,1,0.0127215,1
1246,0,0.0121828,1
209_BRANCH0_736,1,0.0131154,1
209_BRANCH0_736,0,0.0125966,1
1379,1,0.0122134,1
1379,0,0.0130514,1
1334_BRANCH0_1801,1,0.0126835,1
1334_BRANCH0_1801,0,0.0105405,1
220,1,0.0138727,1
220,0,0.0128459,1
2875,1,0.00984055,1
2875,0,0.0110629,1
655_BRANCH0_1067,1,0.0125338,1
655_BRANCH0_1067,0,0.0206269,1
206_BRANCH0_562,1,0.017983,1
206_BRANCH0_562,0,0.0183883,1
206_BRANCH0_718,1,0.0141145,1
206_BRANCH0_718,0,0.0126773,1
589,1,0.017424,1
589,0,0.0132754,1
1748_BRANCH0_1808,1,0.0109763,1
1748_BRANCH0_1808,0,0.0106911,1
739,1,0.0124174,1
739,0,0.0120662,1
1615_BRANCH0_1810,1,0.0160873,1
1615_BRANCH0_1810,0,0.0199755,1
290_BRANCH0_1802,1,0.0138756,1
290_BRANCH0_1802,0,0.0189379,1
313,1,0.0202548,1
313,0,0.0145861,1
646,1,0.0136946,1
646,0,0.0123328,1
1031_BRANCH0_1713,1,0.0188547,1
1031_BRANCH0_1713,0,0.0182771,1
260_BRANCH0_608,1,0.0211033,1
260_BRANCH0_608,0,0.021755,1
1576_BRANCH0_1639,1,0.0116366,1
1576_BRANCH0_1639,0,0.00944396,1
82,1,0.0154063,1
82,0,0.0155824,1
1678,1,0.00991035,1
1678,0,0.0100116,1
72_BRANCH0_253,1,0.0167365,1
72_BRANCH0_253,0,0.016655,1
589_BRANCH0_1043,1,0.01338,1
589_BRANCH0_1043,0,0.0131087,1
1682,1,0.0099814,1
1682,0,0.00950865,1
275,1,0.0196591,1
275,0,0.0200724,1
751_BRANCH0_1132,1,0.0151614,1
751_BRANCH0_1132,0,0.0143403,1
2862,1,0.0259335,1
2862,0,0.0121124,1
364_BRANCH0_541,1,0.015794,1
364_BRANCH0_541,0,0.0175084,1
2119_BRANCH0_2658,1,0.0141688,1
2119_BRANCH0_2658,0,0.0147949,1
603_BRANCH0_923,1,0.0255566,1
603_BRANCH0_923,0,0.0195292,1
1373,1,0.015923,1
1373,0,0.0131121,1
49,1,0.0161277,1
49,0,0.0160282,1
1419,1,0.0139895,1
1419,0,0.0141494,1
1701_BRANCH0_1764,1,0.0157298,1
1701_BRANCH0_1764,0,0.0155645,1
256,1,0.0217605,1
256,0,0.0214103,1
1258_BRANCH0_2025,1,0.021905,1
1258_BRANCH0_2025,0,0.0171276,1
2427_BRANCH0_2597,1,0.013904,1
2427_BRANCH0_2597,0,0.0177176,1
545,1,0.0179622,1
545,0,0.019279,1
201_BRANCH0_715,1,0.0134562,1
201_BRANCH0_715,0,0.0129982,1
53,1,0.0141199,1
53,0,0.0179595,1
562_BRANCH0_943,1,0.011871,1
562_BRANCH0_943,0,0.0149966,1
1,1,0.00922449,1
1,0,0.0140294,1
99_BRANCH0_313,1,0.015424,1
99_BRANCH0_313,0,0.0191444,1
1349,1,0.0170032,1
1349,0,0.0177126,1
2326_BRANCH0_2620,1,0.012672,1
2326_BRANCH0_2620,0,0.016786,1
2361_BRANCH0_2629,1,11.4816,1
2361_BRANCH0_2629,0,0.0155439,1
53_BRANCH0_724,1,0.0211832,1
53_BRANCH0_724,0,0.0207795,1
622,1,0.014317,1
622,0,0.0131662,1
977,1,0.0111038,1
977,0,0.0140057,1
31_BRANCH0_373,1,0.0157032,1
31_BRANCH0_373,0,0.0147532,1
1481_BRANCH0_1568,1,0.0110578,1
1481_BRANCH0_1568,0,0.00962703,1
562,1,0.012581,1
562,0,0.0186156,1
643_BRANCH0_893,1,0.0112188,1
643_BRANCH0_893,0,0.0199129,1
40,1,0.0143477,1
40,0,0.0163226,1
888,1,0.0139362,1
888,0,0.0153823,1
586,1,0.0161254,1
586,0,0.0159838,1
2297_BRANCH0_2597,1,0.0138959,1
2297_BRANCH0_2597,0,0.0145633,1
914,1,0.0179218,1
914,0,0.0182336,1
1591,1,0.0137033,1
1591,0,0.0136412,1
10_BRANCH0_352,1,0.0101844,1
10_BRANCH0_352,0,0.0159413,1
56_BRANCH0_643,1,0.0200268,1
56_BRANCH0_643,0,0.0206004,1
1188_BRANCH0_2655,1,0.0101263,1
1188_BRANCH0_2655,0,0.0178695,1
748_BRANCH0_1133,1,0.0137695,1
748_BRANCH0_1133,0,0.0143098,1
2606_BRANCH0_2750,1,0.017377,1
2606_BRANCH0_2750,0,0.0129656,1
216,1,0.0124526,1
216,0,0.0136793,1
1658_BRANCH0_1721,1,0.00953559,1
1658_BRANCH0_1721,0,0.0106619,1
718,1,0.0133293,1
718,0,0.0129393,1
352_BRANCH0_537,1,0.0204213,1
352_BRANCH0_537,0,0.0190356,1
104_BRANCH0_326,1,0.0150128,1
104_BRANCH0_326,0,0.0149487,1
1_BRANCH0_190,1,0.0154265,1
1_BRANCH0_190,0,0.0153213,1
2297_BRANCH0_2570,1,0.0128046,1
2297_BRANCH0_2570,0,0.0168196,1
568_BRANCH0_951,1,0.0139149,1
568_BRANCH0_951,0,0.0142973,1
649,1,0.0135438,1
649,0,0.0132007,1
37,1,0.0100663,1
37,0,0.0120862,1
46,1,0.0158328,1
46,0,0.00905793,1
25_BRANCH0_220,1,0.0137387,1
25_BRANCH0_220,0,0.0127476,1
1049,1,0.013302,1
1049,0,0.0130707,1
269_BRANCH0_670,1,0.0191224,1
269_BRANCH0_670,0,0.0188682,1
283_BRANCH0_2829,1,0.0212464,1
283_BRANCH0_2829,0,0.0276056,1
1658,1,0.0101241,1
1658,0,0.0113315,1
239_BRANCH0_598,1,0.0128712,1
239_BRANCH0_598,0,0.0131403,1
94_BRANCH0_283,1,0.0154105,1
94_BRANCH0_283,0,0.0160822,1
216_BRANCH0_721,1,0.0144579,1
216_BRANCH0_721,0,0.0136139,1
1319_BRANCH0_1852,1,0.0124766,1
1319_BRANCH0_1852,0,0.0142427,1
612_BRANCH0_897,1,0.00972889,0
612_BRANCH0_897,0,0.0189235,1
2250,1,0.0172918,1
2250,0,0.0135322,1
2269_BRANCH0_2426,1,0.0135602,1
2269_BRANCH0_2426,0,0.0144863,1
10_BRANCH0_201,1,0.0175848,1
10_BRANCH0_201,0,0.0170202,1
546,1,0.0189221,1
546,0,0.0162174,1
1517_BRANCH0_1600,1,0.0182193,1
1517_BRANCH0_1600,0,0.0143393,1
1235_BRANCH0_1389,1,0.0111863,1
1235_BRANCH0_1389,0,0.0137158,1
1961_BRANCH0_2015,1,0.00965769,1
1961_BRANCH0_2015,0,0.0097695,1
2256,1,0.0143683,1
2256,0,0.0154124,1
16_BRANCH0_358,1,0.0150806,1
16_BRANCH0_358,0,0.0100093,1
2543_BRANCH0_2747,1,0.0150491,1
2543_BRANCH0_2747,0,0.0130799,1
1361,1,0.0177326,1
1361,0,0.0173012,1
303,1,0.026366,1
303,0,0.0222978,1
276,1,0.0217634,1
276,0,0.0221047,1
300_BRANCH0_612,1,0.0162359,1
300_BRANCH0_612,0,0.0209146,1
197_BRANCH0_691,1,0.014177,1
197_BRANCH0_691,0,0.0144433,1
43_BRANCH0_243,1,0.0132575,1
43_BRANCH0_243,0,0.0135483,1
1327,1,0.0136475,1
1327,0,0.0144477,1
2722,1,0.0138197,1
2722,0,0.0130117,1
266,1,0.0265494,1
266,0,0.0271469,1
1953_BRANCH0_2005,1,0.0148423,1
1953_BRANCH0_2005,0,0.0153873,1
631_BRANCH0_1267,1,0.0160054,1
631_BRANCH0_1267,0,0.0180211,1
2597_BRANCH0_2747,1,0.0149848,1
2597_BRANCH0_2747,0,0.01484,1
283_BRANCH0_2818,1,0.0209562,1
283_BRANCH0_2818,0,0.0272319,1
2740,1,0.017106,1
2740,0,0.0111104,1
373,1,0.0148221,1
373,0,0.00968576,1
2326,1,0.0128102,1
2326,0,0.0158865,1
628_BRANCH0_1322,1,0.0146637,1
628_BRANCH0_1322,0,0.0129436,1
1561_BRANCH0_1640,1,0.0102696,1
1561_BRANCH0_1640,0,0.00979402,1
31,1,0.00917529,1
31,0,0.0145048,1
2030,1,0.0147689,1
2030,0,0.0151361,1
1471,1,144.942,1
1471,0,0.0167142,1
2664_BRANCH0_2742,1,0.0116345,1
2664_BRANCH0_2742,0,0.0158358,1
568,1,0.0158434,1
568,0,0.0156675,1
1514_BRANCH0_1615,1,0.0165175,1
1514_BRANCH0_1615,0,0.018541,1
712_BRANCH0_1317,1,0.0182513,1
712_BRANCH0_1317,0,0.0171186,1
1013_BRANCH0_1207,1,0.0177859,1
1013_BRANCH0_1207,0,0.0142424,1
235_BRANCH0_706,1,0.0139322,1
235_BRANCH0_706,0,0.0148404,1
1734_BRANCH0_1786,1,0.0175997,1
1734_BRANCH0_1786,0,0.0172295,1
367_BRANCH0_2761,1,0.015023,1
367_BRANCH0_2761,0,0.0158866,1
94_BRANCH0_300,1,0.0164992,1
94_BRANCH0_300,0,0.0157222,1
382,1,0.0102254,1
382,0,0.0151993,1
22_BRANCH0_216,1,0.0136562,1
22_BRANCH0_216,0,0.0136839,1
1777_BRANCH0_1822,1,0.0100669,1
1777_BRANCH0_1822,0,0.01214,1
1231,1,0.02079,1
1231,0,0.0129239,1
1188_BRANCH0_2651,1,0.0121828,1
1188_BRANCH0_2651,0,0.0156053,1
257_BRANCH0_655,1,0.0221581,1
257_BRANCH0_655,0,0.0200625,1
586_BRANCH0_977,1,0.0121991,1
586_BRANCH0_977,0,0.0139681,1
1367_BRANCH0_1454,1,0.0143166,1
1367_BRANCH0_1454,0,0.0159085,1
640,1,0.0124923,1
640,0,0.0133659,1
2202_BRANCH0_2229,1,0.0121048,1
2202_BRANCH0_2229,0,0.0140477,1
85,1,0.0140133,1
85,0,0.0135492,1
1950_BRANCH0_2007,1,0.0152684,1
1950_BRANCH0_2007,0,0.0146577,1
7_BRANCH0_349,1,0.0162305,1
7_BRANCH0_349,0,0.0141117,1
1812,1,0.00927771,1
1812,0,0.00982127,1
985_BRANCH0_1159,1,0.0166169,1
985_BRANCH0_1159,0,0.0236807,1
283,1,0.0167282,1
283,0,0.0158506,1
1968,1,0.0107165,1
1968,0,0.0135731,1
2216,1,0.0127424,1
2216,0,0.0132929,1
232_BRANCH0_646,1,0.0141955,1
232_BRANCH0_646,0,0.0130863,1
943,1,0.0138798,1
943,0,0.0136138,1
79_BRANCH0_266,1,0.027498,1
79_BRANCH0_266,0,0.0176916,1
331_BRANCH0_555,1,0.0150454,1
331_BRANCH0_555,0,0.0163405,1
346_BRANCH0_535,1,0.02306,1
346_BRANCH0_535,0,0.0196459,1
13,1,0.0185566,1
13,0,0.0182837,1
649_BRANCH0_1412,1,0.014745,1
649_BRANCH0_1412,0,0.0166077,1
290_BRANCH0_1889,1,0.0161134,1
290_BRANCH0_1889,0,0.0185407,1
2561,1,0.0121853,1
2561,0,0.016188,1
79,1,0.0134262,1
79,0,0.0158133,1
243_BRANCH0_571,1,0.017005,1
243_BRANCH0_571,0,0.0148846,1
10,1,0.0154029,1
10,0,0.0114775,1
1255_BRANCH0_2232,1,0.0236023,1
1255_BRANCH0_2232,0,0.0240314,1
2361_BRANCH0_2658,1,0.0154132,1
2361_BRANCH0_2658,0,0.0160198,1
2386_BRANCH0_2655,1,0.0152995,1
2386_BRANCH0_2655,0,0.0177484,1
72_BRANCH0_256,1,0.0210853,1
72_BRANCH0_256,0,0.0251715,1
1612_BRANCH0_1682,1,0.0122713,1
1612_BRANCH0_1682,0,0.0099871,1
88_BRANCH0_277,1,0.0156785,1
88_BRANCH0_277,0,0.0164885,1
537,1,0.0206646,1
537,0,0.0212133,1
2199_BRANCH0_2222,1,0.0198473,1
2199_BRANCH0_2222,0,0.0145876,1
1151,1,0.0156363,1
1151,0,0.0166418,1
7,1,0.0162105,1
7,0,0.0152893,1
965_BRANCH0_1500,1,0.0156729,1
965_BRANCH0_1500,0,0.0168872,1
13_BRANCH0_355,1,0.0162987,1
13_BRANCH0_355,0,0.0165945,1
104_BRANCH0_275,1,0.0204242,1
104_BRANCH0_275,0,0.0220274,1
2828,1,0.0153428,1
2828,0,0.0119993,1
316_BRANCH0_685,1,0.0136127,1
316_BRANCH0_685,0,0.0139013,1
290_BRANCH0_1858,1,0.016295,1
290_BRANCH0_1858,0,0.0463713,1
290_BRANCH0_2081,1,0.0188085,1
290_BRANCH0_2081,0,0.0166259,1
16_BRANCH0_209,1,0.0171079,1
16_BRANCH0_209,0,0.0134756,1
104_BRANCH0_316,1,0.0149572,1
104_BRANCH0_316,0,0.0106495,1
2078_BRANCH0_2199,1,0.0207235,1
2078_BRANCH0_2199,0,0.015586,1
209_BRANCH0_565,1,0.0186942,1
209_BRANCH0_565,0,0.0168535,1
751,1,0.0155702,1
751,0,0.0129451,1
2119_BRANCH0_2570,1,0.0153645,1
2119_BRANCH0_2570,0,0.0165394,1
2385,1,0.0171594,1
2385,0,0.0176977,1
682_BRANCH0_886,1,0.0127865,1
682_BRANCH0_886,0,0.0197413,1
40_BRANCH0_239,1,0.014336,1
40_BRANCH0_239,0,0.0143334,1
538,1,0.0178017,1
538,0,0.0204231,1
534,1,0.0187812,1
534,0,0.0197227,1
220_BRANCH0_733,1,0.0142404,1
220_BRANCH0_733,0,0.0129078,1
19,1,0.014836,1
19,0,0.0131217,1
2196_BRANCH0_2224,1,0.0160051,1
2196_BRANCH0_2224,0,0.0134586,1
547,1,0.0191846,1
547,0,0.0195262,1
69_BRANCH0_260,1,0.0195492,1
69_BRANCH0_260,0,0.0149537,1
1596,1,0.0113043,1
1596,0,0.00945966,1
694_BRANCH0_1311,1,0.0140186,1
694_BRANCH0_1311,0,0.0154237,1
625_BRANCH0_1063,1,0.0158978,1
625_BRANCH0_1063,0,0.0163383,1
667_BRANCH0_915,1,0.0437209,1
667_BRANCH0_915,0,0.0415105,1
1606_BRANCH0_1679,1,0.0109944,1
1606_BRANCH0_1679,0,0.010049,1
2808,1,0.016829,1
2808,0,0.0116889,1
19_BRANCH0_212,1,0.0135993,1
19_BRANCH0_212,0,0.0134447,1
1774_BRANCH0_1824,1,0.0141952,1
1774_BRANCH0_1824,0,0.0157493,1
313_BRANCH1_2384,1,0.00558432,0
313_BRANCH1_2384,0,0.0120796,1
1528,1,0.0115608,1
1528,0,0.0104283,1
688_BRANCH0_938,1,0.0150191,1
688_BRANCH0_938,0,0.0148961,1
1_BRANCH0_343,1,0.0163641,1
1_BRANCH0_343,0,0.00993695,1
2040,1,0.015579,1
2040,0,0.0144291,1
1390_BRANCH0_1476,1,0.0162928,1
1390_BRANCH0_1476,0,0.0129838,1
1310,1,0.0139268,1
1310,0,0.0147189,1
907_BRANCH0_1255,1,0.0162125,1
907_BRANCH0_1255,0,0.0236141,1
319_BRANCH0_574,1,0.0150318,1
319_BRANCH0_574,0,0.0148414,1
283_BRANCH0_2824,1,0.0240123,1
283_BRANCH0_2824,0,0.0260776,1
2012,1,0.0164703,1
2012,0,0.0150087,1
2555,1,0.0160001,1
2555,0,0.0143332,1
2883_BRANCH0_2896,1,0.011216,1
2883_BRANCH0_2896,0,0.010045,1
232,1,0.013135,1
232,0,0.0135648,1
2765,1,0.0143852,1
2765,0,0.0150475,1
2860,1,0.0300637,1
2860,0,0.0112274,1
197_BRANCH0_688,1,0.0135185,1
197_BRANCH0_688,0,0.0135741,1
703,1,0.0148824,1
703,0,0.0140788,1
297_BRANCH0_922,1,0.0226777,1
297_BRANCH0_922,0,0.0263722,1
1249_BRANCH0_1346,1,0.0141895,1
1249_BRANCH0_1346,0,0.0140295,1
1022_BRANCH0_1214,1,0.0164341,1
1022_BRANCH0_1214,0,0.0144857,1
935_BRANCH0_1488,1,0.0162094,1
935_BRANCH0_1488,0,0.0165763,1
951_BRANCH0_1494,1,0.0153128,1
951_BRANCH0_1494,0,0.0173254,1
1133,1,0.0140453,1
1133,0,0.0149505,1
751_BRANCH0_1009,1,0.0130077,1
751_BRANCH0_1009,0,0.0161261,1
2143_BRANCH0_2573,1,0.0155776,1
2143_BRANCH0_2573,0,0.0142543,1
2800,1,0.008219,1
2800,0,0.013486,1
1188_BRANCH0_2611,1,0.0113888,1
1188_BRANCH0_2611,0,0.0157233,1
247,1,0.0172399,1
247,0,0.0156232,1
60_BRANCH0_903,1,0.0161449,1
60_BRANCH0_903,0,0.0156885,1
85_BRANCH0_2821,1,0.0257381,1
85_BRANCH0_2821,0,0.0299253,1
260,1,0.0190719,1
260,0,0.0179537,1
721_BRANCH0_989,1,0.0142749,1
721_BRANCH0_989,0,0.0154983,1
2205,1,0.0136752,1
2205,0,0.0160814,1
1171_BRANCH0_2639,1,0.0100767,1
1171_BRANCH0_2639,0,0.0168579,1
235_BRANCH0_652,1,0.013853,1
235_BRANCH0_652,0,0.013714,1
60,1,0.0159402,1
60,0,0.0134253,1
316_BRANCH0_682,1,0.0157811,1
316_BRANCH0_682,0,0.0131637,1
2427_BRANCH0_2603,1,0.0100683,1
2427_BRANCH0_2603,0,0.0164853,1
2878,1,0.0114708,1
2878,0,0.00994394,1
331_BRANCH0_552,1,0.0142967,1
331_BRANCH0_552,0,0.0173752,1
269_BRANCH0_673,1,0.0401276,1
269_BRANCH0_673,0,0.0405313,1
2297_BRANCH0_2642,1,0.0155057,1
2297_BRANCH0_2642,0,0.0179181,1
1600_BRANCH0_1675,1,0.0151157,1
1600_BRANCH0_1675,0,0.0166656,1
1264_BRANCH0_1419,1,0.0159664,1
1264_BRANCH0_1419,0,0.0126717,1
306_BRANCH0_552,1,0.0149977,1
306_BRANCH0_552,0,0.0158621,1
548,1,0.0187976,1
548,0,0.019996,1
646_BRANCH0_1439,1,0.0170337,1
646_BRANCH0_1439,0,0.0150126,1
2326_BRANCH0_2555,1,0.0144581,1
2326_BRANCH0_2555,0,0.0166118,1
637_BRANCH0_1434,1,0.0136313,1
637_BRANCH0_1434,0,0.0156546,1
243,1,0.0121908,1
243,0,0.012782,1
1383,1,0.0134588,1
1383,0,0.0107291,1
2736,1,0.0189551,1
2736,0,0.011558,1
361_BRANCH0_2759,1,0.00938649,1
361_BRANCH0_2759,0,0.0157002,1
1975,1,0.0159722,1
1975,0,0.0378754,1
1534_BRANCH0_1591,1,0.0167324,1
1534_BRANCH0_1591,0,0.0170555,1
43_BRANCH0_385,1,0.014832,1
43_BRANCH0_385,0,0.0153395,1
559,1,0.0140289,1
559,0,0.0146875,1
1685_BRANCH0_1741,1,0.0106591,1
1685_BRANCH0_1741,0,0.0109052,1
66_BRANCH0_586,1,0.0131983,1
66_BRANCH0_586,0,0.0161088,1
28,1,0.0145125,1
28,0,0.0139143,1
670,1,0.0166822,1
670,0,0.0189607,1
34_BRANCH0_376,1,0.0157588,1
34_BRANCH0_376,0,0.016134,1
13_BRANCH0_206,1,0.0141027,1
13_BRANCH0_206,0,0.013581,1
2824_BRANCH0_2861,1,0.00974174,1
2824_BRANCH0_2861,0,0.019197,1
367_BRANCH0_542,1,0.0183308,1
367_BRANCH0_542,0,0.0206275,1
1830_BRANCH0_1889,1,0.0175898,1
1830_BRANCH0_1889,0,0.015669,1
331_BRANCH0_550,1,0.015486,1
331_BRANCH0_550,0,0.0144395,1
1188_BRANCH0_2552,1,0.0137032,1
1188_BRANCH0_2552,0,0.0190261,1
319_BRANCH0_643,1,0.0214013,1
319_BRANCH0_643,0,0.0211249,1
1188_BRANCH0_2573,1,0.0116914,1
1188_BRANCH0_2573,0,0.0171472,1
682_BRANCH0_2881,1,0.0119265,1
682_BRANCH0_2881,0,0.014079,1
2143_BRANCH0_2648,1,0.0129224,1
2143_BRANCH0_2648,0,0.0141904,1
91_BRANCH0_280,1,0.0168278,1
91_BRANCH0_280,0,0.0166505,1
1746,1,0.0168973,1
1746,0,0.0161644,1
66,1,0.0138622,1
66,0,0.013279,1
2129_BRANCH0_2664,1,0.0147681,1
2129_BRANCH0_2664,0,0.0165729,1
2427_BRANCH0_2631,1,0.0147661,1
2427_BRANCH0_2631,0,0.0163219,1
1063,1,0.014649,1
1063,0,0.0144764,1
257_BRANCH0_643,1,0.020439,1
257_BRANCH0_643,0,0.0211585,1
1902_BRANCH0_2870,1,0.0100061,1
1902_BRANCH0_2870,0,0.0110809,1
239_BRANCH0_625,1,0.0136068,1
239_BRANCH0_625,0,0.0141929,1
2297_BRANCH0_2651,1,0.0157608,1
2297_BRANCH0_2651,0,0.0162277,1
22_BRANCH0_364,1,0.0153598,1
22_BRANCH0_364,0,0.0150698,1
2540_BRANCH0_2745,1,0.0169388,1
2540_BRANCH0_2745,0,0.0108352,1
72_BRANCH0_603,1,0.0155867,1
72_BRANCH0_603,0,0.0169132,1
1120,1,0.0151269,1
1120,0,0.0134367,1
709,1,0.0149943,1
709,0,0.0139779,1
1620,1,0.0112573,1
1620,0,0.0106244,1
99_BRANCH0_2800,0,0.0156917,1
1478_BRANCH0_1530,1,0.0119966,1
1478_BRANCH0_1530,0,0.0095824,1
2781,1,0.0141646,1
2781,0,0.0111263,1
85_BRANCH0_272,1,0.0189801,1
85_BRANCH0_272,0,0.0201825,1
1554_BRANCH0_1658,1,0.0120971,1
1554_BRANCH0_1658,0,0.0102435,1
1358,1,0.0133938,1
1358,0,0.0147479,1
2119,1,0.0161561,1
2119,0,0.0167641,1
1264_BRANCH0_1416,1,0.0183482,1
1264_BRANCH0_1416,0,0.0181896,1
2232,1,0.0238876,1
2232,0,0.0158538,1
300_BRANCH0_608,1,0.0175973,1
300_BRANCH0_608,0,0.0202168,1
53_BRANCH0_899,1,0.0173895,1
53_BRANCH0_899,0,0.0172994,1
82_BRANCH0_269,1,0.0457788,1
82_BRANCH0_269,0,0.0478452,1
2024,1,0.0158135,1
2024,0,0.0157079,1
235,1,0.0148256,1
235,0,0.0144056,1
2881,1,0.0104716,1
2881,0,0.0100755,1
82_BRANCH0_2818,1,0.024822,1
82_BRANCH0_2818,0,0.026096,1
1531,1,0.0118883,1
1531,0,0.00967628,1
1019_BRANCH0_1212,1,0.0161052,1
1019_BRANCH0_1212,0,0.0203307,1
201_BRANCH0_649,1,0.0163234,1
201_BRANCH0_649,0,0.0117073,1
88_BRANCH0_251,1,0.0100193,1
88_BRANCH0_251,0,0.020616,1
2540,1,0.0162111,1
2540,0,0.0120087,1
1647_BRANCH0_1708,1,0.0163004,1
1647_BRANCH0_1708,0,0.0165255,1
1456,1,0.0166753,1
1456,0,0.0143812,1
76_BRANCH0_263,1,0.0193318,1
76_BRANCH0_263,0,0.0170026,1
616_BRANCH0_888,1,0.0157029,1
616_BRANCH0_888,0,0.0153644,1
88,1,0.0199471,1
88,0,0.0197593,1
235_BRANCH0_709,1,0.0144494,1
235_BRANCH0_709,0,0.0134108,1
1638,1,0.0124884,1
1638,0,0.0102405,1
2725,1,0.0149256,1
2725,0,0.0119358,1
603,1,0.0142829,1
603,0,0.0156707,1
2648_BRANCH0_2730,1,0.0110722,1
2648_BRANCH0_2730,0,0.0162038,1
1567,1,0.0108907,1
1567,0,0.0104279,1
2222,1,0.0142811,1
2222,0,0.0189966,1
742_BRANCH0_1131,1,0.0144254,1
742_BRANCH0_1131,0,0.0156634,1
99_BRANCH0_306,1,0.0158613,1
99_BRANCH0_306,0,0.015564,1
565_BRANCH0_1019,1,0.0187223,1
565_BRANCH0_1019,0,0.0176565,1
352,1,0.014947,1
352,0,0.0166242,1
1444,1,0.0140722,1
1444,0,0.0156914,1
574_BRANCH0_959,1,0.0144676,1
574_BRANCH0_959,0,0.014093,1
290_BRANCH0_2062,1,0.0178766,1
290_BRANCH0_2062,0,0.0261652,1
598_BRANCH0_1046,1,0.014247,1
598_BRANCH0_1046,0,0.0136263,1
2315_BRANCH0_2549,1,0.014207,1
2315_BRANCH0_2549,0,0.015401,1
894,1,0.0172547,1
894,0,0.0163684,1
104_BRANCH0_276,1,0.0204061,1
104_BRANCH0_276,0,0.0215479,1
201_BRANCH0_616,1,0.0149538,1
201_BRANCH0_616,0,0.0142436,1
197_BRANCH0_640,1,0.0136338,1
197_BRANCH0_640,0,0.0134297,1
2746,1,0.0133599,1
2746,0,0.0171101,1
1235_BRANCH0_1388,1,0.0162463,1
1235_BRANCH0_1388,0,0.0139728,1
283_BRANCH0_2821,1,0.0182658,1
283_BRANCH0_2821,0,0.0308755,1
225_BRANCH0_751,1,0.0148748,1
225_BRANCH0_751,0,0.0134764,1
1697,1,0.0104249,1
1697,0,0.012561,1
1355_BRANCH0_1443,1,0.0137605,1
1355_BRANCH0_1443,0,0.0158728,1
640_BRANCH0_1004,1,0.0156366,1
640_BRANCH0_1004,0,0.0160509,1
94,1,0.0176457,1
94,0,0.0187847,1
49_BRANCH0_592,1,0.0225262,1
49_BRANCH0_592,0,0.0217176,1
1677,1,0.0105504,1
1677,0,0.010977,1
1527,1,0.0102355,1
1527,0,0.0108066,1
1214,1,0.0140725,1
1214,0,0.0140659,1
201_BRANCH0_712,1,0.0176406,1
201_BRANCH0_712,0,0.0204103,1
950,1,0.0201338,1
950,0,0.0190225,1
104_BRANCH0_319,1,0.0166258,1
104_BRANCH0_319,0,0.0166358,1
622_BRANCH0_890,1,0.014419,1
622_BRANCH0_890,0,0.0164096,1
331,1,0.0153879,1
331,0,0.0162739,1
1672,1,0.0101902,1
1672,0,0.0102439,1
338_BRANCH0_923,1,0.0160131,1
338_BRANCH0_923,0,0.0237613,1
338,1,0.0150436,1
338,0,0.016211,1
1064,1,0.014146,1
1064,0,0.0149873,1
49_BRANCH0_897,1,0.020687,1
49_BRANCH0_897,0,0.0226798,1
679_BRANCH0_919,1,0.0195962,1
679_BRANCH0_919,0,0.0190726,1
373_BRANCH0_2763,1,0.01071,1
373_BRANCH0_2763,0,0.0159307,1
612_BRANCH0_907,1,0.0214198,1
612_BRANCH0_907,0,0.0202928,1
1927,1,0.0131696,1
1927,0,0.0144541,1
1150,1,0.0145183,1
1150,0,0.0127566,1
2726,1,0.0185194,1
2726,0,0.0143935,1
612_BRANCH0_899,1,0.0225783,1
612_BRANCH0_899,0,0.0165876,1
589_BRANCH0_1040,1,0.0183886,1
589_BRANCH0_1040,0,0.019673,1
343_BRANCH0_2720,1,0.0158485,1
343_BRANCH0_2720,0,0.015425,1
346,1,0.0102111,1
346,0,0.0148968,1
1802,1,0.0160412,1
1802,0,0.0166723,1
2558,1,0.0114556,1
2558,0,0.0177169,1
712,1,0.0188622,1
712,0,0.0195907,1
969,1,0.0145789,1
969,0,0.0151403,1
1121,1,0.0137497,1
1121,0,0.0158763,1
1043,1,0.0134103,1
1043,0,0.0139194,1
1721,1,0.011296,1
1721,0,0.0108278,1
2386_BRANCH0_2628,1,0.0129925,1
2386_BRANCH0_2628,0,0.0181138,1
277_BRANCH0_601,1,0.014408,1
277_BRANCH0_601,0,0.0172477,1
1947_BRANCH0_2002,1,0.0140402,1
1947_BRANCH0_2002,0,0.0162636,1
2780,1,0.0119847,1
2780,0,0.0108309,1
616_BRANCH0_1055,1,0.0147963,1
616_BRANCH0_1055,0,0.0148303,1
352_BRANCH0_2723,1,0.0148077,1
352_BRANCH0_2723,0,0.0146001,1
2642_BRANCH0_2727,1,0.0118368,1
2642_BRANCH0_2727,0,0.0159415,1
355_BRANCH0_538,1,0.0189034,1
355_BRANCH0_538,0,0.0201254,1
355,1,0.0171225,1
355,0,0.0103692,1
926,1,0.0165246,1
926,0,0.0201708,1
358_BRANCH0_539,1,0.0206518,1
358_BRANCH0_539,0,0.0194941,1
358,1,0.0152823,1
358,0,0.0162033,1
1742_BRANCH0_1802,1,0.0177107,1
1742_BRANCH0_1802,0,0.0164506,1
2002,1,0.016497,1
2002,0,0.0180811,1
1620_BRANCH0_1714,1,0.0146513,1
1620_BRANCH0_1714,0,0.0110527,1
2620_BRANCH0_2750,1,0.0156898,1
2620_BRANCH0_2750,0,0.0123637,1
652_BRANCH0_1068,1,0.0138686,1
652_BRANCH0_1068,0,0.0135735,1
910_BRANCH0_1261,1,0.015908,1
910_BRANCH0_1261,0,0.0171919,1
385_BRANCH0_548,1,0.0195663,1
385_BRANCH0_548,0,0.0212338,1
361,1,0.0174701,1
361,0,0.0155561,1
2023,1,0.0205164,1
2023,0,0.0149661,1
552,1,0.0145198,1
552,0,0.0148874,1
364_BRANCH0_2760,1,0.0151131,1
364_BRANCH0_2760,0,0.0161904,1
926_BRANCH0_2628,1,0.0180882,1
926_BRANCH0_2628,0,0.0224396,1
2148,1,0.0153809,1
2148,0,0.0148488,1
2882,1,0.0165025,1
2882,0,0.0098537,1
619_BRANCH0_889,1,0.0145546,1
619_BRANCH0_889,0,0.015929,1
266_BRANCH0_664,1,0.0204516,1
266_BRANCH0_664,0,0.0190142,1
1603_BRANCH0_1747,1,0.0119584,1
1603_BRANCH0_1747,0,0.0101932,1
706_BRANCH0_968,1,0.0142875,1
706_BRANCH0_968,0,0.0163917,1
973_BRANCH0_1501,1,0.0175245,1
973_BRANCH0_1501,0,0.0217391,1
49_BRANCH0_907,1,0.0174219,1
49_BRANCH0_907,0,0.016825,1
364,1,0.0152312,1
364,0,0.0163794,1
1188_BRANCH0_2661,1,0.0111737,1
1188_BRANCH0_2661,0,0.0147399,1
742,1,0.0143583,1
742,0,0.0138254,1
631_BRANCH0_892,1,0.0220995,1
631_BRANCH0_892,0,0.0253709,1
367,1,0.0175599,1
367,0,0.0155786,1
895,1,0.0207482,1
895,0,0.0229091,1
194,1,0.0158654,1
194,0,0.0180595,1
554,1,0.0159218,1
554,0,0.0136718,1
190,1,0.0163105,1
190,0,0.0178844,1
1068,1,0.0128808,1
1068,0,0.0138305,1
892,1,0.0218652,1
892,0,0.0254903,1
553,1,0.0174295,1
553,0,0.0137991,1
370,1,0.0133174,1
370,0,0.0144384,1
319,1,0.0172295,1
319,0,0.0144815,1
742_BRANCH0_1005,1,0.014626,1
742_BRANCH0_1005,0,0.0149679,1
373_BRANCH0_544,1,0.0194372,1
373_BRANCH0_544,0,0.0172467,1
2600,1,0.0175975,1
2600,0,0.0120545,1
968,1,0.0142935,1
968,0,0.0161889,1
649_BRANCH0_894,1,0.0153422,1
649_BRANCH0_894,0,0.0175989,1
2018,1,0.0124032,1
2018,0,0.0151101,1
715,1,0.0145824,1
715,0,0.0135599,1
251,1,0.0221715,1
251,0,0.0171117,1
1764,1,0.0149066,1
1764,0,0.0154353,1
376,1,0.0104977,1
376,0,0.0140494,1
379_BRANCH0_546,1,0.0219698,1
379_BRANCH0_546,0,0.0201611,1
891,1,0.0151678,1
891,0,0.0167203,1
385,1,0.0153566,1
385,0,0.0164068,1
388_BRANCH0_2744,1,0.0159525,1
388_BRANCH0_2744,0,0.0160575,1
2651,1,0.0124807,1
2651,0,0.015777,1
1311,1,0.0145483,1
1311,0,0.0143849,1
2340_BRANCH0_2564,1,0.017312,1
2340_BRANCH0_2564,0,0.0174431,1
69,1,0.0184256,1
69,0,0.0159016,1
540,1,0.0186908,1
540,0,0.0206496,1
2041,1,0.01539,1
2041,0,0.0178695,1
1651_BRANCH0_1710,1,0.0109269,1
1651_BRANCH0_1710,0,0.0114972,1
43,1,0.00997312,1
43,0,0.0142923,1
388,1,0.0144875,1
388,0,0.0149564,1
655,1,0.0111837,1
655,0,0.0205797,1
688_BRANCH0_1309,1,0.0156996,1
688_BRANCH0_1309,0,0.0168964,1
2297_BRANCH0_2600,1,0.013833,1
2297_BRANCH0_2600,0,0.016306,1
1526,1,0.010728,1
1526,0,0.0113251,1
19_BRANCH0_361,1,0.0154709,1
19_BRANCH0_361,0,0.0157824,1
536,1,0.0189343,1
536,0,0.021396,1
595,1,0.0141475,1
595,0,0.0136066,1
542,1,0.0195718,1
542,0,0.0204633,1
543,1,0.0211499,1
543,0,0.021192,1
661_BRANCH0_913,1,0.0204557,1
661_BRANCH0_913,0,0.0175119,1
1522_BRANCH0_1606,1,0.0111209,1
1522_BRANCH0_1606,0,0.0101958,1
2260_BRANCH0_2375,1,0.0144384,1
2260_BRANCH0_2375,0,0.0142136,1
727_BRANCH0_992,1,0.0215957,1
727_BRANCH0_992,0,0.0228839,1
1933_BRANCH0_2875,1,0.0102851,1
1933_BRANCH0_2875,0,0.0108844,1
544,1,0.0172332,1
544,0,0.0193825,1
1261_BRANCH0_1350,1,0.0199723,1
1261_BRANCH0_1350,0,0.0164975,1
954,1,0.0144097,1
954,0,0.0156595,1
1792,1,0.0183923,1
1792,0,0.0166096,1
631,1,0.0183195,1
631,0,0.0200137,1
1889_BRANCH0_1950,1,0.0156709,1
1889_BRANCH0_1950,0,0.0159949,1
1522,1,0.0108432,1
1522,0,0.0104553,1
549,1,0.0187958,1
549,0,0.0207963,1
583,1,0.0159592,1
583,0,0.0122386,1
2286_BRANCH0_2567,1,0.017165,1
2286_BRANCH0_2567,0,0.0171611,1
555,1,0.0147915,1
555,0,0.0149349,1
923_BRANCH0_1171,1,0.0200063,1
923_BRANCH0_1171,0,0.0185593,1
2898,1,0.0114048,1
2898,0,0.0103481,1
580_BRANCH0_965,1,0.0142001,1
580_BRANCH0_965,0,0.0132386,1
1879_BRANCH0_1958,1,0.0111676,1
1879_BRANCH0_1958,0,0.0111448,1
1950_BRANCH0_2006,1,0.0175527,1
1950_BRANCH0_2006,0,0.0115149,1
355_BRANCH0_2757,1,0.0154411,1
355_BRANCH0_2757,0,0.0159084,1
556_BRANCH0_935,1,0.0148136,1
556_BRANCH0_935,0,0.0143056,1
556_BRANCH0_939,1,0.014106,1
556_BRANCH0_939,0,0.0153785,1
2104_BRANCH0_2617,1,0.0143571,1
2104_BRANCH0_2617,0,0.0152672,1
2764,1,0.0159029,1
2764,0,0.0144441,1
1241,1,0.0161473,1
1241,0,0.0162577,1
559_BRANCH0_1010,1,0.0149377,1
559_BRANCH0_1010,0,0.0142698,1
977_BRANCH0_1157,1,0.0137023,1
977_BRANCH0_1157,0,0.0161163,1
1818_BRANCH0_2869,1,0.0124753,1
1818_BRANCH0_2869,0,0.0107365,1
562_BRANCH0_947,1,0.0174441,1
562_BRANCH0_947,0,0.0195546,1
565_BRANCH0_1016,1,0.0153048,1
565_BRANCH0_1016,0,0.0154279,1
2846_BRANCH0_2874,1,0.012569,1
2846_BRANCH0_2874,0,0.0335092,1
965_BRANCH0_1222,1,0.017299,1
965_BRANCH0_1222,0,0.0170277,1
2286_BRANCH0_2639,1,0.0160972,1
2286_BRANCH0_2639,0,0.0183496,1
343_BRANCH0_534,1,0.0208881,1
343_BRANCH0_534,0,0.0204858,1
955_BRANCH0_1493,1,0.0165987,1
955_BRANCH0_1493,0,0.0172054,1
694,1,0.0152135,1
694,0,0.0150709,1
568_BRANCH0_955,1,0.0146223,1
568_BRANCH0_955,0,0.0153586,1
1594,1,0.0111792,1
1594,0,0.0102192,1
550,1,0.0146678,1
550,0,0.0151212,1
1714,1,0.0105434,1
1714,0,0.0115401,1
601,1,0.0148106,1
601,0,0.0140573,1
260_BRANCH0_603,1,0.0149878,1
260_BRANCH0_603,0,0.0207836,1
2297,1,0.0148783,1
2297,0,0.0177114,1
63_BRANCH0_251,1,0.022143,1
63_BRANCH0_251,0,0.0228135,1
370_BRANCH0_2734,1,0.0103126,1
370_BRANCH0_2734,0,0.00912529,1
571_BRANCH0_1022,1,0.0143362,1
571_BRANCH0_1022,0,0.0140851,1
655_BRANCH0_896,1,0.0123265,1
655_BRANCH0_896,0,0.0201939,1
1361_BRANCH0_1452,1,0.0187897,1
1361_BRANCH0_1452,0,0.0197101,1
661,1,0.0188304,1
661,0,0.0192664,1
682,1,0.0133598,1
682,0,0.0102054,1
1720,1,0.0111663,1
1720,0,0.0105967,1
229_BRANCH0_637,1,0.0134124,1
229_BRANCH0_637,0,0.014248,1
574,1,0.0154176,1
574,0,0.0132928,1
1596_BRANCH0_1672,1,0.0124308,1
1596_BRANCH0_1672,0,0.00999762,1
1162,1,0.0126344,1
1162,0,0.0111304,1
577_BRANCH0_1028,1,0.0147364,1
577_BRANCH0_1028,0,0.0142624,1
577_BRANCH0_1031,1,0.0191651,1
577_BRANCH0_1031,0,0.0177196,1
577,1,0.0150782,1
577,0,0.0152213,1
580,1,0.0145137,1
580,0,0.0142579,1
1717_BRANCH0_1768,1,0.0148507,1
1717_BRANCH0_1768,0,0.0179531,1
1763,1,0.0264167,1
1763,0,0.0177179,1
1390,1,0.0160708,1
1390,0,0.0133392,1
190_BRANCH0_631,1,0.0184405,1
190_BRANCH0_631,0,0.0173947,1
2104_BRANCH0_2558,1,0.0151924,1
2104_BRANCH0_2558,0,0.016818,1
583_BRANCH0_1034,1,0.015801,1
583_BRANCH0_1034,0,0.0144518,1
1398,1,0.014539,1
1398,0,0.0138941,1
592,1,0.0154913,1
592,0,0.0216557,1
598,1,0.0155301,1
598,0,0.0135461,1
2606_BRANCH0_2746,1,0.0165155,1
2606_BRANCH0_2746,0,0.0126575,1
602,1,0.0155511,1
602,0,0.0144899,1
104_BRANCH0_338,1,0.0133772,1
104_BRANCH0_338,0,0.0184615,1
1977,1,0.0164427,1
1977,0,0.0156792,1
2642,1,0.0118524,1
2642,0,0.0152576,1
1530,1,0.0136596,1
1530,0,0.0103851,1
1898,1,0.019889,1
1898,0,0.0226382,1
603_BRANCH0_926,1,0.023067,1
603_BRANCH0_926,0,0.0231328,1
1809,1,0.0108433,1
1809,0,0.00937072,1
2691,1,0.0166774,1
2691,0,0.0150971,1
1496,1,0.0160941,1
1496,0,0.01291,1
2326_BRANCH0_2611,1,0.0164772,1
2326_BRANCH0_2611,0,0.0156181,1
608_BRANCH0_898,1,0.011126,0
608_BRANCH0_898,0,0.0167777,1
2737,1,0.0167721,1
2737,0,0.0119041,1
736,1,0.0128057,1
736,0,0.0148149,1
76,1,0.0180931,1
76,0,0.0188804,1
382_BRANCH0_2766,1,0.0143682,1
382_BRANCH0_2766,0,0.0166399,1
2286_BRANCH0_2564,1,0.0139694,1
2286_BRANCH0_2564,0,0.0161755,1
703_BRANCH0_1314,1,0.0155678,1
703_BRANCH0_1314,0,0.0165924,1
280,1,0.0187611,1
280,0,0.0155196,1
1227,1,0.0234796,1
1227,0,0.0205731,1
619_BRANCH0_1054,1,0.0153482,1
619_BRANCH0_1054,0,0.016147,1
212,1,0.0151887,1
212,0,0.0139244,1
727,1,0.0146674,1
727,0,0.0143965,1
625_BRANCH0_891,1,0.0154154,1
625_BRANCH0_891,0,0.016628,1
1025,1,0.014956,1
1025,0,0.0156223,1
2257,1,0.016487,1
2257,0,0.0169097,1
583_BRANCH0_1037,1,0.0139014,1
583_BRANCH0_1037,0,0.0152133,1
1937,1,0.0206012,1
1937,0,0.0211186,1
628_BRANCH0_984,1,0.0216141,1
628_BRANCH0_984,0,0.0226731,1
1153,1,0.0169049,1
1153,0,0.0171749,1
2664,1,0.0118141,1
2664,0,0.0150228,1
634_BRANCH0_990,1,0.0156933,1
634_BRANCH0_990,0,0.0183704,1
220_BRANCH0_622,1,0.0135411,1
220_BRANCH0_622,0,0.0153402,1
2759,1,0.0154383,1
2759,0,0.010489,1
643,1,0.00992761,1
643,0,0.0219947,1
2205_BRANCH0_2227,1,0.015311,1
2205_BRANCH0_2227,0,0.0152948,1
637_BRANCH0_993,1,0.015467,1
637_BRANCH0_993,0,0.0159859,1
969_BRANCH0_1495,1,0.0146845,1
969_BRANCH0_1495,0,0.0171415,1
694_BRANCH0_946,1,0.0163917,1
694_BRANCH0_946,0,0.0161951,1
7_BRANCH0_197,1,0.01535,1
7_BRANCH0_197,0,0.012616,1
2843,1,0.0132656,1
2843,0,0.0114975,1
745,1,0.0128266,1
745,0,0.0144376,1
1821,1,0.0113635,1
1821,0,0.00919636,1
2787,1,0.0116159,1
2787,0,0.0106177,1
637,1,0.0135047,1
637,0,0.0136774,1
733,1,0.0129355,1
733,0,0.0143932,1
1965,1,0.0118734,1
1965,0,0.0113579,1
2767,1,0.0109305,1
2767,0,0.0146525,1
640_BRANCH0_1438,1,0.0153963,1
640_BRANCH0_1438,0,0.01855,1
1445,1,0.0150771,1
1445,0,0.0121552,1
985_BRANCH0_1160,1,0.0171186,1
985_BRANCH0_1160,0,0.0232737,1
658_BRANCH0_2235,1,0.0177413,1
658_BRANCH0_2235,0,0.0199643,1
190_BRANCH0_628,1,0.0146866,1
190_BRANCH0_628,0,0.0141089,1
1965_BRANCH0_2827,1,0.0115498,1
1965_BRANCH0_2827,0,0.0114316,1
1470,1,0.0217575,1
1470,0,0.0221668,1
2866,1,0.0111755,1
2866,0,0.0104478,1
652,1,0.013917,1
652,0,0.0138447,1
715_BRANCH0_1318,1,0.0148085,1
715_BRANCH0_1318,0,0.0173863,1
194_BRANCH0_559,1,0.0159591,1
194_BRANCH0_559,0,0.0153023,1
661_BRANCH0_2234,1,0.0178073,1
661_BRANCH0_2234,0,0.0208334,1
1232_BRANCH0_1386,1,0.015345,1
1232_BRANCH0_1386,0,0.0162718,1
664_BRANCH0_916,1,0.0187361,1
664_BRANCH0_916,0,0.0205909,1
664_BRANCH0_2231,1,0.0206232,1
664_BRANCH0_2231,0,0.020469,1
670_BRANCH0_918,1,0.0164011,1
670_BRANCH0_918,0,0.0185212,1
2632,1,0.0180728,1
2632,0,0.0117932,1
673_BRANCH0_917,1,0.0195479,1
673_BRANCH0_917,0,0.0175105,1
1461,1,0.0142344,1
1461,0,0.0112027,1
984,1,0.0215898,1
984,0,0.0224293,1
673,1,0.0410314,1
673,0,0.0418342,1
1130,1,0.0150421,1
1130,0,0.0143606,1
1557_BRANCH0_1661,1,0.0117065,1
1557_BRANCH0_1661,0,0.011343,1
730_BRANCH0_1327,1,0.0150376,1
730_BRANCH0_1327,0,0.0161189,1
559_BRANCH0_1013,1,0.0164718,1
559_BRANCH0_1013,0,0.0154605,1
679_BRANCH0_1941,1,0.0191554,1
679_BRANCH0_1941,0,0.0187385,1
685_BRANCH0_887,1,0.0187155,1
685_BRANCH0_887,0,0.0221254,1
685_BRANCH0_2882,1,0.0144371,1
685_BRANCH0_2882,0,0.0164653,1
1440,1,0.0158814,1
1440,0,0.0166137,1
646_BRANCH0_1007,1,0.0159781,1
646_BRANCH0_1007,0,0.0144676,1
691_BRANCH0_1310,1,0.015851,1
691_BRANCH0_1310,0,0.0155963,1
2215,1,0.0177959,1
2215,0,0.0258764,1
2340_BRANCH0_2603,1,0.0168008,1
2340_BRANCH0_2603,0,0.0165015,1
658_BRANCH0_914,1,0.0201824,1
658_BRANCH0_914,0,0.0196967,1
1751,1,0.0164118,1
1751,0,0.0142838,1
730,1,0.0145813,1
730,0,0.0139723,1
926_BRANCH0_2627,1,0.0179277,1
926_BRANCH0_2627,0,0.0246831,1
2257_BRANCH0_2340,1,0.0161145,1
2257_BRANCH0_2340,0,0.0152081,1
706_BRANCH0_1315,1,0.0153723,1
706_BRANCH0_1315,0,0.0151678,1
1472_BRANCH0_1769,1,0.0134661,1
1472_BRANCH0_1769,0,0.0106165,1
2614_BRANCH0_2750,1,0.0160142,1
2614_BRANCH0_2750,0,0.0124998,1
382_BRANCH0_547,1,0.0195641,1
382_BRANCH0_547,0,0.0202995,1
718_BRANCH0_988,1,0.0158092,1
718_BRANCH0_988,0,0.0178676,1
1623,1,0.0104715,1
1623,0,0.0111246,1
1783,1,0.0111807,1
1783,0,0.0119286,1
721,1,0.012342,1
721,0,0.0149467,1
2286,1,0.013258,1
2286,0,0.0175043,1
1514,1,0.0109235,1
1514,0,0.0110099,1
733_BRANCH0_1001,1,0.0148161,1
733_BRANCH0_1001,0,0.0169318,1
197,1,0.0149598,1
197,0,0.0125069,1
736_BRANCH0_1002,1,0.0163046,1
736_BRANCH0_1002,0,0.0146401,1
598_BRANCH0_1049,1,0.0147262,1
598_BRANCH0_1049,0,0.0133539,1
736_BRANCH0_1129,1,0.0147423,1
736_BRANCH0_1129,0,0.0155095,1
739_BRANCH0_1003,1,0.0154352,1
739_BRANCH0_1003,0,0.0162253,1
2854,1,0.0182418,1
2854,0,0.0133776,1
938,1,0.0157605,1
938,0,0.0150746,1
2386_BRANCH0_2614,1,0.0167821,1
2386_BRANCH0_2614,0,0.0178005,1
739_BRANCH0_1128,1,0.0145955,1
739_BRANCH0_1128,0,0.0165953,1
745_BRANCH0_1006,1,0.0154107,1
745_BRANCH0_1006,0,0.016898,1
890,1,0.0155311,1
890,0,0.0165697,1
1352_BRANCH0_1446,1,0.0157102,1
1352_BRANCH0_1446,0,0.0158696,1
679,1,0.019807,1
679,0,0.0182659,1
745_BRANCH0_1130,1,0.0163575,1
745_BRANCH0_1130,0,0.0155183,1
2279_BRANCH0_2800,1,0.0167782,1
2279_BRANCH0_2800,0,0.0123047,1
580_BRANCH0_969,1,0.0145477,1
580_BRANCH0_969,0,0.0147365,1
622_BRANCH0_1064,1,0.0167459,1
622_BRANCH0_1064,0,0.0157058,1
748,1,0.0163336,1
748,0,0.013341,1
272,1,0.0195472,1
272,0,0.0210141,1
886,1,0.0217553,1
886,0,0.0146179,1
1680,1,0.0166297,1
1680,0,0.0162358,1
1933,1,0.0127737,1
1933,0,0.0105554,1
306_BRANCH0_551,1,0.0153878,1
306_BRANCH0_551,0,0.0160579,1
1727,1,0.0136306,1
1727,0,0.00964482,1
889,1,0.0142692,1
889,0,0.0174826,1
1706,1,0.0203289,1
1706,0,0.0116552,1
1707,1,0.0243295,1
1707,0,0.026073,1
1708,1,0.0135716,1
1708,0,0.0141792,1
1709,1,0.0172816,1
1709,0,0.0154625,1
1710,1,0.0109534,1
1710,0,0.0111697,1
1712,1,0.0160871,1
1712,0,0.010768,1
1713,1,0.0196467,1
1713,0,0.0138663,1
2038,1,0.0202663,1
2038,0,0.0210536,1
1714_BRANCH0_1785,1,0.0131332,1
1714_BRANCH0_1785,0,0.0108083,1
1714_BRANCH0_1924,1,0.0133117,1
1714_BRANCH0_1924,0,0.0117167,1
2033_BRANCH0_2143,1,0.0155078,1
2033_BRANCH0_2143,0,0.0153584,1
1717_BRANCH0_1911,1,0.0166924,1
1717_BRANCH0_1911,0,0.0176702,1
1717,1,0.0189116,1
1717,0,0.0179461,1
1723_BRANCH0_1772,1,0.0121127,1
1723_BRANCH0_1772,0,0.0101511,1
1728,1,0.0101635,1
1728,0,0.0112497,1
2807,1,0.352628,1
2807,0,0.0120954,1
1731_BRANCH0_1784,1,0.0110741,1
1731_BRANCH0_1784,0,0.0112291,1
1731,1,0.0109454,1
1731,0,0.0109617,1
1942,1,0.0186646,1
1942,0,0.0140148,1
1734_BRANCH0_1787,1,0.0173219,1
1734_BRANCH0_1787,0,0.0184618,1
1734,1,0.0195055,1
1734,0,0.0173297,1
1741,1,0.010556,1
1741,0,0.011517,1
1742_BRANCH0_1818,1,0.0101736,1
1742_BRANCH0_1818,0,0.0102616,1
1807,1,0.0112682,1
1807,0,0.0120733,1
1742,1,0.0104753,1
1742,0,0.0112887,1
2617_BRANCH0_2750,1,0.015699,1
2617_BRANCH0_2750,0,0.0124873,1
1747,1,0.0105219,1
1747,0,0.0112001,1
1751_BRANCH0_1796,1,0.0123661,1
1751_BRANCH0_1796,0,0.0158179,1
1759,1,0.0126861,1
1759,0,0.0105033,1
1761,1,0.010972,1
1761,0,0.0123067,1
2600_BRANCH0_2747,1,0.0158441,1
2600_BRANCH0_2747,0,0.0119514,1
1768,1,0.0177901,1
1768,0,0.0189195,1
1769,1,0.0119418,1
1769,0,0.0115555,1
1772,1,0.0100938,1
1772,0,0.0100397,1
1774_BRANCH0_1823,1,0.012793,1
1774_BRANCH0_1823,0,0.0138936,1
1774,1,0.0151192,1
1774,0,0.0146544,1
1777_BRANCH0_1821,1,0.0108637,1
1777_BRANCH0_1821,0,0.0116964,1
1849,1,0.0186516,1
1849,0,0.0146761,1
1785,1,0.0118701,1
1785,0,0.0118661,1
1987_BRANCH0_2022,1,0.0152659,1
1987_BRANCH0_2022,0,0.0140278,1
1786,1,0.0183547,1
1786,0,0.0180841,1
1788_BRANCH0_1827,1,0.0129237,1
1788_BRANCH0_1827,0,0.010704,1
1791,1,0.0112387,1
1791,0,0.0111885,1
1796,1,0.0148213,1
1796,0,0.0152909,1
1798_BRANCH0_1866,1,0.0131351,1
1798_BRANCH0_1866,0,0.0103569,1
1798,1,0.0113323,1
1798,0,0.0108189,1
2000,1,0.0204821,1
2000,0,0.0217972,1
1802_BRANCH0_1869,1,0.0160685,1
1802_BRANCH0_1869,0,0.015129,1
1802_BRANCH0_1872,1,0.0154903,1
1802_BRANCH0_1872,0,0.0138503,1
1808,1,0.0112495,1
1808,0,0.0117595,1
1810,1,0.0175563,1
1810,0,0.0164208,1
1872,1,0.0150271,1
1872,0,0.0151755,1
1812_BRANCH0_1864,1,0.011877,1
1812_BRANCH0_1864,0,0.0112574,1
1812_BRANCH0_1865,1,0.0113858,1
1812_BRANCH0_1865,0,0.0111119,1
1815,1,0.0144549,1
1815,0,0.0158871,1
2033,1,0.0166184,1
2033,0,0.0148797,1
1818_BRANCH0_1857,1,0.0124771,1
1818_BRANCH0_1857,0,0.0120477,1
1818,1,0.01145,1
1818,0,0.0100678,1
1879,1,0.0142258,1
1879,0,0.0153726,1
1822,1,0.0111839,1
1822,0,0.01084,1
1852,1,0.013679,1
1852,0,0.0112466,1
1826,1,0.0118991,1
1826,0,0.0107581,1
1830_BRANCH0_1902,1,0.0108901,1
1830_BRANCH0_1902,0,0.0110873,1
2789_BRANCH0_2815,1,2.27985,1
2789_BRANCH0_2815,0,0.0182061,1
1830,1,0.0123725,1
1830,0,0.0109155,1
1837,1,0.0143228,1
1837,0,0.0135649,1
1838_BRANCH0_1895,1,0.011057,1
1838_BRANCH0_1895,0,0.0111889,1
1838,1,0.0109557,1
1838,0,0.0115831,1
1841_BRANCH0_1882,1,0.0130482,1
1841_BRANCH0_1882,0,0.0169047,1
1841_BRANCH0_1883,1,0.0154805,1
1841_BRANCH0_1883,0,0.0158716,1
1841,1,0.0175393,1
1841,0,0.0167771,1
1848,1,0.015287,1
1848,0,0.0123787,1
1850,1,0.0204388,1
1850,0,0.0205793,1
1855,1,0.0168142,1
1855,0,0.0161651,1
1856,1,0.0184432,1
1856,0,0.0169051,1
1857,1,0.0138044,1
1857,0,0.0123443,1
2129_BRANCH0_2606,1,0.0157707,1
2129_BRANCH0_2606,0,0.0167259,1
1858_BRANCH0_1927,1,0.0153982,1
1858_BRANCH0_1927,0,0.0161472,1
1858_BRANCH0_1930,1,0.0403638,1
1858_BRANCH0_1930,0,0.0159236,1
1866_BRANCH0_2868,1,0.0114703,1
1866_BRANCH0_2868,0,0.0115795,1
2427_BRANCH0_2630,1,0.0148265,1
2427_BRANCH0_2630,0,0.0163559,1
2889,1,0.012645,1
2889,0,0.0108611,1
1869_BRANCH0_1922,1,0.0144835,1
1869_BRANCH0_1922,0,0.0154012,1
1872_BRANCH0_1919,1,0.0155171,1
1872_BRANCH0_1919,0,0.0147777,1
1872_BRANCH0_1920,1,0.0169824,1
1872_BRANCH0_1920,0,0.0143008,1
1875_BRANCH0_1923,1,0.010955,1
1875_BRANCH0_1923,0,0.0117249,1
1875,1,0.0107037,1
1875,0,0.0119717,1
1878,1,0.0105598,1
1878,0,0.0117789,1
2202_BRANCH0_2228,1,0.0142144,1
2202_BRANCH0_2228,0,0.013599,1
1879_BRANCH0_1944,1,0.0209571,1
1879_BRANCH0_1944,0,0.020783,1
1882,1,0.0141735,1
1882,0,0.0146479,1
1883,1,0.0167378,1
1883,0,0.0160389,1
1884,1,0.0110857,1
1884,0,0.0107541,1
2614,1,0.0164046,1
2614,0,0.0137133,1
1885,1,0.0153044,1
1885,0,0.017758,1
1889_BRANCH0_1953,1,0.0144205,1
1889_BRANCH0_1953,0,0.0165167,1
1889,1,0.0141764,1
1889,0,0.0169923,1
1895,1,0.0111178,1
1895,0,0.0109115,1
1896,1,0.0107846,1
1896,0,0.011053,1
1897,1,0.0120174,1
1897,0,0.0116697,1
2019,1,0.0167097,1
2019,0,0.0166069,1
1898_BRANCH0_1937,1,0.0232801,1
1898_BRANCH0_1937,0,0.0208121,1
1898_BRANCH0_2020,1,0.0219806,1
1898_BRANCH0_2020,0,0.0205672,1
1902_BRANCH0_1938,1,0.0156922,1
1902_BRANCH0_1938,0,0.0164669,1
2386_BRANCH0_2631,1,0.013748,1
2386_BRANCH0_2631,0,0.0182886,1
1902,1,0.0108137,1
1902,0,0.010448,1
1910,1,0.0115341,1
1910,0,0.0110831,1
1911,1,0.017253,1
1911,0,0.0166443,1
1912,1,0.0126544,1
1912,0,0.0111919,1
1913,1,0.0160968,1
1913,0,0.0173886,1
1915,1,0.0132161,1
1915,0,0.0118174,1
1919,1,0.013848,1
1919,0,0.0156496,1
2603_BRANCH0_2745,1,0.0171823,1
2603_BRANCH0_2745,0,0.0128903,1
1921,1,0.0145796,1
1921,0,0.0158202,1
1922,1,0.0167515,1
1922,0,0.0168125,1
1923,1,0.0112524,1
1923,0,0.0119825,1
1924,1,0.0108568,1
1924,0,0.0114533,1
1927_BRANCH0_1977,1,0.0160295,1
1927_BRANCH0_1977,0,0.0154851,1
1927_BRANCH0_1978,1,0.0143592,1
1927_BRANCH0_1978,0,0.0142598,1
1930_BRANCH0_1975,1,0.0388496,1
1930_BRANCH0_1975,0,0.0156662,1
2761,1,0.015618,1
2761,0,0.0115968,1
2892,1,0.0124817,1
2892,0,0.01383,1
1930_BRANCH0_1976,1,0.0368037,1
1930_BRANCH0_1976,0,0.0161906,1
1930,1,0.0376499,1
1930,0,0.0170874,1
2745,1,0.01272,1
2745,0,0.0163233,1
1933_BRANCH0_1985,1,0.013276,1
1933_BRANCH0_1985,0,0.0141763,1
2104_BRANCH0_2537,1,0.0143264,1
2104_BRANCH0_2537,0,0.0175615,1
1936,1,0.0149753,1
1936,0,0.0139812,1
1938,1,0.0158419,1
1938,0,0.0159331,1
1941,1,0.0193277,1
1941,0,0.0155708,1
2286_BRANCH0_2540,1,0.0160627,1
2286_BRANCH0_2540,0,0.0174497,1
1944_BRANCH0_1999,1,0.0222889,1
1944_BRANCH0_1999,0,0.0210403,1
1944_BRANCH0_2000,1,0.0228146,1
1944_BRANCH0_2000,0,0.0220018,1
1944,1,0.022231,1
1944,0,0.0221594,1
2089,1,0.0172283,1
2089,0,0.0166881,1
2286_BRANCH0_2558,1,0.0171362,1
2286_BRANCH0_2558,0,0.0185873,1
1947_BRANCH0_2003,1,0.0158928,1
1947_BRANCH0_2003,0,0.0163843,1
1947,1,0.0176196,1
1947,0,0.0161851,1
2014,1,0.0129115,1
2014,0,0.0110978,1
2361_BRANCH0_2614,1,0.0154093,1
2361_BRANCH0_2614,0,0.0151881,1
1950,1,0.016495,1
1950,0,0.0143484,1
1953_BRANCH0_2004,1,0.0189195,1
1953_BRANCH0_2004,0,0.023714,1
1968_BRANCH0_2019,1,0.0146883,1
1968_BRANCH0_2019,0,0.0166127,1
1953,1,0.0160771,1
1953,0,0.0151376,1
2890,1,0.00838452,1
2890,0,0.0124827,1
1958_BRANCH0_2013,1,0.0110016,1
1958_BRANCH0_2013,0,0.011937,1
2241,1,0.0162968,1
2241,0,0.0144647,1
1958,1,0.0124753,1
1958,0,0.010872,1
1961_BRANCH0_2016,1,0.0110096,1
1961_BRANCH0_2016,0,0.0113997,1
1961,1,0.0113594,1
1961,0,0.0113489,1
1965_BRANCH0_2018,1,0.015781,1
1965_BRANCH0_2018,0,0.0139998,1
1968_BRANCH0_2828,1,0.0125038,1
1968_BRANCH0_2828,0,0.0139564,1
1979,1,0.014096,1
1979,0,0.0149262,1
2606,1,0.0168171,1
2606,0,0.0131606,1
1980_BRANCH0_2030,1,0.0169196,1
1980_BRANCH0_2030,0,0.0167371,1
2129_BRANCH0_2576,1,0.0138286,1
2129_BRANCH0_2576,0,0.0172487,1
1980_BRANCH0_2033,1,0.0186545,1
1980_BRANCH0_2033,0,0.0155743,1
1987,1,0.0142188,1
1987,0,0.0151507,1
1980,1,0.0158873,1
1980,0,0.0150752,1
1985,1,0.0137161,1
1985,0,0.0147564,1
2756,1,0.015626,1
2756,0,0.0130856,1
1987_BRANCH0_2021,1,0.014073,1
1987_BRANCH0_2021,0,0.0151177,1
1999,1,0.0216574,1
1999,0,0.0204213,1
2003,1,0.0164867,1
2003,0,0.0174622,1
2004,1,0.0221598,1
2004,0,0.0153408,1
2008,1,0.0417226,1
2008,0,0.0174387,1
2009,1,0.0198373,1
2009,0,0.0147443,1
2824_BRANCH0_2854,1,0.0114979,1
2824_BRANCH0_2854,0,0.019528,1
2015,1,0.0123234,1
2015,0,0.0111495,1
2315_BRANCH0_2564,1,0.013284,1
2315_BRANCH0_2564,0,0.0173721,1
2811,1,0.0149562,1
2811,0,0.00727226,1
2016,1,0.00974695,1
2016,0,0.0115834,1
2020,1,0.0218036,1
2020,0,0.0222965,1
2021,1,0.0177954,1
2021,0,0.0149412,1
2639_BRANCH0_2725,1,0.0132647,1
2639_BRANCH0_2725,0,0.0173451,1
2025,1,0.0176256,1
2025,0,0.0178175,1
2026,1,0.0389226,1
2026,0,0.0166582,1
2027_BRANCH0_2068,1,0.0139152,1
2027_BRANCH0_2068,0,0.015777,1
2027,1,0.0154462,1
2027,0,0.0152937,1
2630,1,0.017329,1
2630,0,0.012463,1
2030_BRANCH0_2104,1,0.0147516,1
2030_BRANCH0_2104,0,0.0155481,1
2030_BRANCH0_2129,1,0.0154918,1
2030_BRANCH0_2129,0,0.0167232,1
2033_BRANCH0_2119,1,0.0163728,1
2033_BRANCH0_2119,0,0.0167865,1
2036,1,0.0112354,1
2036,0,0.0108488,1
2039,1,0.0187187,1
2039,0,0.01502,1
2042_BRANCH0_2086,1,0.0140048,1
2042_BRANCH0_2086,0,0.0132588,1
2042_BRANCH0_2089,1,0.0154858,1
2042_BRANCH0_2089,0,0.0167134,1
2340_BRANCH0_2634,1,0.815683,1
2340_BRANCH0_2634,0,0.773723,1
2047,1,0.0174478,1
2047,0,0.0368924,1
2052_BRANCH0_2076,1,0.0138683,1
2052_BRANCH0_2076,0,0.0135533,1
2620_BRANCH0_2746,1,0.0174073,1
2620_BRANCH0_2746,0,0.016219,1
2052_BRANCH0_2866,1,0.0118939,1
2052_BRANCH0_2866,0,0.011794,1
2055_BRANCH0_2077,1,0.0131426,1
2055_BRANCH0_2077,0,0.0147832,1
2055_BRANCH0_2867,1,0.0117693,1
2055_BRANCH0_2867,0,0.0113705,1
2055,1,0.0125672,1
2055,0,0.0119066,1
2061,1,0.016221,1
2061,0,0.0145053,1
2552_BRANCH0_2746,1,0.0182222,1
2552_BRANCH0_2746,0,0.0125586,1
2062_BRANCH0_2148,1,0.0154553,1
2062_BRANCH0_2148,0,0.0167644,1
2151_BRANCH0_2215,1,0.0156501,1
2151_BRANCH0_2215,0,0.0147393,1
2062_BRANCH0_2151,1,0.0152566,1
2062_BRANCH0_2151,0,0.0143024,1
2815,1,0.0126446,1
2815,0,0.0231199,1
2062,1,0.017931,1
2062,0,0.0163807,1
2068_BRANCH0_2119,1,0.0148208,1
2068_BRANCH0_2119,0,0.0163831,1
2068,1,0.0156743,1
2068,0,0.0133274,1
2576,1,0.0128235,1
2576,0,0.0171904,1
2071_BRANCH0_2129,1,0.0142784,1
2071_BRANCH0_2129,0,0.0141416,1
2286_BRANCH0_2537,1,0.0141499,1
2286_BRANCH0_2537,0,0.0159217,1
2071,1,0.0173318,1
2071,0,0.0163398,1
2076,1,0.0139922,1
2076,0,0.0135288,1
2078,1,0.0209841,1
2078,0,0.01604,1
2081_BRANCH0_2202,1,0.0136423,1
2081_BRANCH0_2202,0,0.0143927,1
2081_BRANCH0_2205,1,0.0153261,1
2081_BRANCH0_2205,0,0.0149724,1
2086_BRANCH0_2340,1,0.0137804,1
2086_BRANCH0_2340,0,0.014765,1
2086_BRANCH0_2361,1,0.0156683,1
2086_BRANCH0_2361,0,0.0160344,1
2143_BRANCH0_2603,1,0.0153225,1
2143_BRANCH0_2603,0,0.0157181,1
2086,1,0.0138954,1
2086,0,0.0144293,1
2089_BRANCH0_2353,1,0.0174227,1
2089_BRANCH0_2353,0,0.017127,1
2089_BRANCH0_2375,1,0.0160503,1
2089_BRANCH0_2375,0,0.0170934,1
2253,1,0.0151825,1
2253,0,0.0198821,1
2104_BRANCH0_2546,1,0.0146691,1
2104_BRANCH0_2546,0,0.0176243,1
2104_BRANCH0_2600,1,0.0156455,1
2104_BRANCH0_2600,0,0.0151092,1
2353,1,0.0155552,1
2353,0,0.0168131,1
2627,1,0.0159436,1
2627,0,0.0153213,1
2104_BRANCH0_2627,1,0.0144253,1
2104_BRANCH0_2627,0,0.0146569,1
2104_BRANCH0_2628,1,0.0141315,1
2104_BRANCH0_2628,0,0.0178241,1
2104_BRANCH0_2629,1,0.0135974,1
2104_BRANCH0_2629,0,0.0164254,1
2104_BRANCH0_2632,1,0.0145429,1
2104_BRANCH0_2632,0,0.0156687,1
2104_BRANCH0_2633,1,0.0145163,1
2104_BRANCH0_2633,0,0.0162157,1
2104_BRANCH0_2645,1,0.0148485,1
2104_BRANCH0_2645,0,0.0158516,1
2567_BRANCH0_2675,1,0.0159618,1
2567_BRANCH0_2675,0,0.248975,1
2104_BRANCH0_2661,1,0.0150508,1
2104_BRANCH0_2661,0,0.0169976,1
2731,1,0.289205,1
2731,0,0.0161497,1
2104,1,0.0132726,1
2104,0,0.0174788,1
2119_BRANCH0_2543,1,0.0163556,1
2119_BRANCH0_2543,0,0.0144723,1
2119_BRANCH0_2564,1,0.0178003,1
2119_BRANCH0_2564,0,0.0144369,1
2846,1,0.0128368,1
2846,0,0.0135021,1
2119_BRANCH0_2642,1,0.0149716,1
2119_BRANCH0_2642,0,0.0171725,1
2129_BRANCH0_2540,1,0.0139887,1
2129_BRANCH0_2540,0,0.0163792,1
2129_BRANCH0_2555,1,0.0143614,1
2129_BRANCH0_2555,0,0.0172254,1
2129_BRANCH0_2594,1,0.0148009,1
2129_BRANCH0_2594,0,0.0181873,1
2129_BRANCH0_2611,1,0.0155974,1
2129_BRANCH0_2611,0,0.0154671,1
2129_BRANCH0_2630,1,0.0143841,1
2129_BRANCH0_2630,0,0.0155565,1
2129_BRANCH0_2639,1,0.0144616,1
2129_BRANCH0_2639,0,0.0156149,1
2129_BRANCH0_2655,1,0.0155871,1
2129_BRANCH0_2655,0,0.0153415,1
2129,1,0.0164136,1
2129,0,0.0151359,1
2143_BRANCH0_2552,1,0.015095,1
2143_BRANCH0_2552,0,0.0163363,1
2148_BRANCH0_2216,1,0.0142503,1
2148_BRANCH0_2216,0,0.0145127,1
2874,1,0.0344495,1
2874,0,0.0148125,1
2151_BRANCH0_2214,1,0.0140881,1
2151_BRANCH0_2214,0,0.0145532,1
2151,1,0.0173938,1
2151,0,0.0147859,1
2196_BRANCH0_2225,1,0.0157934,1
2196_BRANCH0_2225,0,0.0141172,1
2196,1,0.0139411,1
2196,0,0.0145738,1
2199_BRANCH0_2223,1,0.0227381,1
2199_BRANCH0_2223,0,0.0157551,1
2199,1,0.0215199,1
2199,0,0.0152875,1
2202,1,0.0157199,1
2202,0,0.0138071,1
2205_BRANCH0_2226,1,0.0147256,1
2205_BRANCH0_2226,0,0.0169886,1
2214,1,0.0413528,1
2214,0,0.0170134,1
2217,1,0.0166709,1
2217,0,0.0156271,1
2386_BRANCH0_2664,1,0.0167641,1
2386_BRANCH0_2664,0,0.0172701,1
2223,1,0.0154794,1
2223,0,0.0223928,1
2224,1,0.0164026,1
2224,0,0.0166333,1
2386_BRANCH0_2661,1,0.0168014,1
2386_BRANCH0_2661,0,0.0173779,1
2225,1,0.0135179,1
2225,0,0.0165437,1
2576_BRANCH0_2691,1,0.0141789,1
2576_BRANCH0_2691,0,529.165,1
2226,1,0.0150476,1
2226,0,0.0142832,1
2230,1,0.0300975,1
2230,0,0.0170394,1
2231,1,0.020289,1
2231,0,0.0158804,1
2233,1,0.0154799,1
2233,0,0.0168984,1
2234,1,0.020166,1
2234,0,0.0155296,1
2237_BRANCH0_2260,1,0.0178743,1
2237_BRANCH0_2260,0,0.0148967,1
2237,1,0.0147575,1
2237,0,0.0160624,1
2240,1,0.0201059,1
2240,0,0.0149712,1
2241_BRANCH0_2263,1,0.015096,1
2241_BRANCH0_2263,0,0.0154913,1
2241_BRANCH0_2266,1,0.0152417,1
2241_BRANCH0_2266,0,0.0155344,1
2245_BRANCH0_2269,1,0.0159406,1
2245_BRANCH0_2269,0,0.0143312,1
2245,1,0.0145403,1
2245,0,0.0152834,1
2257_BRANCH0_2353,1,0.0159017,1
2257_BRANCH0_2353,0,0.0187241,1
2260,1,0.0167027,1
2260,0,0.0164201,1
2263_BRANCH0_2385,1,0.0147052,1
2263_BRANCH0_2385,0,0.0156253,1
2789_BRANCH0_2829,1,0.0163188,1
2789_BRANCH0_2829,0,0.018342,1
2263_BRANCH0_2386,1,0.0137452,1
2263_BRANCH0_2386,0,0.0166529,1
2263,1,0.0147035,1
2263,0,0.0148803,1
2266_BRANCH0_2286,1,0.0137501,1
2266_BRANCH0_2286,0,0.017078,1
2266_BRANCH0_2297,1,0.0164098,1
2266_BRANCH0_2297,0,0.0193895,1
2266,1,0.0134723,1
2266,0,0.0174429,1
2776,1,0.0137202,1
2776,0,0.0152662,1
2886,1,0.0130776,1
2886,0,0.0117228,1
2269_BRANCH0_2427,1,0.0137386,1
2269_BRANCH0_2427,0,0.0145648,1
2269,1,0.0152378,1
2269,0,0.014271,1
2272_BRANCH0_2315,1,0.0159993,1
2272_BRANCH0_2315,0,0.0161475,1
2272_BRANCH0_2326,1,0.0185131,1
2272_BRANCH0_2326,0,0.0161466,1
2279_BRANCH0_2384,1,0.0162409,1
2279_BRANCH0_2384,0,0.0118597,1
2286_BRANCH0_2543,1,0.013999,1
2286_BRANCH0_2543,0,0.0179106,1
2286_BRANCH0_2546,1,0.0188418,1
2286_BRANCH0_2546,0,0.0189358,1
2286_BRANCH0_2561,1,0.0143041,1
2286_BRANCH0_2561,0,0.0171497,1
2768,1,0.0141003,1
2768,0,0.0114952,1
2297_BRANCH0_2549,1,0.0170006,1
2297_BRANCH0_2549,0,0.0189822,1
2537,1,0.0170108,1
2537,0,0.0128114,1
2297_BRANCH0_2552,1,0.0119178,1
2297_BRANCH0_2552,0,0.0170568,1
2857,1,0.0214538,1
2857,0,0.0155715,1
2297_BRANCH0_2573,1,0.0119194,1
2297_BRANCH0_2573,0,0.0180601,1
2297_BRANCH0_2603,1,0.0164498,1
2297_BRANCH0_2603,0,0.0156183,1
2315_BRANCH0_2567,1,0.0166232,1
2315_BRANCH0_2567,0,0.0163285,1
2297_BRANCH0_2606,1,0.0140365,1
2297_BRANCH0_2606,0,0.016964,1
2297_BRANCH0_2627,1,0.0145948,1
2297_BRANCH0_2627,0,0.0177899,1
2297_BRANCH0_2648,1,0.0157786,1
2297_BRANCH0_2648,0,0.0178486,1
2315_BRANCH0_2537,1,0.0158032,1
2315_BRANCH0_2537,0,0.0170267,1
2315_BRANCH0_2540,1,0.0158568,1
2315_BRANCH0_2540,0,0.0172041,1
2315_BRANCH0_2543,1,0.0149989,1
2315_BRANCH0_2543,0,0.0171983,1
2315_BRANCH0_2558,1,0.0155312,1
2315_BRANCH0_2558,0,0.0175001,1
2549_BRANCH0_2750,1,0.017129,1
2549_BRANCH0_2750,0,0.0139726,1
2315_BRANCH0_2561,1,0.013425,1
2315_BRANCH0_2561,0,0.0173864,1
2315_BRANCH0_2570,1,0.0125871,1
2315_BRANCH0_2570,0,0.0167135,1
2326_BRANCH0_2573,1,0.0137388,1
2326_BRANCH0_2573,0,0.017258,1
2326_BRANCH0_2576,1,0.0143255,1
2326_BRANCH0_2576,0,0.018085,1
2326_BRANCH0_2614,1,0.0154269,1
2326_BRANCH0_2614,0,0.0176697,1
2552,1,0.0178985,1
2552,0,0.0147894,1
2326_BRANCH0_2617,1,0.0156708,1
2326_BRANCH0_2617,0,0.01831,1
2326_BRANCH0_2628,1,0.016647,1
2326_BRANCH0_2628,0,0.017525,1
2326_BRANCH0_2655,1,0.0159969,1
2326_BRANCH0_2655,0,0.0168233,1
2689,1,0.0179427,1
2689,0,0.0138152,1
2326_BRANCH0_2658,1,0.0138741,1
2326_BRANCH0_2658,0,0.0170327,1
2326_BRANCH0_2664,1,0.0165481,1
2326_BRANCH0_2664,0,0.017694,1
2340_BRANCH0_2540,1,0.0152569,1
2340_BRANCH0_2540,0,0.0171782,1
2340_BRANCH0_2543,1,0.0146588,1
2340_BRANCH0_2543,0,0.0181633,1
2669,1,0.017948,1
2669,0,0.0174302,1
2340_BRANCH0_2561,1,0.0158032,1
2340_BRANCH0_2561,0,0.0194837,1
2340_BRANCH0_2627,1,0.0172832,1
2340_BRANCH0_2627,0,0.0157937,1
2340_BRANCH0_2630,1,0.015328,1
2340_BRANCH0_2630,0,0.0171137,1
2340_BRANCH0_2631,1,0.0149479,1
2340_BRANCH0_2631,0,0.0177923,1
2340,1,0.0124527,1
2340,0,0.014248,1
2353_BRANCH0_2546,1,0.0165302,1
2353_BRANCH0_2546,0,0.0176933,1
2353_BRANCH0_2567,1,0.0161492,1
2353_BRANCH0_2567,0,0.0171712,1
2353_BRANCH0_2606,1,0.0162587,1
2353_BRANCH0_2606,0,0.0169984,1
2353_BRANCH0_2620,1,0.0180025,1
2353_BRANCH0_2620,0,0.0171503,1
2361_BRANCH0_2611,1,0.0165379,1
2361_BRANCH0_2611,0,0.018596,1
2361_BRANCH0_2642,1,0.016989,1
2361_BRANCH0_2642,0,0.0161333,1
2353_BRANCH0_2632,1,0.0147653,1
2353_BRANCH0_2632,0,0.0169899,1
2353_BRANCH0_2651,1,0.0153645,1
2353_BRANCH0_2651,0,0.0173475,1
2361_BRANCH0_2558,1,0.0153506,1
2361_BRANCH0_2558,0,0.0164544,1
2361_BRANCH0_2594,1,0.016501,1
2361_BRANCH0_2594,0,0.0164793,1
2361_BRANCH0_2639,1,0.0161626,1
2361_BRANCH0_2639,0,0.016311,1
2361_BRANCH0_2655,1,0.0159373,1
2361_BRANCH0_2655,0,0.0173565,1
2361,1,0.0173605,1
2361,0,0.0160674,1
2375_BRANCH0_2549,1,0.0166603,1
2375_BRANCH0_2549,0,0.0169913,1
2375_BRANCH0_2555,1,0.015065,1
2375_BRANCH0_2555,0,0.0169772,1
2375_BRANCH0_2570,1,0.0153609,1
2375_BRANCH0_2570,0,0.0182689,1
2375_BRANCH0_2576,1,0.0155639,1
2375_BRANCH0_2576,0,0.0168783,1
2375_BRANCH0_2600,1,0.0156311,1
2375_BRANCH0_2600,0,0.0160262,1
2375_BRANCH0_2617,1,0.0167182,1
2375_BRANCH0_2617,0,0.0180326,1
2375_BRANCH0_2645,1,0.0154545,1
2375_BRANCH0_2645,0,0.0170579,1
2375_BRANCH0_2661,1,0.0160461,1
2375_BRANCH0_2661,0,0.0178719,1
2384,1,0.00846788,1
2384,0,0.0119734,1
2386_BRANCH0_2611,1,0.0166556,1
2386_BRANCH0_2611,0,0.0163423,1
2386_BRANCH0_2617,1,0.0145814,1
2386_BRANCH0_2617,0,0.0181612,1
2386_BRANCH0_2620,1,0.0146489,1
2386_BRANCH0_2620,0,0.0191352,1
2386_BRANCH0_2629,1,0.0160994,1
2386_BRANCH0_2629,0,0.0182371,1
2871,1,0.0112682,1
2871,0,0.0128468,1
2386_BRANCH0_2630,1,0.0135829,1
2386_BRANCH0_2630,0,0.0185767,1
2386_BRANCH0_2633,1,0.0135307,1
2386_BRANCH0_2633,0,0.0184955,1
2782,1,0.0125465,1
2782,0,0.0153955,1
2386_BRANCH0_2658,1,0.0145989,1
2386_BRANCH0_2658,0,0.0175502,1
2386,1,0.0146205,1
2386,0,0.0195588,1
2861,1,0.0200486,1
2861,0,0.0141094,1
2426,1,0.0162351,1
2426,0,0.0197457,1
2427_BRANCH0_2594,1,0.0150643,1
2427_BRANCH0_2594,0,0.0175858,1
2427_BRANCH0_2600,1,0.0153093,1
2427_BRANCH0_2600,0,0.0172091,1
2611_BRANCH0_2746,1,0.0192262,1
2611_BRANCH0_2746,0,0.0123135,1
2427_BRANCH0_2627,1,0.0113214,1
2427_BRANCH0_2627,0,0.0167405,1
2427_BRANCH0_2632,1,0.0162358,1
2427_BRANCH0_2632,0,0.0166938,1
2427_BRANCH0_2634,1,0.0168927,1
2427_BRANCH0_2634,0,0.0184157,1
2427_BRANCH0_2642,1,0.0143991,1
2427_BRANCH0_2642,0,0.0168513,1
2427_BRANCH0_2645,1,0.0135259,1
2427_BRANCH0_2645,0,0.0177655,1
2427_BRANCH0_2648,1,0.0143024,1
2427_BRANCH0_2648,0,0.0177996,1
2427_BRANCH0_2651,1,0.0149047,1
2427_BRANCH0_2651,0,0.0184531,1
2427,1,0.014059,1
2427,0,0.0175451,1
2537_BRANCH0_2745,1,0.0189168,1
2537_BRANCH0_2745,0,0.0159007,1
2537_BRANCH0_2747,1,0.0172793,1
2537_BRANCH0_2747,0,0.0147882,1
2540_BRANCH0_2747,1,0.0176854,1
2540_BRANCH0_2747,0,0.0144176,1
2543_BRANCH0_2745,1,0.0177954,1
2543_BRANCH0_2745,0,0.0127513,1
2543,1,0.018515,1
2543,0,0.0136914,1
2546_BRANCH0_2745,1,0.0176134,1
2546_BRANCH0_2745,0,0.0127433,1
2546_BRANCH0_2747,1,0.0167585,1
2546_BRANCH0_2747,0,0.0135416,1
2546,1,0.0192234,1
2546,0,0.0130285,1
2549_BRANCH0_2746,1,0.0176901,1
2549_BRANCH0_2746,0,0.0126085,1
2552_BRANCH0_2750,1,0.0162769,1
2552_BRANCH0_2750,0,0.0123331,1
2555_BRANCH0_2746,1,0.0171118,1
2555_BRANCH0_2746,0,0.0127161,1
2558_BRANCH0_2669,1,0.0114635,1
2558_BRANCH0_2669,0,4.70977,1
2558_BRANCH0_2670,1,0.0118784,1
2558_BRANCH0_2670,0,0.0177697,1
2561_BRANCH0_2672,1,0.0125041,1
2561_BRANCH0_2672,0,0.0166639,1
2564_BRANCH0_2673,1,0.0127845,1
2564_BRANCH0_2673,0,0.015411,1
2564,1,0.0125879,1
2564,0,0.0172553,1
2818_BRANCH0_2859,1,0.0130192,1
2818_BRANCH0_2859,0,0.0258127,1
2567_BRANCH0_2676,1,0.0135774,1
2567_BRANCH0_2676,0,0.0170735,1
2567,1,0.012222,1
2567,0,0.0162333,1
2570_BRANCH0_2682,1,0.0171291,1
2570_BRANCH0_2682,0,0.0162785,1
2570_BRANCH0_2683,1,0.0132781,1
2570_BRANCH0_2683,0,0.0168564,1
2570,1,0.0118015,1
2570,0,0.0187439,1
2573_BRANCH0_2688,1,0.0116488,1
2573_BRANCH0_2688,0,0.0175634,1
2576_BRANCH0_2690,1,0.0152151,1
2576_BRANCH0_2690,0,0.0186084,1
2594_BRANCH0_2745,1,0.016036,1
2594_BRANCH0_2745,0,0.0130857,1
2594_BRANCH0_2747,1,0.0188727,1
2594_BRANCH0_2747,0,0.0119087,1
2594,1,0.0175012,1
2594,0,0.0126693,1
2597,1,0.0173097,1
2597,0,0.0145123,1
2603_BRANCH0_2747,1,0.0172622,1
2603_BRANCH0_2747,0,0.0141098,1
2603,1,0.0173641,1
2603,0,0.0135597,1
2611,1,0.0174724,1
2611,0,0.0136707,1
2723,1,0.0156059,1
2723,0,0.0146915,1
2614_BRANCH0_2746,1,0.0192611,1
2614_BRANCH0_2746,0,0.0159636,1
2628,1,0.0168115,1
2628,0,0.0132468,1
2629,1,0.0167135,1
2629,0,0.0131329,1
2655_BRANCH0_2736,1,0.0120058,1
2655_BRANCH0_2736,0,0.0163701,1
2633,1,0.0184633,1
2633,0,0.0126618,1
2639_BRANCH0_2724,1,0.0138487,1
2639_BRANCH0_2724,0,0.573273,1
2639,1,0.0126062,1
2639,0,0.0170607,1
2642_BRANCH0_2726,1,0.015041,1
2642_BRANCH0_2726,0,1.07506,1
2645_BRANCH0_2728,1,0.01654,1
2645_BRANCH0_2728,0,2.1674,1
2645_BRANCH0_2729,1,0.0116004,1
2645_BRANCH0_2729,0,0.0170735,1
2648_BRANCH0_2731,1,0.0127827,1
2648_BRANCH0_2731,0,0.286665,1
2648,1,0.0126944,1
2648,0,0.016693,1
2651_BRANCH0_2733,1,0.0140342,1
2651_BRANCH0_2733,0,0.0174427,1
2655_BRANCH0_2735,1,0.0140362,1
2655_BRANCH0_2735,0,0.0193819,1
2655,1,0.0129213,1
2655,0,0.0172952,1
2658_BRANCH0_2737,1,0.0119703,1
2658_BRANCH0_2737,0,0.0228725,1
2661_BRANCH0_2739,1,0.012926,1
2661_BRANCH0_2739,0,0.0166171,1
2661_BRANCH0_2740,1,0.0147004,1
2661_BRANCH0_2740,0,0.0164801,1
2661,1,0.0130524,1
2661,0,0.0184081,1
2664_BRANCH0_2741,1,0.0117014,1
2664_BRANCH0_2741,0,0.0627974,1
2670,1,0.0171733,1
2670,0,0.0135501,1
2671,1,0.0171024,1
2671,0,0.0131326,1
2672,1,0.0173285,1
2672,0,0.0115947,1
2674,1,17.3509,1
2674,0,0.0154701,1
2675,1,0.0146283,1
2675,0,0.0165883,1
2682,1,0.0161419,1
2682,0,0.0151454,1
2688,1,0.0183825,1
2688,0,0.0138382,1
2710,1,0.0140077,1
2710,0,0.0141054,1
2721,1,0.017695,1
2721,0,0.0119685,1
2724,1,0.0173372,1
2724,0,0.0150228,1
2727,1,0.0172288,1
2727,0,0.0129351,1
2728,1,0.017152,1
2728,0,0.0149403,1
2729,1,0.0182213,1
2729,0,0.0126025,1
2730,1,0.0152795,1
2730,0,0.0142324,1
2733,1,0.0172607,1
2733,0,0.0138065,1
2734,1,0.0154561,1
2734,0,0.0153044,1
2735,1,0.0175613,1
2735,0,0.011559,1
2738,1,0.0167945,1
2738,0,0.0124714,1
2739,1,0.0186537,1
2739,0,0.0115783,1
2741,1,0.0174824,1
2741,0,0.012959,1
2743,1,0.0164385,1
2743,0,0.0151739,1
2744,1,0.0153621,1
2744,0,0.0146059,1
2747_BRANCH0_2788,1,0.0192305,1
2747_BRANCH0_2788,0,0.0137794,1
2747_BRANCH0_2789,1,0.0179836,1
2747_BRANCH0_2789,0,0.0149153,1
2747,1,0.0164832,1
2747,0,0.0137829,1
2750_BRANCH0_2789,1,0.0243366,1
2750_BRANCH0_2789,0,2.2731,1
2753,1,0.0142463,1
2753,0,0.0106001,1
2754,1,0.0165044,1
2754,0,0.0118689,1
2755,1,0.0112537,1
2755,0,0.0155647,1
2758,1,0.0158515,1
2758,0,0.0126134,1
2760,1,0.0137639,1
2760,0,0.0150848,1
2762,1,0.0158626,1
2762,0,0.0132262,1
2763,1,0.0156196,1
2763,0,0.0150775,1
2766,1,0.015357,1
2766,0,0.0155386,1
2818_BRANCH0_2852,1,0.0132144,1
2818_BRANCH0_2852,0,0.0264816,1
2773_BRANCH0_2807,1,0.0130247,1
2773_BRANCH0_2807,0,0.888008,1
2773_BRANCH0_2808,1,0.0123188,1
2773_BRANCH0_2808,0,0.0178163,1
2773,1,0.0131566,1
2773,0,0.0175875,1
2776_BRANCH0_2810,1,0.0138499,1
2776_BRANCH0_2810,0,0.017969,1
2779,1,0.0177277,1
2779,0,0.01186,1
2784,1,0.0113506,1
2784,0,0.0113246,1
2786,1,0.0122219,1
2786,0,0.0114718,1
2788,1,0.0149321,1
2788,0,0.0126146,1
2789_BRANCH0_2818,1,0.0130157,1
2789_BRANCH0_2818,0,0.0214554,1
2789_BRANCH0_2821,1,0.0128132,1
2789_BRANCH0_2821,0,0.0209938,1
2789_BRANCH0_2824,1,0.0126966,1
2789_BRANCH0_2824,0,0.0324754,1
2789,1,0.0145862,1
2789,0,0.0173944,1
2809,1,0.0162453,1
2809,0,0.0145453,1
2810,1,0.017656,1
2810,0,0.0156638,1
2812_BRANCH0_2850,1,0.0128778,1
2812_BRANCH0_2850,0,0.0218803,1
2812,1,0.0159514,1
2812,0,0.0198865,1
2815_BRANCH0_2851,1,0.0131659,1
2815_BRANCH0_2851,0,0.0233565,1
2815_BRANCH0_2858,1,0.011609,1
2815_BRANCH0_2858,0,0.0245291,1
2818,1,0.0116643,1
2818,0,0.0269763,1
2821_BRANCH0_2853,1,0.0116797,1
2821_BRANCH0_2853,0,0.0295434,1
2821,1,0.0128894,1
2821,0,0.0295344,1
2827,1,0.0109667,1
2827,0,0.0115823,1
2829_BRANCH0_2862,1,0.0109335,1
2829_BRANCH0_2862,0,0.0263481,1
2829_BRANCH0_2863,1,0.0116084,1
2829_BRANCH0_2863,0,0.0260989,1
2829,1,0.0126674,1
2829,0,0.0258005,1
2843_BRANCH0_2872,1,0.0142765,1
2843_BRANCH0_2872,0,0.010685,1
2846_BRANCH0_2873,1,0.0132961,1
2846_BRANCH0_2873,0,0.0134918,1
2850,1,0.02046,1
2850,0,0.0122801,1
2852,1,0.0254077,1
2852,0,0.0120083,1
2870,1,0.0105784,1
2870,0,0.0113392,1
2873,1,0.0108538,1
2873,0,0.0112845,1
2877,1,0.0122523,1
2877,0,0.0121496,1
2879,1,0.00975265,1
2879,0,0.011913,1
2883,1,0.00978569,1
2883,0,0.0124125,1
2895,1,0.0123558,1
2895,0,0.0101902,1
2896,1,0.0111836,1
2896,0,0.0118456,1
2899,1,0.0108988,1
2899,0,0.0114091,1
