0.00480378
m_BRANCH0_q,1,0.000148667,1
m_BRANCH0_q,0,8.8828e-05,0
m_BRANCH0_Z,1,8.5056e-05,1
m_BRANCH0_Z,0,0.000119183,1
d_BRANCH0_X,1,9.4651e-05,1
d_BRANCH0_X,0,8.4042e-05,0
d_BRANCH0_r,1,8.1041e-05,1
d_BRANCH0_r,0,8.9752e-05,1
X,1,8.3158e-05,0
X,0,3.4061e-05,1
m_BRANCH0_r,1,7.8943e-05,1
m_BRANCH0_r,0,8.7184e-05,1
B,1,0.000114015,1
B,0,0.00011625,1
d,1,9.5902e-05,1
d,0,0.000116582,1
d_BRANCH0_m,1,9.132e-05,1
d_BRANCH0_m,0,8.678e-05,1
s_BRANCH0_v,1,9.3039e-05,0
s_BRANCH0_v,0,0.000128331,1
B_BRANCH0_m,1,4.9823e-05,0
B_BRANCH0_m,0,7.4257e-05,1
B_BRANCH0_v,1,4.3748e-05,0
B_BRANCH0_v,0,0.000103831,1
C,1,0.000166591,1
C,0,0.000164235,1
s_BRANCH0_Y,1,9.3656e-05,0
s_BRANCH0_Y,0,9.0075e-05,1
B_BRANCH0_d,1,8.7599e-05,1
B_BRANCH0_d,0,0.000111164,1
A,1,0.000116578,1
A,0,0.000113935,1
m,1,0.000140617,1
m,0,0.000112375,1
r_BRANCH0_s,1,9.0464e-05,1
r_BRANCH0_s,0,9.5491e-05,0
Y,1,8.6614e-05,0
Y,0,8.2495e-05,1
r_BRANCH0_X,1,9.0846e-05,1
r_BRANCH0_X,0,9.8799e-05,0
Z,1,9.0539e-05,1
Z,0,9.3195e-05,1
r,1,9.2856e-05,1
r,0,9.1889e-05,0
q,1,7.4389e-05,0
q,0,8.0056e-05,1
s,1,9.3414e-05,0
s,0,8.3513e-05,1
v,1,8.7746e-05,0
v,0,8.6206e-05,1
