7.35587
539,1,0.00409218,1
539,0,0.00327009,1
298_BRANCH0_356,1,0.00281577,1
298_BRANCH0_356,0,0.00197164,1
530,1,0.00268222,1
530,0,0.00311667,1
530_BRANCH0_552,1,0.00286986,1
530_BRANCH0_552,0,0.0027586,1
529,1,0.00954146,1
529,0,0.00310653,1
201_BRANCH0_654,1,0.00414946,1
201_BRANCH0_654,0,0.00410767,1
665_BRANCH0_830,1,0.0029496,1
665_BRANCH0_830,0,0.00452898,1
525,1,0.00306072,1
525,0,0.00905222,1
521,1,0.00269917,1
521,0,0.00278416,1
483_BRANCH0_516,1,0.00410534,1
483_BRANCH0_516,0,0.00452616,1
632,1,0.00337763,1
632,0,0.00310623,1
518,1,0.00383146,1
518,0,0.002669,1
512,1,0.00278822,1
512,0,0.00528193,1
511,1,0.00272753,1
511,0,0.0049324,1
270_BRANCH0_344,1,0.00670494,1
270_BRANCH0_344,0,0.0020938,1
505,1,0.00309834,1
505,0,0.00324192,1
219_BRANCH0_794,1,0.00379935,1
219_BRANCH0_794,0,0.00383673,1
654_BRANCH0_727,1,0.00311748,1
654_BRANCH0_727,0,0.00304527,1
708,1,0.00312426,1
708,0,0.00343,1
504,1,0.00290503,1
504,0,0.00505549,1
503,1,0.00324382,1
503,0,0.00311367,1
382_BRANCH0_416,1,0.00375841,1
382_BRANCH0_416,0,0.00390125,1
644_BRANCH0_733,1,0.00305536,1
644_BRANCH0_733,0,0.00339447,1
502,1,0.00310897,1
502,0,0.00547806,1
501,1,0.00303505,1
501,0,0.00288346,1
814,1,0.00370886,1
814,0,0.00317756,1
498,1,0.00360496,1
498,0,0.00280966,1
301,1,0.00396923,1
301,0,0.00365032,1
495_BRANCH0_521,1,0.00284103,1
495_BRANCH0_521,0,0.00276027,1
491,1,0.00982812,1
491,0,0.00443572,1
13_BRANCH0_280,1,0.00634549,1
13_BRANCH0_280,0,0.00609654,1
489,1,0.00780177,1
489,0,0.0036094,1
460_BRANCH0_498,1,0.00288399,1
460_BRANCH0_498,0,0.00300499,1
417,1,0.00340454,1
417,0,0.00404677,1
770,1,0.00313732,1
770,0,0.00307066,1
488,1,0.00895286,1
488,0,0.00388256,1
875,1,0.00356726,1
875,0,0.00221502,1
483,1,0.00403071,1
483,0,0.00403073,1
483_BRANCH0_510,1,0.00425805,1
483_BRANCH0_510,0,0.00398112,1
310_BRANCH0_369,1,0.00455007,1
310_BRANCH0_369,0,0.00446365,1
298_BRANCH0_355,1,0.00268174,1
298_BRANCH0_355,0,0.00188752,1
481,1,0.00289751,1
481,0,0.00592511,1
476,1,0.00313725,1
476,0,0.008021,1
412,1,0.00461994,1
412,0,0.00381949,1
466,1,0.00294013,1
466,0,0.00348113,1
466_BRANCH0_517,1,0.00312133,1
466_BRANCH0_517,0,0.00369959,1
632_BRANCH0_708,1,0.00346184,1
632_BRANCH0_708,0,0.00292932,1
849,1,0.00300295,1
849,0,0.00295226,1
466_BRANCH0_508,1,0.0029745,1
466_BRANCH0_508,0,0.00365661,1
403,1,0.00126682,1
403,0,0.00148542,1
451_BRANCH0_528,1,0.00326202,1
451_BRANCH0_528,0,0.0095992,1
449,1,0.00212964,1
449,0,0.00581973,1
146,1,0.00421163,1
146,0,0.00406378,1
447,1,0.00122298,1
447,0,0.00274651,1
183_BRANCH0_526,1,0.00961185,1
183_BRANCH0_526,0,0.00956458,1
445,1,0.00376334,1
445,0,0.00381802,1
865,1,0.00316232,1
865,0,0.00215562,1
443,1,0.00721308,1
443,0,0.00418843,1
357_BRANCH0_406,1,0.00405674,1
357_BRANCH0_406,0,0.00375696,1
543,1,0.00341218,1
543,0,0.0028384,1
451_BRANCH0_522,1,0.00344861,1
451_BRANCH0_522,0,0.00895315,1
437,1,0.00851962,1
437,0,0.00374821,1
499,1,0.00364078,1
499,0,0.0028785,1
483_BRANCH0_514,1,0.00412364,1
483_BRANCH0_514,0,0.0044926,1
839,1,0.0030777,1
839,0,0.00219953,1
444,1,0.00275476,1
444,0,0.00397817,1
713_BRANCH0_762,1,0.00340982,1
713_BRANCH0_762,0,0.00315293,1
437_BRANCH0_490,1,0.00844672,1
437_BRANCH0_490,0,0.00333461,1
553_BRANCH0_596,1,0.0036327,1
553_BRANCH0_596,0,0.00386762,1
450,1,0.00103875,1
450,0,0.00155348,1
437_BRANCH0_489,1,0.00791272,1
437_BRANCH0_489,0,0.00414491,1
325,1,0.00412337,1
325,0,0.00389957,1
437_BRANCH0_488,1,0.00782069,1
437_BRANCH0_488,0,0.00441775,1
111_BRANCH0_305,1,0.00406964,1
111_BRANCH0_305,0,0.00392448,1
432_BRANCH0_482,1,0.0033043,1
432_BRANCH0_482,0,0.00794725,1
577_BRANCH0_644,1,0.00410276,1
577_BRANCH0_644,0,0.00317378,1
432_BRANCH0_480,1,0.00364755,1
432_BRANCH0_480,0,0.00797967,1
357,1,0.00458491,1
357,0,0.00360912,1
135,1,0.00352028,1
135,0,0.00357013,1
189_BRANCH0_632,1,0.00431243,1
189_BRANCH0_632,0,0.004477,1
644_BRANCH0_761,1,0.00326263,1
644_BRANCH0_761,0,0.00310372,1
442,1,0.00503712,1
442,0,0.0037426,1
432_BRANCH0_478,1,0.00399213,1
432_BRANCH0_478,0,0.00789032,1
17_BRANCH0_432,1,0.00885987,1
17_BRANCH0_432,0,0.00882377,1
427,1,0.00366839,1
427,0,0.00534614,1
513,1,0.00283972,1
513,0,0.00530828,1
427_BRANCH0_481,1,0.0035425,1
427_BRANCH0_481,0,0.00476985,1
135_BRANCH0_501,1,0.00411306,1
135_BRANCH0_501,0,0.00347307,1
752,1,0.00306257,1
752,0,0.0043616,1
427_BRANCH0_479,1,0.00362314,1
427_BRANCH0_479,0,0.00534398,1
427_BRANCH0_477,1,0.00311629,1
427_BRANCH0_477,0,0.00545513,1
267,1,0.0040804,1
267,0,0.00402002,1
286,1,0.00597028,1
286,0,0.00427922,1
533_BRANCH0_551,1,0.00282918,1
533_BRANCH0_551,0,0.00299003,1
177_BRANCH0_525,1,0.00909239,1
177_BRANCH0_525,0,0.00920123,1
121,1,0.00390566,1
121,0,0.00379169,1
507,1,0.00345892,1
507,0,0.00320269,1
425,1,0.00291202,1
425,0,0.00395836,1
510,1,0.00312561,1
510,0,0.00398976,1
171_BRANCH0_606,1,0.00407291,1
171_BRANCH0_606,0,0.00409393,1
781,1,0.00370638,1
781,0,0.00307401,1
424,1,0.00886418,1
424,0,0.00377462,1
423,1,0.00119941,1
423,0,0.00154338,1
828,1,0.00320254,1
828,0,0.00364904,1
492_BRANCH0_518,1,0.00297337,1
492_BRANCH0_518,0,0.00307684,1
422,1,0.00285228,1
422,0,0.00107645,1
354,1,0.00253699,1
354,0,0.00108949,1
421,1,0.00279828,1
421,0,0.00102796,1
420,1,0.00265536,1
420,0,0.00128278,1
843,1,0.00281806,1
843,0,0.00296536,1
419,1,0.00611165,1
419,0,0.00211536,1
414,1,0.00384679,1
414,0,0.00396789,1
727_BRANCH0_759,1,0.00308827,1
727_BRANCH0_759,0,0.00308342,1
495,1,0.00304577,1
495,0,0.00304427,1
80,1,0.00366197,1
80,0,0.00348229,1
682_BRANCH0_834,1,0.00313705,1
682_BRANCH0_834,0,0.00428689,1
722_BRANCH0_763,1,0.0037549,1
722_BRANCH0_763,0,0.00459935,1
411,1,0.00373653,1
411,0,0.00395172,1
410,1,0.0075141,1
410,0,0.00308668,1
687_BRANCH0_766,1,0.00303321,1
687_BRANCH0_766,0,0.00448784,1
409,1,0.00307233,1
409,0,0.00377406,1
407,1,0.00381333,1
407,0,0.00381496,1
219_BRANCH0_852,1,0.00387788,1
219_BRANCH0_852,0,0.00419873,1
237_BRANCH0_749,1,0.00454913,1
237_BRANCH0_749,0,0.0044025,1
406,1,0.00278512,1
406,0,0.00385914,1
390,1,0.00104401,1
390,0,0.0024538,1
319_BRANCH0_443,1,0.00726584,1
319_BRANCH0_443,0,0.00524405,1
479,1,0.00339211,1
479,0,0.0055826,1
404,1,0.00393001,1
404,0,0.00384772,1
446,1,0.0058699,1
446,0,0.00148525,1
402,1,0.00177226,1
402,0,0.00569157,1
297,1,0.00146909,1
297,0,0.00161465,1
393_BRANCH0_443,1,0.00611419,1
393_BRANCH0_443,0,0.0077073,1
393_BRANCH0_437,1,0.00567013,1
393_BRANCH0_437,0,0.00814006,1
392,1,0.00701828,1
392,0,0.00132277,1
873,1,0.00222339,1
873,0,0.00314832,1
451_BRANCH0_526,1,0.00340231,1
451_BRANCH0_526,0,0.00899798,1
773,1,0.00383914,1
773,0,0.00339529,1
389,1,0.00119483,1
389,0,0.00266095,1
385,1,0.00345517,1
385,0,0.00381072,1
385_BRANCH0_416,1,0.00393201,1
385_BRANCH0_416,0,0.0039531,1
478,1,0.00295482,1
478,0,0.0087611,1
541,1,0.00326485,1
541,0,0.00290746,1
379,1,0.00395006,1
379,0,0.00370735,1
51,1,0.00440393,1
51,0,0.00436878,1
379_BRANCH0_412,1,0.00414557,1
379_BRANCH0_412,0,0.00385287,1
514,1,0.00265105,1
514,0,0.00407086,1
376_BRANCH0_413,1,0.00399541,1
376_BRANCH0_413,0,0.00398406,1
523,1,0.00331547,1
523,0,0.00881034,1
369,1,0.00531265,1
369,0,0.00440131,1
1,1,0.0028844,1
1,0,0.0035968,1
90,1,0.0016209,1
90,0,0.00169009,1
366_BRANCH0_408,1,0.00327448,1
366_BRANCH0_408,0,0.00383989,1
696,1,0.00346951,1
696,0,0.0027919,1
363,1,0.00377605,1
363,0,0.00355937,1
363_BRANCH0_409,1,0.00375307,1
363_BRANCH0_409,0,0.00394728,1
356,1,0.00107489,1
356,0,0.00162769,1
353,1,0.00280283,1
353,0,0.00107362,1
189_BRANCH0_635,1,0.004567,1
189_BRANCH0_635,0,0.00501041,1
207_BRANCH0_520,1,0.00391768,1
207_BRANCH0_520,0,0.00384261,1
352,1,0.0082536,1
352,0,0.00571541,1
600_BRANCH0_673,1,0.0040291,1
600_BRANCH0_673,0,0.00380598,1
349,1,0.00533722,1
349,0,0.00135292,1
569,1,0.00298943,1
569,0,0.00305505,1
347,1,0.00312295,1
347,0,0.00769143,1
346,1,0.00264853,1
346,0,0.00184229,1
298,1,0.00282608,1
298,0,0.00197895,1
463_BRANCH0_500,1,0.00294541,1
463_BRANCH0_500,0,0.00292615,1
345,1,0.0065894,1
345,0,0.00341175,1
528,1,0.00895247,1
528,0,0.00390572,1
344,1,0.00621307,1
344,0,0.00194949,1
1_BRANCH0_280,1,0.00636859,1
1_BRANCH0_280,0,0.00622453,1
343,1,0.00636239,1
343,0,0.0044224,1
811,1,0.00344839,1
811,0,0.00226956,1
348,1,0.00299036,1
348,0,0.00902849,1
228_BRANCH0_736,1,0.00573373,1
228_BRANCH0_736,0,0.00428294,1
544,1,0.00301986,1
544,0,0.00301296,1
340,1,0.00332396,1
340,0,0.00402952,1
466_BRANCH0_513,1,0.00322615,1
466_BRANCH0_513,0,0.00352826,1
673_BRANCH0_833,1,0.00474759,1
673_BRANCH0_833,0,0.00384294,1
768,1,0.00272764,1
768,0,0.0027297,1
339,1,0.00324485,1
339,0,0.00415647,1
809,1,0.00311063,1
809,0,0.00417542,1
337,1,0.00359366,1
337,0,0.00403149,1
336,1,0.00354885,1
336,0,0.00407058,1
334,1,0.00343675,1
334,0,0.00404392,1
777,1,0.00385898,1
777,0,0.002918,1
519,1,0.00398009,1
519,0,0.00293639,1
379_BRANCH0_413,1,0.00408742,1
379_BRANCH0_413,0,0.00398902,1
333,1,0.00289924,1
333,0,0.00432038,1
332,1,0.00312253,1
332,0,0.00435973,1
437_BRANCH0_491,1,0.00821213,1
437_BRANCH0_491,0,0.00421498,1
733,1,0.00362393,1
733,0,0.00341655,1
331,1,0.00429531,1
331,0,0.00389199,1
328,1,0.00416254,1
328,0,0.00373695,1
382,1,0.00389383,1
382,0,0.00392727,1
237_BRANCH0_737,1,0.00508797,1
237_BRANCH0_737,0,0.00394405,1
788,1,0.00339347,1
788,0,0.00317594,1
330,1,0.00402273,1
330,0,0.00362381,1
537,1,0.0037901,1
537,0,0.00368088,1
326,1,0.00425998,1
326,0,0.00395212,1
619_BRANCH0_814,1,0.00379764,1
619_BRANCH0_814,0,0.00405709,1
526,1,0.00323231,1
526,0,0.00893381,1
261_BRANCH0_733,1,0.00618348,1
261_BRANCH0_733,0,0.0050453,1
520,1,0.00304549,1
520,0,0.00285599,1
322,1,0.00586666,1
322,0,0.00893387,1
600_BRANCH0_765,1,0.00446599,1
600_BRANCH0_765,0,0.00410722,1
319,1,0.00735234,1
319,0,0.00490228,1
318,1,0.00354594,1
318,0,0.00404656,1
317,1,0.00356377,1
317,0,0.0042854,1
748,1,0.0030213,1
748,0,0.00414649,1
310,1,0.00447735,1
310,0,0.0045593,1
310_BRANCH0_478,1,0.00829768,1
310_BRANCH0_478,0,0.00905514,1
219_BRANCH0_851,1,0.00570214,1
219_BRANCH0_851,0,0.00521615,1
651_BRANCH0_722,1,0.00297021,1
651_BRANCH0_722,0,0.00403159,1
385_BRANCH0_415,1,0.00414408,1
385_BRANCH0_415,0,0.00403612,1
682,1,0.00297953,1
682,0,0.00416118,1
466_BRANCH0_511,1,0.00321357,1
466_BRANCH0_511,0,0.0035458,1
89,1,0.00180458,1
89,0,0.00183049,1
293,1,0.00128692,1
293,0,0.0027052,1
309,1,0.00323815,1
309,0,0.00413051,1
68_BRANCH0_286,1,0.00608913,1
68_BRANCH0_286,0,0.00648458,1
418,1,0.00161926,1
418,0,0.00327429,1
195_BRANCH0_528,1,0.00869727,1
195_BRANCH0_528,0,0.0102365,1
393,1,0.00442569,1
393,0,0.00682776,1
17_BRANCH0_443,1,0.0081046,1
17_BRANCH0_443,0,0.00776153,1
307,1,0.00416462,1
307,0,0.00351436,1
644_BRANCH0_734,1,0.00350437,1
644_BRANCH0_734,0,0.00397045,1
432,1,0.00397356,1
432,0,0.00796135,1
306,1,0.0049176,1
306,0,0.00360328,1
268,1,0.00440917,1
268,0,0.00464413,1
305,1,0.00398262,1
305,0,0.00380825,1
793,1,0.00304155,1
793,0,0.00306209,1
482,1,0.00310124,1
482,0,0.00821062,1
538,1,0.00403746,1
538,0,0.0034585,1
360_BRANCH0_405,1,0.00404673,1
360_BRANCH0_405,0,0.00382515,1
581,1,0.00303148,1
581,0,0.00341561,1
303,1,0.00425966,1
303,0,0.00363204,1
408,1,0.00399865,1
408,0,0.00391812,1
557_BRANCH0_597,1,0.0041118,1
557_BRANCH0_597,0,0.00443943,1
310_BRANCH0_480,1,0.00827948,1
310_BRANCH0_480,0,0.00912541,1
432_BRANCH0_476,1,0.00431778,1
432_BRANCH0_476,0,0.0082258,1
451_BRANCH0_524,1,0.00487007,1
451_BRANCH0_524,0,0.008717,1
138,1,0.00451836,1
138,0,0.00417106,1
747,1,0.00455066,1
747,0,0.00347551,1
296,1,0.00128824,1
296,0,0.00256035,1
363_BRANCH0_407,1,0.00396886,1
363_BRANCH0_407,0,0.00374991,1
75_BRANCH0_287,1,0.00846557,1
75_BRANCH0_287,0,0.00919566,1
294,1,0.00488773,1
294,0,0.00871529,1
765,1,0.00428769,1
765,0,0.00330448,1
366,1,0.00367018,1
366,0,0.00368939,1
290,1,0.00114825,1
290,0,0.00247095,1
195_BRANCH0_641,1,0.00444733,1
195_BRANCH0_641,0,0.00446999,1
287_BRANCH0_437,1,0.00503689,1
287_BRANCH0_437,0,0.00805755,1
287_BRANCH0_432,1,0.00566287,1
287_BRANCH0_432,0,0.00838043,1
17_BRANCH0_317,1,0.00495265,1
17_BRANCH0_317,0,0.00421772,1
280,1,0.00650156,1
280,0,0.00290017,1
279,1,0.00745235,1
279,0,0.00324189,1
515,1,0.00319141,1
515,0,0.00586507,1
159_BRANCH0_593,1,0.00386339,1
159_BRANCH0_593,0,0.00462857,1
276,1,0.00130229,1
276,0,0.00278226,1
276_BRANCH0_346,1,0.00107271,1
276_BRANCH0_346,0,0.00259473,1
276_BRANCH0_345,1,0.00301586,1
276_BRANCH0_345,0,0.006829,1
273,1,0.00445421,1
273,0,0.00588462,1
273_BRANCH0_344,1,0.00434751,1
273_BRANCH0_344,0,0.00599269,1
273_BRANCH0_343,1,0.00487573,1
273_BRANCH0_343,0,0.00601187,1
840,1,0.00373218,1
840,0,0.00231423,1
270,1,0.00437968,1
270,0,0.00262374,1
270_BRANCH0_392,1,0.00601959,1
270_BRANCH0_392,0,0.00355258,1
36,1,0.00366125,1
36,0,0.00379973,1
338,1,0.00336633,1
338,0,0.00411773,1
228_BRANCH0_759,1,0.00397548,1
228_BRANCH0_759,0,0.0041906,1
625_BRANCH0_700,1,0.00348318,1
625_BRANCH0_700,0,0.0032986,1
269,1,0.0033886,1
269,0,0.00195255,1
195_BRANCH0_331,1,0.00401472,1
195_BRANCH0_331,0,0.00425941,1
448,1,0.0019917,1
448,0,0.0050122,1
357_BRANCH0_404,1,0.00422694,1
357_BRANCH0_404,0,0.0039826,1
319_BRANCH0_427,1,0.00720144,1
319_BRANCH0_427,0,0.00607033,1
261_BRANCH0_758,1,0.00392672,1
261_BRANCH0_758,0,0.00416517,1
466_BRANCH0_502,1,0.00321302,1
466_BRANCH0_502,0,0.00376367,1
80_BRANCH0_293,1,0.00297794,1
80_BRANCH0_293,0,0.00283995,1
302,1,0.00391464,1
302,0,0.00350356,1
261_BRANCH0_734,1,0.00514899,1
261_BRANCH0_734,0,0.00514831,1
530_BRANCH0_550,1,0.00322745,1
530_BRANCH0_550,0,0.0030396,1
815_BRANCH0_841,1,0.00303518,1
815_BRANCH0_841,0,0.00369331,1
516,1,0.00288066,1
516,0,0.0040402,1
261_BRANCH0_732,1,0.00507363,1
261_BRANCH0_732,0,0.00494259,1
401,1,0.00134683,1
401,0,0.00494567,1
260,1,0.00445548,1
260,0,0.00399957,1
255,1,0.00407778,1
255,0,0.00397981,1
116_BRANCH0_513,1,0.00553092,1
116_BRANCH0_513,0,0.00460672,1
483_BRANCH0_512,1,0.00439069,1
483_BRANCH0_512,0,0.00420456,1
101_BRANCH0_303,1,0.00403727,1
101_BRANCH0_303,0,0.00434367,1
149_BRANCH0_479,1,0.00572741,1
149_BRANCH0_479,0,0.00633208,1
287,1,0.00466117,1
287,0,0.00880769,1
165,1,0.00456336,1
165,0,0.0040681,1
116_BRANCH0_306,1,0.00412943,1
116_BRANCH0_306,0,0.00447389,1
121_BRANCH0_307,1,0.00429001,1
121_BRANCH0_307,0,0.00402639,1
640,1,0.00300449,1
640,0,0.00449295,1
143_BRANCH0_510,1,0.00518103,1
143_BRANCH0_510,0,0.00385031,1
376,1,0.0037418,1
376,0,0.00363838,1
376_BRANCH0_411,1,0.00409097,1
376_BRANCH0_411,0,0.00422519,1
111,1,0.00391858,1
111,0,0.00405523,1
616_BRANCH0_687,1,0.00500592,1
616_BRANCH0_687,0,0.00347432,1
490,1,0.00829738,1
490,0,0.00394433,1
106,1,0.00429803,1
106,0,0.00409672,1
261_BRANCH0_757,1,0.00412148,1
261_BRANCH0_757,0,0.00414641,1
156,1,0.00454469,1
156,0,0.00461017,1
88,1,0.00295005,1
88,0,0.00270269,1
101_BRANCH0_334,1,0.0039785,1
101_BRANCH0_334,0,0.00426845,1
324,1,0.00416124,1
324,0,0.0040529,1
323,1,0.00599476,1
323,0,0.00833892,1
480,1,0.00386872,1
480,0,0.00819839,1
619,1,0.0046387,1
619,0,0.00458022,1
853,1,0.00305407,1
853,0,0.00413742,1
138_BRANCH0_309,1,0.00445664,1
138_BRANCH0_309,0,0.00431806,1
237,1,0.0049225,1
237,0,0.00452499,1
561_BRANCH0_606,1,0.00366831,1
561_BRANCH0_606,0,0.00315454,1
96_BRANCH0_333,1,0.00425393,1
96_BRANCH0_333,0,0.00430284,1
451_BRANCH0_529,1,0.00388376,1
451_BRANCH0_529,0,0.00894919,1
755,1,0.00376494,1
755,0,0.00455949,1
116,1,0.00385646,1
116,0,0.0039577,1
463_BRANCH0_501,1,0.00311479,1
463_BRANCH0_501,0,0.00293547,1
177_BRANCH0_327,1,0.00411229,1
177_BRANCH0_327,0,0.00435525,1
17,1,0.00413644,1
17,0,0.00410735,1
369_BRANCH0_490,1,0.0088237,1
369_BRANCH0_490,0,0.0082346,1
36_BRANCH0_292,1,0.00383663,1
36_BRANCH0_292,0,0.00277571,1
195_BRANCH0_644,1,0.00472945,1
195_BRANCH0_644,0,0.00501979,1
717_BRANCH0_754,1,0.0034092,1
717_BRANCH0_754,0,0.00337885,1
388,1,0.00126509,1
388,0,0.00290263,1
171,1,0.0035567,1
171,0,0.00528148,1
740,1,0.00339356,1
740,0,0.00490558,1
210_BRANCH0_417,1,0.00446699,1
210_BRANCH0_417,0,0.00421157,1
86,1,0.00180383,1
86,0,0.00174968,1
451_BRANCH0_523,1,0.00348851,1
451_BRANCH0_523,0,0.00881045,1
846,1,0.00312898,1
846,0,0.00312844,1
85,1,0.00196544,1
85,0,0.0017726,1
593,1,0.00336156,1
593,0,0.00313206,1
466_BRANCH0_515,1,0.00317633,1
466_BRANCH0_515,0,0.00386901,1
80_BRANCH0_291,1,0.00291215,1
80_BRANCH0_291,0,0.00248178,1
495_BRANCH0_520,1,0.00303679,1
495_BRANCH0_520,0,0.00306753,1
665,1,0.00297399,1
665,0,0.0042078,1
285,1,0.00517892,1
285,0,0.00522698,1
8,1,0.00435819,1
8,0,0.00422429,1
29_BRANCH0_287,1,0.00831261,1
29_BRANCH0_287,0,0.00878079,1
369_BRANCH0_488,1,0.00896606,1
369_BRANCH0_488,0,0.00831064,1
171_BRANCH0_326,1,0.00510158,1
171_BRANCH0_326,0,0.00404256,1
17_BRANCH0_323,1,0.0089569,1
17_BRANCH0_323,0,0.00851612,1
327,1,0.00478154,1
327,0,0.00395772,1
644_BRANCH0_763,1,0.00371692,1
644_BRANCH0_763,0,0.0040185,1
75,1,0.00383257,1
75,0,0.00385503,1
106_BRANCH0_303,1,0.0037469,1
106_BRANCH0_303,0,0.00431354,1
228_BRANCH0_739,1,0.00406975,1
228_BRANCH0_739,0,0.00449153,1
59_BRANCH0_284,1,0.00903337,1
59_BRANCH0_284,0,0.00995649,1
138_BRANCH0_318,1,0.00534795,1
138_BRANCH0_318,0,0.00424547,1
68_BRANCH0_284,1,0.00926507,1
68_BRANCH0_284,0,0.00953163,1
156_BRANCH0_319,1,0.00786801,1
156_BRANCH0_319,0,0.0077242,1
59_BRANCH0_442,1,0.00631838,1
59_BRANCH0_442,0,0.00563352,1
59_BRANCH0_319,1,0.00780886,1
59_BRANCH0_319,0,0.00774826,1
665_BRANCH0_831,1,0.00311366,1
665_BRANCH0_831,0,0.0030537,1
101,1,0.00403451,1
101,0,0.00403621,1
1_BRANCH0_269,1,0.00343246,1
1_BRANCH0_269,0,0.00333958,1
237_BRANCH0_760,1,0.00449418,1
237_BRANCH0_760,0,0.00473746,1
246_BRANCH0_640,1,0.00448515,1
246_BRANCH0_640,0,0.00464874,1
827,1,0.00361168,1
827,0,0.00373226,1
524,1,0.00303955,1
524,0,0.00880009,1
59_BRANCH0_296,1,0.00387274,1
59_BRANCH0_296,0,0.00295575,1
351,1,0.00275022,1
351,0,0.00126828,1
106_BRANCH0_335,1,0.00420036,1
106_BRANCH0_335,0,0.00422958,1
17_BRANCH0_279,1,0.00745295,1
17_BRANCH0_279,0,0.00819078,1
59_BRANCH0_294,1,0.00882032,1
59_BRANCH0_294,0,0.00872883,1
237_BRANCH0_743,1,0.00416903,1
237_BRANCH0_743,0,0.00406552,1
159_BRANCH0_522,1,0.00888742,1
159_BRANCH0_522,0,0.00994791,1
557_BRANCH0_605,1,0.00472331,1
557_BRANCH0_605,0,0.00400811,1
393_BRANCH0_432,1,0.00486535,1
393_BRANCH0_432,0,0.008093,1
292,1,0.00254303,1
292,0,0.00272369,1
29_BRANCH0_273,1,0.00635277,1
29_BRANCH0_273,0,0.00630888,1
26,1,0.0027614,1
26,0,0.0027882,1
405,1,0.00380084,1
405,0,0.00387521,1
228_BRANCH0_751,1,0.00397537,1
228_BRANCH0_751,0,0.00416469,1
589,1,0.00285329,1
589,0,0.00302229,1
360,1,0.00365151,1
360,0,0.00349145,1
29_BRANCH0_291,1,0.0030655,1
29_BRANCH0_291,0,0.00279163,1
466_BRANCH0_506,1,0.00295946,1
466_BRANCH0_506,0,0.00363267,1
1_BRANCH0_483,1,0.00403622,1
1_BRANCH0_483,0,0.00411647,1
138_BRANCH0_316,1,0.00470706,1
138_BRANCH0_316,0,0.00455067,1
8_BRANCH0_279,1,0.00768737,1
8_BRANCH0_279,0,0.0081521,1
492,1,0.00318364,1
492,0,0.00297251,1
13_BRANCH0_269,1,0.00327906,1
13_BRANCH0_269,0,0.00348141,1
130_BRANCH0_498,1,0.00395479,1
130_BRANCH0_498,0,0.003934,1
210_BRANCH0_336,1,0.00439681,1
210_BRANCH0_336,0,0.00424397,1
13,1,0.00487706,1
13,0,0.00541953,1
116_BRANCH0_305,1,0.00419102,1
116_BRANCH0_305,0,0.00425293,1
427_BRANCH0_475,1,0.00310956,1
427_BRANCH0_475,0,0.00578186,1
210_BRANCH0_335,1,0.0039746,1
210_BRANCH0_335,0,0.0046038,1
342,1,0.00139436,1
342,0,0.00309392,1
246_BRANCH0_659,1,0.00445016,1
246_BRANCH0_659,0,0.00464533,1
101_BRANCH0_304,1,0.00418331,1
101_BRANCH0_304,0,0.00396257,1
116_BRANCH0_338,1,0.00433555,1
116_BRANCH0_338,0,0.00425766,1
210_BRANCH0_340,1,0.00435424,1
210_BRANCH0_340,0,0.00431557,1
74,1,0.00638695,1
74,0,0.00672807,1
310_BRANCH0_482,1,0.00815855,1
310_BRANCH0_482,0,0.00884415,1
369_BRANCH0_417,1,0.00504931,1
369_BRANCH0_417,0,0.00451361,1
874,1,0.00390305,1
874,0,0.00221441,1
246_BRANCH0_605,1,0.00417329,1
246_BRANCH0_605,0,0.0044254,1
517,1,0.00318679,1
517,0,0.00591689,1
17_BRANCH0_270,1,0.00446115,1
17_BRANCH0_270,0,0.00449907,1
207_BRANCH0_521,1,0.00415292,1
207_BRANCH0_521,0,0.0040818,1
261,1,0.0048506,1
261,0,0.0050385,1
228,1,0.00492778,1
228,0,0.00394834,1
577_BRANCH0_650,1,0.00338287,1
577_BRANCH0_650,0,0.0032458,1
1_BRANCH0_279,1,0.00763547,1
1_BRANCH0_279,0,0.00796686,1
350,1,0.00676219,1
350,0,0.00176537,1
246_BRANCH0_650,1,0.00452184,1
246_BRANCH0_650,0,0.00439645,1
451,1,0.00327354,1
451,0,0.00899878,1
55,1,0.00632396,1
55,0,0.00462881,1
29,1,0.00393458,1
29,0,0.00385107,1
96_BRANCH0_301,1,0.00403626,1
96_BRANCH0_301,0,0.00410104,1
790,1,0.00359218,1
790,0,0.00320339,1
29_BRANCH0_290,1,0.00289835,1
29_BRANCH0_290,0,0.00258707,1
460,1,0.00306208,1
460,0,0.00273924,1
1_BRANCH0_276,1,0.00257087,1
1_BRANCH0_276,0,0.00293183,1
153_BRANCH0_481,1,0.00561785,1
153_BRANCH0_481,0,0.00609878,1
75_BRANCH0_293,1,0.00317928,1
75_BRANCH0_293,0,0.00299547,1
75_BRANCH0_290,1,0.00269178,1
75_BRANCH0_290,0,0.00287004,1
785,1,0.00388816,1
785,0,0.00300311,1
195,1,0.00465012,1
195,0,0.00495742,1
72,1,0.00926175,1
72,0,0.0105774,1
91_BRANCH0_302,1,0.00429827,1
91_BRANCH0_302,0,0.00402823,1
721,1,0.00299379,1
721,0,0.00348747,1
341,1,0.00342596,1
341,0,0.00437627,1
26_BRANCH0_276,1,0.0026277,1
26_BRANCH0_276,0,0.00262589,1
210,1,0.00364404,1
210,0,0.00393614,1
669,1,0.00395026,1
669,0,0.00328208,1
509,1,0.00345778,1
509,0,0.00312943,1
590,1,0.00292798,1
590,0,0.00326195,1
13_BRANCH0_270,1,0.00418797,1
13_BRANCH0_270,0,0.0045432,1
126_BRANCH0_307,1,0.00419799,1
126_BRANCH0_307,0,0.00418399,1
59_BRANCH0_293,1,0.0028852,1
59_BRANCH0_293,0,0.00283077,1
280_BRANCH0_350,1,0.00611376,1
280_BRANCH0_350,0,0.00392099,1
727_BRANCH0_757,1,0.0032148,1
727_BRANCH0_757,0,0.00334261,1
871,1,0.00232128,1
871,0,0.00310727,1
201_BRANCH0_330,1,0.00419918,1
201_BRANCH0_330,0,0.00414754,1
237_BRANCH0_752,1,0.00467984,1
237_BRANCH0_752,0,0.00421011,1
36_BRANCH0_291,1,0.00289105,1
36_BRANCH0_291,0,0.00249871,1
751,1,0.00304766,1
751,0,0.00425904,1
761,1,0.00281085,1
761,0,0.00320699,1
80_BRANCH0_295,1,0.00313848,1
80_BRANCH0_295,0,0.00286624,1
654_BRANCH0_733,1,0.00343212,1
654_BRANCH0_733,0,0.00315908,1
295,1,0.00143054,1
295,0,0.0026263,1
36_BRANCH0_296,1,0.00305312,1
36_BRANCH0_296,0,0.002699,1
156_BRANCH0_442,1,0.00536329,1
156_BRANCH0_442,0,0.00601732,1
654,1,0.00376411,1
654,0,0.00350229,1
1_BRANCH0_270,1,0.0046797,1
1_BRANCH0_270,0,0.0046423,1
527,1,0.00903209,1
527,0,0.00405177,1
739,1,0.00312074,1
739,0,0.00394677,1
201_BRANCH0_529,1,0.00915115,1
201_BRANCH0_529,0,0.010046,1
400,1,0.00389282,1
400,0,0.00877831,1
210_BRANCH0_333,1,0.0051933,1
210_BRANCH0_333,0,0.00412436,1
121_BRANCH0_308,1,0.00432768,1
121_BRANCH0_308,0,0.00434586,1
59,1,0.00399095,1
59,0,0.00373068,1
460_BRANCH0_499,1,0.00276915,1
460_BRANCH0_499,0,0.00316085,1
825,1,0.00272008,1
825,0,0.00437695,1
80_BRANCH0_287,1,0.00862317,1
80_BRANCH0_287,0,0.00862025,1
8_BRANCH0_280,1,0.00672161,1
8_BRANCH0_280,0,0.00645574,1
36_BRANCH0_295,1,0.00311358,1
36_BRANCH0_295,0,0.00276105,1
42_BRANCH0_284,1,0.00878344,1
42_BRANCH0_284,0,0.0100326,1
413,1,0.00356996,1
413,0,0.00418804,1
606_BRANCH0_678,1,0.00450939,1
606_BRANCH0_678,0,0.00333528,1
737,1,0.00293904,1
737,0,0.00454986,1
393_BRANCH0_442,1,0.00319642,1
393_BRANCH0_442,0,0.00788796,1
26_BRANCH0_270,1,0.00450331,1
26_BRANCH0_270,0,0.00468571,1
316,1,0.00368302,1
316,0,0.00427344,1
126_BRANCH0_308,1,0.00420518,1
126_BRANCH0_308,0,0.00405786,1
466_BRANCH0_504,1,0.00326262,1
466_BRANCH0_504,0,0.00333467,1
42_BRANCH0_322,1,0.00860124,1
42_BRANCH0_322,0,0.00906634,1
366_BRANCH0_409,1,0.0044872,1
366_BRANCH0_409,0,0.00412073,1
177_BRANCH0_619,1,0.00414003,1
177_BRANCH0_619,0,0.00429879,1
451_BRANCH0_525,1,0.0038387,1
451_BRANCH0_525,0,0.00893614,1
329,1,0.00515569,1
329,0,0.00399765,1
246_BRANCH0_624,1,0.0049226,1
246_BRANCH0_624,0,0.00510955,1
391,1,0.00133695,1
391,0,0.00158229,1
42_BRANCH0_323,1,0.00809259,1
42_BRANCH0_323,0,0.0099072,1
291,1,0.00222231,1
291,0,0.00302038,1
153,1,0.00373138,1
153,0,0.00427442,1
810,1,0.00296362,1
810,0,0.00423619,1
55_BRANCH0_437,1,0.00882299,1
55_BRANCH0_437,0,0.00845306,1
841,1,0.00420043,1
841,0,0.00315252,1
416,1,0.00302507,1
416,0,0.0043121,1
91,1,0.00381423,1
91,0,0.0042747,1
237_BRANCH0_740,1,0.00562416,1
237_BRANCH0_740,0,0.00509711,1
876,1,0.0034293,1
876,0,0.00231841,1
189_BRANCH0_328,1,0.00417189,1
189_BRANCH0_328,0,0.00406266,1
111_BRANCH0_306,1,0.00455634,1
111_BRANCH0_306,0,0.00410243,1
121_BRANCH0_340,1,0.00413932,1
121_BRANCH0_340,0,0.00430834,1
426,1,0.00300227,1
426,0,0.00399271,1
101_BRANCH0_506,1,0.00541405,1
101_BRANCH0_506,0,0.0058943,1
29_BRANCH0_285,1,0.00532016,1
29_BRANCH0_285,0,0.00545153,1
822_BRANCH0_834,1,0.00309699,1
822_BRANCH0_834,0,0.00356292,1
492_BRANCH0_519,1,0.00313934,1
492_BRANCH0_519,0,0.00299509,1
126_BRANCH0_517,1,0.00587897,1
126_BRANCH0_517,0,0.0058183,1
705_BRANCH0_750,1,0.00328131,1
705_BRANCH0_750,0,0.00461073,1
29_BRANCH0_292,1,0.00302937,1
29_BRANCH0_292,0,0.00286469,1
96,1,0.00385056,1
96,0,0.00399381,1
159_BRANCH0_324,1,0.00433595,1
159_BRANCH0_324,0,0.00421612,1
399,1,0.00221282,1
399,0,0.0028637,1
36_BRANCH0_273,1,0.00618922,1
36_BRANCH0_273,0,0.00683435,1
42,1,0.0041341,1
42,0,0.00306167,1
522,1,0.0030876,1
522,0,0.00901477,1
360_BRANCH0_406,1,0.00501295,1
360_BRANCH0_406,0,0.00411336,1
644_BRANCH0_717,1,0.00296621,1
644_BRANCH0_717,0,0.00358406,1
96_BRANCH0_504,1,0.00585226,1
96_BRANCH0_504,0,0.00586511,1
210_BRANCH0_338,1,0.00430002,1
210_BRANCH0_338,0,0.00426789,1
111_BRANCH0_336,1,0.00432802,1
111_BRANCH0_336,0,0.00440029,1
750,1,0.00351456,1
750,0,0.00337275,1
68,1,0.00414456,1
68,0,0.0040762,1
369_BRANCH0_491,1,0.00884979,1
369_BRANCH0_491,0,0.00852728,1
335,1,0.00400381,1
335,0,0.00415664,1
59_BRANCH0_295,1,0.00330743,1
59_BRANCH0_295,0,0.00276776,1
8_BRANCH0_309,1,0.00401938,1
8_BRANCH0_309,0,0.00435961,1
593_BRANCH0_841,1,0.0033054,1
593_BRANCH0_841,0,0.00305954,1
42_BRANCH0_273,1,0.00602378,1
42_BRANCH0_273,0,0.00657003,1
246_BRANCH0_596,1,0.00495961,1
246_BRANCH0_596,0,0.00505944,1
717_BRANCH0_792,1,0.0032215,1
717_BRANCH0_792,0,0.00319079,1
201,1,0.00458302,1
201,0,0.00437664,1
850,1,0.00354806,1
850,0,0.00306296,1
96_BRANCH0_302,1,0.00411813,1
96_BRANCH0_302,0,0.00470742,1
165_BRANCH0_523,1,0.00902943,1
165_BRANCH0_523,0,0.00973158,1
533_BRANCH0_552,1,0.00408871,1
533_BRANCH0_552,0,0.00310655,1
138_BRANCH0_317,1,0.00410717,1
138_BRANCH0_317,0,0.00453201,1
451_BRANCH0_527,1,0.00347676,1
451_BRANCH0_527,0,0.00911207,1
536,1,0.00529147,1
536,0,0.00369239,1
111_BRANCH0_511,1,0.00563267,1
111_BRANCH0_511,0,0.00598942,1
544_BRANCH0_585,1,0.00316336,1
544_BRANCH0_585,0,0.00306298,1
183_BRANCH0_628,1,0.00488095,1
183_BRANCH0_628,0,0.00560184,1
259,1,0.00441962,1
259,0,0.004425,1
705,1,0.00319593,1
705,0,0.00364849,1
836,1,0.00294386,1
836,0,0.00504503,1
51_BRANCH0_276,1,0.00324251,1
51_BRANCH0_276,0,0.00284064,1
17_BRANCH0_322,1,0.00845313,1
17_BRANCH0_322,0,0.00903754,1
91_BRANCH0_332,1,0.00522112,1
91_BRANCH0_332,0,0.00446409,1
310_BRANCH0_476,1,0.00840978,1
310_BRANCH0_476,0,0.00864008,1
106_BRANCH0_304,1,0.00460943,1
106_BRANCH0_304,0,0.00426638,1
475,1,0.00327509,1
475,0,0.00572918,1
59_BRANCH0_286,1,0.00621958,1
59_BRANCH0_286,0,0.00697305,1
17_BRANCH0_269,1,0.00339745,1
17_BRANCH0_269,0,0.00355368,1
727_BRANCH0_758,1,0.00319297,1
727_BRANCH0_758,0,0.00313799,1
55_BRANCH0_280,1,0.00663883,1
55_BRANCH0_280,0,0.00640657,1
87,1,0.00388065,1
87,0,0.00304279,1
769,1,0.00344397,1
769,0,0.00328009,1
143_BRANCH0_475,1,0.00570532,1
143_BRANCH0_475,0,0.00559427,1
845,1,0.00328339,1
845,0,0.00359695,1
51_BRANCH0_279,1,0.00777451,1
51_BRANCH0_279,0,0.00785396,1
146_BRANCH0_477,1,0.00587539,1
146_BRANCH0_477,0,0.00604637,1
165_BRANCH0_325,1,0.00419649,1
165_BRANCH0_325,0,0.00433524,1
246_BRANCH0_615,1,0.00425237,1
246_BRANCH0_615,0,0.00417055,1
55_BRANCH0_427,1,0.00623756,1
55_BRANCH0_427,0,0.00547508,1
183_BRANCH0_625,1,0.00471307,1
183_BRANCH0_625,0,0.00478124,1
42_BRANCH0_290,1,0.00330497,1
42_BRANCH0_290,0,0.00294316,1
255_BRANCH0_341,1,0.00398681,1
255_BRANCH0_341,0,0.00435347,1
42_BRANCH0_296,1,0.00307414,1
42_BRANCH0_296,0,0.00296757,1
375,1,0.00616118,1
375,0,0.00676483,1
51_BRANCH0_316,1,0.00442041,1
51_BRANCH0_316,0,0.00427666,1
662_BRANCH0_735,1,0.00315385,1
662_BRANCH0_735,0,0.0038064,1
130_BRANCH0_518,1,0.00432948,1
130_BRANCH0_518,0,0.00388452,1
126,1,0.00432754,1
126,0,0.00428673,1
771,1,0.00422004,1
771,0,0.00320076,1
782_BRANCH0_793,1,0.00324663,1
782_BRANCH0_793,0,0.00327875,1
369_BRANCH0_489,1,0.00848555,1
369_BRANCH0_489,0,0.00802142,1
708_BRANCH0_791,1,0.00426491,1
708_BRANCH0_791,0,0.0034663,1
228_BRANCH0_754,1,0.00424058,1
228_BRANCH0_754,0,0.0039549,1
130_BRANCH0_519,1,0.00439279,1
130_BRANCH0_519,0,0.00395996,1
130,1,0.00406304,1
130,0,0.00407718,1
670_BRANCH0_740,1,0.00319559,1
670_BRANCH0_740,0,0.00423843,1
146_BRANCH0_512,1,0.00416777,1
146_BRANCH0_512,0,0.00422526,1
149_BRANCH0_514,1,0.00417882,1
149_BRANCH0_514,0,0.00431111,1
149,1,0.00513035,1
149,0,0.00419055,1
219_BRANCH0_809,1,0.00427515,1
219_BRANCH0_809,0,0.00406091,1
587,1,0.00316694,1
587,0,0.00300014,1
135_BRANCH0_500,1,0.00384902,1
135_BRANCH0_500,0,0.00385146,1
152,1,0.00419414,1
152,0,0.00425114,1
153_BRANCH0_516,1,0.00423811,1
153_BRANCH0_516,0,0.00415565,1
393_BRANCH0_427,1,0.00411543,1
393_BRANCH0_427,0,0.00756701,1
847,1,0.00259593,1
847,0,0.00358116,1
864,1,0.00326889,1
864,0,0.00328757,1
68_BRANCH0_285,1,0.00495222,1
68_BRANCH0_285,0,0.00560662,1
159_BRANCH0_325,1,0.00404627,1
159_BRANCH0_325,0,0.00425969,1
712,1,0.00358973,1
712,0,0.00357576,1
159_BRANCH0_590,1,0.00425787,1
159_BRANCH0_590,0,0.00506234,1
813,1,0.00426342,1
813,0,0.00340361,1
246_BRANCH0_631,1,0.00439904,1
246_BRANCH0_631,0,0.00482927,1
284,1,0.00924198,1
284,0,0.00457383,1
159,1,0.00431958,1
159,0,0.00440388,1
508,1,0.00373351,1
508,0,0.00577469,1
165_BRANCH0_324,1,0.00424375,1
165_BRANCH0_324,0,0.00438519,1
91_BRANCH0_502,1,0.00606638,1
91_BRANCH0_502,0,0.0058671,1
228_BRANCH0_742,1,0.00435002,1
228_BRANCH0_742,0,0.00506553,1
791,1,0.00342523,1
791,0,0.00326277,1
219_BRANCH0_808,1,0.0043169,1
219_BRANCH0_808,0,0.00423741,1
832,1,0.00332449,1
832,0,0.00362228,1
165_BRANCH0_597,1,0.00453383,1
165_BRANCH0_597,0,0.0043361,1
121_BRANCH0_515,1,0.00587128,1
121_BRANCH0_515,0,0.00606787,1
8_BRANCH0_269,1,0.00361807,1
8_BRANCH0_269,0,0.00336652,1
165_BRANCH0_600,1,0.00402459,1
165_BRANCH0_600,0,0.00412538,1
815,1,0.00322632,1
815,0,0.00402524,1
171_BRANCH0_327,1,0.00437137,1
171_BRANCH0_327,0,0.00437042,1
500,1,0.00297988,1
500,0,0.00308364,1
171_BRANCH0_609,1,0.00426155,1
171_BRANCH0_609,0,0.00469787,1
183_BRANCH0_328,1,0.0045364,1
183_BRANCH0_328,0,0.00442034,1
304,1,0.00446592,1
304,0,0.00380418,1
143,1,0.00416356,1
143,0,0.00417776,1
177_BRANCH0_326,1,0.00436088,1
177_BRANCH0_326,0,0.00442418,1
577,1,0.00342002,1
577,0,0.0032585,1
848,1,0.00243755,1
848,0,0.00324137,1
177_BRANCH0_616,1,0.00519634,1
177_BRANCH0_616,0,0.00500668,1
73,1,0.00941967,1
73,0,0.0105903,1
177,1,0.00518563,1
177,0,0.00555699,1
255_BRANCH0_339,1,0.00429649,1
255_BRANCH0_339,0,0.0043445,1
506,1,0.0035491,1
506,0,0.00496018,1
130_BRANCH0_499,1,0.00388287,1
130_BRANCH0_499,0,0.00386312,1
183_BRANCH0_329,1,0.00401389,1
183_BRANCH0_329,0,0.0043769,1
826,1,0.00327165,1
826,0,0.00342383,1
533,1,0.00278039,1
533,0,0.00301283,1
763,1,0.00346552,1
763,0,0.00344758,1
872,1,0.00237687,1
872,0,0.00343384,1
183,1,0.00491334,1
183,0,0.00510932,1
189_BRANCH0_329,1,0.00437973,1
189_BRANCH0_329,0,0.00418897,1
606,1,0.00461885,1
606,0,0.00308374,1
731,1,0.00329129,1
731,0,0.00329619,1
280_BRANCH0_349,1,0.00531273,1
280_BRANCH0_349,0,0.00394167,1
189_BRANCH0_527,1,0.00907357,1
189_BRANCH0_527,0,0.0104535,1
308,1,0.00439219,1
308,0,0.0037362,1
189,1,0.00423193,1
189,0,0.00455621,1
822_BRANCH0_835,1,0.00350182,1
822_BRANCH0_835,0,0.0041172,1
195_BRANCH0_330,1,0.00421748,1
195_BRANCH0_330,0,0.0044067,1
219_BRANCH0_810,1,0.00434536,1
219_BRANCH0_810,0,0.00427228,1
201_BRANCH0_331,1,0.00427573,1
201_BRANCH0_331,0,0.00461756,1
565_BRANCH0_624,1,0.00346353,1
565_BRANCH0_624,0,0.00291403,1
807,1,0.00321117,1
807,0,0.0047703,1
201_BRANCH0_651,1,0.00480516,1
201_BRANCH0_651,0,0.00473563,1
540,1,0.00401209,1
540,0,0.00316567,1
106_BRANCH0_508,1,0.00563741,1
106_BRANCH0_508,0,0.00575337,1
207,1,0.00416972,1
207,0,0.00433525,1
75_BRANCH0_294,1,0.00840327,1
75_BRANCH0_294,0,0.00901971,1
210_BRANCH0_332,1,0.00524123,1
210_BRANCH0_332,0,0.00426883,1
382_BRANCH0_414,1,0.00384458,1
382_BRANCH0_414,0,0.0044072,1
678_BRANCH0_765,1,0.00278647,1
678_BRANCH0_765,0,0.00456659,1
796_BRANCH0_806,1,0.00299294,1
796_BRANCH0_806,0,0.00326234,1
210_BRANCH0_334,1,0.00431685,1
210_BRANCH0_334,0,0.00429076,1
280_BRANCH0_348,1,0.00948295,1
280_BRANCH0_348,0,0.00517451,1
42_BRANCH0_292,1,0.00312237,1
42_BRANCH0_292,0,0.0023324,1
219_BRANCH0_836,1,0.00501484,1
219_BRANCH0_836,0,0.00522522,1
219_BRANCH0_853,1,0.00433703,1
219_BRANCH0_853,0,0.00539671,1
857,1,0.00350234,1
857,0,0.00325223,1
477,1,0.00310581,1
477,0,0.00586723,1
171_BRANCH0_524,1,0.00914641,1
171_BRANCH0_524,0,0.0103267,1
219,1,0.00548258,1
219,0,0.00412243,1
778_BRANCH0_791,1,0.00331242,1
778_BRANCH0_791,0,0.00335756,1
228_BRANCH0_745,1,0.00526091,1
228_BRANCH0_745,0,0.00378629,1
228_BRANCH0_748,1,0.00419348,1
228_BRANCH0_748,0,0.00383667,1
237_BRANCH0_746,1,0.00535454,1
237_BRANCH0_746,0,0.00503677,1
415,1,0.00383464,1
415,0,0.00440205,1
91_BRANCH0_301,1,0.00412907,1
91_BRANCH0_301,0,0.00453908,1
237_BRANCH0_755,1,0.00449471,1
237_BRANCH0_755,0,0.00478929,1
42_BRANCH0_294,1,0.00835557,1
42_BRANCH0_294,0,0.00920071,1
246,1,0.00422193,1
246,0,0.00466105,1
463,1,0.00320311,1
463,0,0.00296371,1
700_BRANCH0_748,1,0.00297131,1
700_BRANCH0_748,0,0.00308602,1
355,1,0.00199067,1
355,0,0.00120618,1
255_BRANCH0_337,1,0.00374126,1
255_BRANCH0_337,0,0.0044753,1
713_BRANCH0_753,1,0.00353668,1
713_BRANCH0_753,0,0.00370446,1
542,1,0.00368118,1
542,0,0.00298979,1
544_BRANCH0_587,1,0.00320366,1
544_BRANCH0_587,0,0.00307936,1
547_BRANCH0_586,1,0.00312752,1
547_BRANCH0_586,0,0.00320729,1
856,1,0.00341317,1
856,0,0.00245277,1
547_BRANCH0_587,1,0.00304946,1
547_BRANCH0_587,0,0.00313782,1
547,1,0.00306294,1
547,0,0.0030094,1
550,1,0.0031148,1
550,0,0.00305037,1
569_BRANCH0_625,1,0.00326926,1
569_BRANCH0_625,0,0.00440593,1
792,1,0.00384243,1
792,0,0.00304086,1
551,1,0.00317779,1
551,0,0.00309278,1
552,1,0.00302917,1
552,0,0.00303693,1
553_BRANCH0_590,1,0.00382912,1
553_BRANCH0_590,0,0.00466878,1
553_BRANCH0_593,1,0.00374631,1
553_BRANCH0_593,0,0.00313295,1
553,1,0.00359615,1
553,0,0.00321795,1
557_BRANCH0_600,1,0.00469443,1
557_BRANCH0_600,0,0.00468168,1
557,1,0.00440236,1
557,0,0.00496587,1
561_BRANCH0_609,1,0.0046693,1
561_BRANCH0_609,0,0.00511219,1
561_BRANCH0_615,1,0.00341387,1
561_BRANCH0_615,0,0.00298008,1
837,1,0.00384958,1
837,0,0.00247377,1
561,1,0.00336114,1
561,0,0.00305538,1
565_BRANCH0_616,1,0.00378029,1
565_BRANCH0_616,0,0.00447372,1
593_BRANCH0_665,1,0.00409421,1
593_BRANCH0_665,0,0.0029761,1
565_BRANCH0_619,1,0.00399945,1
565_BRANCH0_619,0,0.00526392,1
565,1,0.00338035,1
565,0,0.00327312,1
569_BRANCH0_628,1,0.00333213,1
569_BRANCH0_628,0,0.0034719,1
569_BRANCH0_631,1,0.0034537,1
569_BRANCH0_631,0,0.00352908,1
717_BRANCH0_793,1,0.0032562,1
717_BRANCH0_793,0,0.00333195,1
573_BRANCH0_632,1,0.00335398,1
573_BRANCH0_632,0,0.00345287,1
573_BRANCH0_635,1,0.00393714,1
573_BRANCH0_635,0,0.00337647,1
573_BRANCH0_640,1,0.00339533,1
573_BRANCH0_640,0,0.00332151,1
628,1,0.00420804,1
628,0,0.00339517,1
717,1,0.00328573,1
717,0,0.00374629,1
760,1,0.00322011,1
760,0,0.00484499,1
573,1,0.00296293,1
573,0,0.00333564,1
682_BRANCH0_742,1,0.0032243,1
682_BRANCH0_742,0,0.0028992,1
577_BRANCH0_641,1,0.00402817,1
577_BRANCH0_641,0,0.00449586,1
581_BRANCH0_651,1,0.00331469,1
581_BRANCH0_651,0,0.00486865,1
581_BRANCH0_654,1,0.00313546,1
581_BRANCH0_654,0,0.00309868,1
660,1,0.00311665,1
660,0,0.00305788,1
581_BRANCH0_659,1,0.00329086,1
581_BRANCH0_659,0,0.00358209,1
585,1,0.00313777,1
585,0,0.00299071,1
586,1,0.00318055,1
586,0,0.00322848,1
588,1,0.00304996,1
588,0,0.0030447,1
590_BRANCH0_662,1,0.00305206,1
590_BRANCH0_662,0,0.00319427,1
590_BRANCH0_665,1,0.00410026,1
590_BRANCH0_665,0,0.00334279,1
619_BRANCH0_812,1,0.00410354,1
619_BRANCH0_812,0,0.00447724,1
596,1,0.00308479,1
596,0,0.00532996,1
597_BRANCH0_670,1,0.00412922,1
597_BRANCH0_670,0,0.00341113,1
735,1,0.00412936,1
735,0,0.00336643,1
597_BRANCH0_673,1,0.00464045,1
597_BRANCH0_673,0,0.00421268,1
597,1,0.0041101,1
597,0,0.00337237,1
600_BRANCH0_766,1,0.00447381,1
600_BRANCH0_766,0,0.00399709,1
665_BRANCH0_736,1,0.00309385,1
665_BRANCH0_736,0,0.00405537,1
708_BRANCH0_790,1,0.00331278,1
708_BRANCH0_790,0,0.00325013,1
600_BRANCH0_814,1,0.00437384,1
600_BRANCH0_814,0,0.00453272,1
600,1,0.00404401,1
600,0,0.00453826,1
697_BRANCH0_749,1,0.00338905,1
697_BRANCH0_749,0,0.00335701,1
605,1,0.00310216,1
605,0,0.00418739,1
606_BRANCH0_682,1,0.00329245,1
606_BRANCH0_682,0,0.00331383,1
609_BRANCH0_682,1,0.00365504,1
609_BRANCH0_682,0,0.0042152,1
794,1,0.00339697,1
794,0,0.00412926,1
609_BRANCH0_764,1,0.00415161,1
609_BRANCH0_764,0,0.00438591,1
609_BRANCH0_766,1,0.00422267,1
609_BRANCH0_766,0,0.00410326,1
670_BRANCH0_738,1,0.00347365,1
670_BRANCH0_738,0,0.00403564,1
834,1,0.0033305,1
834,0,0.00332962,1
609_BRANCH0_813,1,0.00474237,1
609_BRANCH0_813,0,0.00453267,1
609_BRANCH0_814,1,0.00473738,1
609_BRANCH0_814,0,0.00438209,1
631,1,0.00335318,1
631,0,0.0046564,1
819,1,0.00312698,1
819,0,0.002901,1
862,1,0.0025188,1
862,0,0.00364586,1
609,1,0.00452094,1
609,0,0.004003,1
615,1,0.00348572,1
615,0,0.00422469,1
616_BRANCH0_692,1,0.00326055,1
616_BRANCH0_692,0,0.00316799,1
766,1,0.00404777,1
766,0,0.00305947,1
616,1,0.00318009,1
616,0,0.00318138,1
844,1,0.00336358,1
844,0,0.00366164,1
619_BRANCH0_692,1,0.00387276,1
619_BRANCH0_692,0,0.00343942,1
866,1,0.00330396,1
866,0,0.00299178,1
619_BRANCH0_813,1,0.00397438,1
619_BRANCH0_813,0,0.00397407,1
624,1,0.0035571,1
624,0,0.0048917,1
625_BRANCH0_697,1,0.00355282,1
625_BRANCH0_697,0,0.00324823,1
625,1,0.00329498,1
625,0,0.00323199,1
628_BRANCH0_700,1,0.00340149,1
628_BRANCH0_700,0,0.00397161,1
628_BRANCH0_795,1,0.00368628,1
628_BRANCH0_795,0,0.00351296,1
632_BRANCH0_705,1,0.00335221,1
632_BRANCH0_705,0,0.00335781,1
641_BRANCH0_717,1,0.00347096,1
641_BRANCH0_717,0,0.00294535,1
635_BRANCH0_708,1,0.00335947,1
635_BRANCH0_708,0,0.00367927,1
635_BRANCH0_734,1,0.00416714,1
635_BRANCH0_734,0,0.00322324,1
773_BRANCH0_795,1,0.00389988,1
773_BRANCH0_795,0,0.00423912,1
635_BRANCH0_762,1,0.00354233,1
635_BRANCH0_762,0,0.00406412,1
635_BRANCH0_763,1,0.00389121,1
635_BRANCH0_763,0,0.00392292,1
635,1,0.00364391,1
635,0,0.0034423,1
641_BRANCH0_713,1,0.00454176,1
641_BRANCH0_713,0,0.00449299,1
641,1,0.00358296,1
641,0,0.0032531,1
822,1,0.00319608,1
822,0,0.00320237,1
644,1,0.00356741,1
644,0,0.00341592,1
650,1,0.00297452,1
650,0,0.00465947,1
651_BRANCH0_727,1,0.00335514,1
651_BRANCH0_727,0,0.00338153,1
651,1,0.00338174,1
651,0,0.00348872,1
654_BRANCH0_732,1,0.00332941,1
654_BRANCH0_732,0,0.0036688,1
654_BRANCH0_734,1,0.00375631,1
654_BRANCH0_734,0,0.00418667,1
659,1,0.00317172,1
659,0,0.00462421,1
661,1,0.00334086,1
661,0,0.00289633,1
662_BRANCH0_737,1,0.00325114,1
662_BRANCH0_737,0,0.00309234,1
819_BRANCH0_833,1,0.00335942,1
819_BRANCH0_833,0,0.00270604,1
662,1,0.00332025,1
662,0,0.00402459,1
670,1,0.00323873,1
670,0,0.00514213,1
673_BRANCH0_739,1,0.00434979,1
673_BRANCH0_739,0,0.00395895,1
673_BRANCH0_832,1,0.00329075,1
673_BRANCH0_832,0,0.00351894,1
673,1,0.00412655,1
673,0,0.00419237,1
677,1,0.00364947,1
677,0,0.00313379,1
678_BRANCH0_741,1,0.0033508,1
678_BRANCH0_741,0,0.00412134,1
678_BRANCH0_743,1,0.00339061,1
678_BRANCH0_743,0,0.00315521,1
678,1,0.00322783,1
678,0,0.00452999,1
682_BRANCH0_835,1,0.00308837,1
682_BRANCH0_835,0,0.00428782,1
686,1,0.00397687,1
686,0,0.00326456,1
852,1,0.00301667,1
852,0,0.00408759,1
687_BRANCH0_744,1,0.00317828,1
687_BRANCH0_744,0,0.00467577,1
687_BRANCH0_746,1,0.0029766,1
687_BRANCH0_746,0,0.003072,1
687_BRANCH0_764,1,0.00311651,1
687_BRANCH0_764,0,0.00463937,1
687,1,0.00469528,1
687,0,0.00493915,1
692_BRANCH0_745,1,0.00342284,1
692_BRANCH0_745,0,0.00288953,1
692_BRANCH0_806,1,0.00320701,1
692_BRANCH0_806,0,0.00414755,1
692_BRANCH0_807,1,0.00339374,1
692_BRANCH0_807,0,0.0047801,1
692,1,0.00396905,1
692,0,0.00380375,1
697_BRANCH0_747,1,0.00320279,1
697_BRANCH0_747,0,0.0034116,1
697,1,0.00319434,1
697,0,0.00320722,1
700_BRANCH0_788,1,0.0033278,1
700_BRANCH0_788,0,0.00323311,1
700_BRANCH0_789,1,0.003414,1
700_BRANCH0_789,0,0.00362174,1
758,1,0.00332986,1
758,0,0.00352358,1
700,1,0.00327596,1
700,0,0.00334849,1
704,1,0.00412043,1
704,0,0.00296199,1
705_BRANCH0_752,1,0.00336324,1
705_BRANCH0_752,0,0.00366096,1
708_BRANCH0_751,1,0.00329843,1
708_BRANCH0_751,0,0.00333682,1
713_BRANCH0_755,1,0.0033903,1
713_BRANCH0_755,0,0.00330613,1
713,1,0.00381895,1
713,0,0.00474548,1
722_BRANCH0_756,1,0.00332581,1
722_BRANCH0_756,0,0.00483659,1
722_BRANCH0_760,1,0.00313687,1
722_BRANCH0_760,0,0.00365377,1
722_BRANCH0_761,1,0.00381123,1
722_BRANCH0_761,0,0.00347102,1
722,1,0.00378561,1
722,0,0.00349098,1
727,1,0.00340297,1
727,0,0.00322717,1
732,1,0.00357817,1
732,0,0.00352017,1
734,1,0.00343772,1
734,0,0.00348102,1
736,1,0.00327325,1
736,0,0.0038432,1
738,1,0.00431687,1
738,0,0.0035905,1
741,1,0.00410202,1
741,0,0.00315949,1
812,1,0.00450513,1
812,0,0.00326774,1
742,1,0.00322707,1
742,0,0.00511375,1
743,1,0.00321188,1
743,0,0.00418402,1
870,1,0.00412026,1
870,0,0.00312415,1
744,1,0.00456937,1
744,0,0.00329506,1
745,1,0.00321389,1
745,0,0.00394757,1
746,1,0.00311724,1
746,0,0.00526823,1
749,1,0.00326377,1
749,0,0.00363825,1
753,1,0.00323886,1
753,0,0.00318133,1
754,1,0.00327104,1
754,0,0.00414162,1
756,1,0.00374,1
756,0,0.00352431,1
757,1,0.00330277,1
757,0,0.0030702,1
759,1,0.00316884,1
759,0,0.00425121,1
762,1,0.00394902,1
762,0,0.00346141,1
764,1,0.00435564,1
764,0,0.00337793,1
767,1,0.0032501,1
767,0,0.00306729,1
772,1,0.0038054,1
772,0,0.00313087,1
773_BRANCH0_788,1,0.00319957,1
773_BRANCH0_788,0,0.00358748,1
808,1,0.00320274,1
808,0,0.00440811,1
773_BRANCH0_789,1,0.00348277,1
773_BRANCH0_789,0,0.00373802,1
789,1,0.0031864,1
789,0,0.00347655,1
879,1,0.00342553,1
879,0,0.00302748,1
778_BRANCH0_790,1,0.00322662,1
778_BRANCH0_790,0,0.00332046,1
778,1,0.00341477,1
778,0,0.003378,1
782_BRANCH0_792,1,0.00339,1
782_BRANCH0_792,0,0.00328662,1
782,1,0.00332807,1
782,0,0.00370976,1
786,1,0.00333016,1
786,0,0.003514,1
787,1,0.00404543,1
787,0,0.00328595,1
795,1,0.00405933,1
795,0,0.00363774,1
796_BRANCH0_807,1,0.00327192,1
796_BRANCH0_807,0,0.00395056,1
796_BRANCH0_812,1,0.00337318,1
796_BRANCH0_812,0,0.00386441,1
796_BRANCH0_813,1,0.00355218,1
796_BRANCH0_813,0,0.00347946,1
796_BRANCH0_814,1,0.00362556,1
796_BRANCH0_814,0,0.00384253,1
796,1,0.00340533,1
796,0,0.00402858,1
802,1,0.00326243,1
802,0,0.00319796,1
803,1,0.00332541,1
803,0,0.00393916,1
804,1,0.00310389,1
804,0,0.00360344,1
805,1,0.00364369,1
805,0,0.00354882,1
806,1,0.00380196,1
806,0,0.0032138,1
815_BRANCH0_830,1,0.00311736,1
815_BRANCH0_830,0,0.00395287,1
815_BRANCH0_831,1,0.00318779,1
815_BRANCH0_831,0,0.00407183,1
819_BRANCH0_832,1,0.00306127,1
819_BRANCH0_832,0,0.00321674,1
829,1,0.00261042,1
829,0,0.00333893,1
830,1,0.0032407,1
830,0,0.00337714,1
831,1,0.00335084,1
831,0,0.00306198,1
833,1,0.003169,1
833,0,0.00397107,1
835,1,0.00318511,1
835,0,0.00327466,1
838,1,0.00349915,1
838,0,0.00253,1
842,1,0.00276008,1
842,0,0.00326931,1
851,1,0.00326994,1
851,0,0.00529425,1
854,1,0.0041331,1
854,0,0.00232142,1
855,1,0.0033487,1
855,0,0.00233969,1
858,1,0.00285863,1
858,0,0.00287966,1
859,1,0.0033459,1
859,0,0.00381598,1
860,1,0.00382077,1
860,0,0.0035959,1
861,1,0.00389853,1
861,0,0.00342501,1
863,1,0.00362059,1
863,0,0.00247916,1
867,1,0.00324856,1
867,0,0.00263574,1
868,1,0.00362446,1
868,0,0.00252836,1
869,1,0.00388998,1
869,0,0.00233992,1
877,1,0.00341502,1
877,0,0.00228464,1
878,1,0.00335078,1
878,0,0.00296136,1
880,1,0.00345363,1
880,0,0.00253993,1
