0.00356971
16_BRANCH0_22,1,0.000130808,1
16_BRANCH0_22,0,0.000115443,1
11,1,0.000106154,1
11,0,0.000109807,1
11_BRANCH0_19,1,8.76e-05,1
11_BRANCH0_19,0,0.000103513,1
11_BRANCH0_16,1,8.5604e-05,1
11_BRANCH0_16,0,0.000129027,1
7,1,0.000110857,1
7,0,9.8656e-05,1
6,1,0.000103885,1
6,0,0.000109428,1
19,1,0.000108442,1
19,0,8.3838e-05,1
3_BRANCH0_11,1,0.000101357,1
3_BRANCH0_11,0,0.000106324,1
16_BRANCH0_23,1,0.000111226,1
16_BRANCH0_23,0,8.2565e-05,1
10,1,0.00010667,1
10,0,8.5147e-05,1
3_BRANCH0_10,1,8.1925e-05,1
3_BRANCH0_10,0,0.000106295,1
2,1,0.000132496,1
2,0,0.000131129,1
3,1,0.000107405,1
3,0,0.000107758,1
16,1,0.000132246,1
16,0,9.4485e-05,1
1,1,0.000108817,1
1,0,0.000108792,1
22,1,8.6367e-05,1
22,0,0.000107343,1
23,1,9.0891e-05,1
23,0,9.7405e-05,1
