0.00346334
16_BRANCH0_22,1,0.000187011,1
16_BRANCH0_22,0,9.1732e-05,1
11,1,0.000136959,1
11,0,0.000127336,1
11_BRANCH0_19,1,8.4712e-05,1
11_BRANCH0_19,0,9.7459e-05,1
11_BRANCH0_16,1,8.0433e-05,1
11_BRANCH0_16,0,8.0816e-05,1
7,1,0.000105365,1
7,0,9.4964e-05,1
6,1,9.8854e-05,1
6,0,9.8947e-05,1
19,1,9.6175e-05,1
19,0,0.000106203,1
3_BRANCH0_11,1,9.8153e-05,1
3_BRANCH0_11,0,9.8463e-05,1
16_BRANCH0_23,1,0.000104696,1
16_BRANCH0_23,0,8.2173e-05,1
10,1,0.000103068,1
10,0,7.8005e-05,1
3_BRANCH0_10,1,7.9807e-05,1
3_BRANCH0_10,0,9.664e-05,1
2,1,0.000128667,1
2,0,0.000124432,1
3,1,9.9737e-05,1
3,0,9.6636e-05,1
16,1,0.000123087,1
16,0,8.3576e-05,1
1,1,0.000103307,1
1,0,0.000100464,1
22,1,0.000103081,1
22,0,0.00010238,1
23,1,8.8063e-05,1
23,0,8.1943e-05,1
