1.53275
m_BRANCH0_q,1,0.031402,1
m_BRANCH0_q,0,0.0312472,0
m_BRANCH0_Z,1,0.0332859,1
m_BRANCH0_Z,0,0.024186,1
d_BRANCH0_X,1,0.0312364,1
d_BRANCH0_X,0,0.0311724,0
d_BRANCH0_r,1,0.0280696,1
d_BRANCH0_r,0,0.0312276,1
X,1,0.031184,0
X,0,0.0311048,1
m_BRANCH0_r,1,0.0312088,1
m_BRANCH0_r,0,0.0311847,1
B,1,0.0312535,1
B,0,0.0312177,1
d,1,0.0312062,1
d,0,0.0312664,1
d_BRANCH0_m,1,0.0315432,1
d_BRANCH0_m,0,0.0344729,1
s_BRANCH0_v,1,0.0312342,0
s_BRANCH0_v,0,0.0312306,1
B_BRANCH0_m,1,0.0311091,0
B_BRANCH0_m,0,0.0312228,1
B_BRANCH0_v,1,0.0311035,0
B_BRANCH0_v,0,0.0312516,1
C,1,0.0313201,1
C,0,0.0408795,1
s_BRANCH0_Y,1,0.0208936,0
s_BRANCH0_Y,0,0.041598,1
B_BRANCH0_d,1,0.0208345,1
B_BRANCH0_d,0,0.0312447,1
A,1,0.0312198,1
A,0,0.0312171,1
m,1,0.031206,1
m,0,0.0310886,1
r_BRANCH0_s,1,0.0312316,1
r_BRANCH0_s,0,0.0312017,0
Y,1,0.0247302,0
Y,0,0.0312192,1
r_BRANCH0_X,1,0.0335031,1
r_BRANCH0_X,0,0.0205281,0
Z,1,0.0312244,1
Z,0,0.0313798,1
r,1,0.0312127,1
r,0,0.028796,0
q,1,0.031199,0
q,0,0.0311865,1
s,1,0.0197412,0
s,0,0.0369987,1
v,1,0.0208828,0
v,0,0.0415938,1
