0.00290915
16_BRANCH0_22,1,0.000189682,1
16_BRANCH0_22,0,6.6915e-05,1
11,1,0.000102327,1
11,0,8.8269e-05,1
11_BRANCH0_19,1,8.2861e-05,1
11_BRANCH0_19,0,7.7438e-05,1
11_BRANCH0_16,1,7.3911e-05,1
11_BRANCH0_16,0,6.2425e-05,1
7,1,8.0822e-05,1
7,0,8.0117e-05,1
6,1,9.9597e-05,1
6,0,9.8766e-05,1
19,1,9.8609e-05,1
19,0,5.968e-05,1
3_BRANCH0_11,1,9.7801e-05,1
3_BRANCH0_11,0,0.000101439,1
16_BRANCH0_23,1,8.4298e-05,1
16_BRANCH0_23,0,9.1924e-05,1
10,1,7.8258e-05,1
10,0,5.8104e-05,1
3_BRANCH0_10,1,7.2227e-05,1
3_BRANCH0_10,0,7.2165e-05,1
2,1,7.4782e-05,1
2,0,7.3323e-05,1
3,1,0.000118164,1
3,0,0.000120137,1
16,1,8.2824e-05,1
16,0,7.6845e-05,1
1,1,7.4078e-05,1
1,0,7.0226e-05,1
22,1,5.9182e-05,1
22,0,6.2641e-05,1
23,1,9.1052e-05,1
23,0,8.8262e-05,1
