0.00330644
16_BRANCH0_22,1,0.000115006,1
16_BRANCH0_22,0,0.000101078,1
11,1,9.3493e-05,1
11,0,0.000113343,1
11_BRANCH0_19,1,8.2198e-05,1
11_BRANCH0_19,0,9.6504e-05,1
11_BRANCH0_16,1,8.0155e-05,1
11_BRANCH0_16,0,0.000121896,1
7,1,0.000103619,1
7,0,9.2139e-05,1
6,1,9.6436e-05,1
6,0,9.6975e-05,1
19,1,0.000101206,1
19,0,7.7991e-05,1
3_BRANCH0_11,1,9.4284e-05,1
3_BRANCH0_11,0,9.8775e-05,1
16_BRANCH0_23,1,0.000103785,1
16_BRANCH0_23,0,7.6845e-05,1
10,1,9.8408e-05,1
10,0,7.847e-05,1
3_BRANCH0_10,1,7.6029e-05,1
3_BRANCH0_10,0,9.8278e-05,1
2,1,0.000123357,1
2,0,0.000121937,1
3,1,9.9351e-05,1
3,0,9.7879e-05,1
16,1,0.000123069,1
16,0,8.7463e-05,1
1,1,0.000101217,1
1,0,0.000100679,1
22,1,7.9874e-05,1
22,0,0.000100182,1
23,1,8.4501e-05,1
23,0,9.002e-05,1
