281.345
254,1,0.00267207,1
254,0,0.00128614,1
415,1,0.00223549,1
415,0,0.00116036,1
250,1,0.00280327,1
250,0,0.0013806,1
341,1,0.00137597,1
341,0,0.00120728,1
247,1,0.00126778,1
247,0,0.00116729,1
236_BRANCH0_273,1,0.00128626,1
236_BRANCH0_273,0,0.00209565,1
247_BRANCH0_282,1,0.00126388,1
247_BRANCH0_282,0,0.00208958,1
246,1,0.00284435,1
246,0,0.00131485,1
157,1,0.00106194,1
157,0,0.00129911,1
30_BRANCH0_386,1,0.00139084,1
30_BRANCH0_386,0,0.00141554,1
243_BRANCH0_293,1,0.00154014,1
243_BRANCH0_293,0,0.00122509,1
273_BRANCH0_296,1,0.0020038,1
273_BRANCH0_296,0,0.00101724,1
243_BRANCH0_279,1,0.00124179,1
243_BRANCH0_279,0,0.00201874,1
239,1,0.00123958,1
239,0,0.0012046,1
239_BRANCH0_276,1,0.00129306,1
239_BRANCH0_276,0,0.00208777,1
236,1,0.00123667,1
236,0,0.00120126,1
411_BRANCH0_416,1,0.00147362,1
411_BRANCH0_416,0,4.98299,1
233_BRANCH0_270,1,0.00132819,1
233_BRANCH0_270,0,0.0019802,1
230,1,0.00123049,1
230,0,0.00115226,1
199_BRANCH0_223,1,0.000730866,1
199_BRANCH0_223,0,0.000678234,1
230_BRANCH0_289,1,0.00132492,1
230_BRANCH0_289,0,0.00117577,1
230_BRANCH0_267,1,0.00125025,1
230_BRANCH0_267,0,0.00201968,1
27,1,1.43505,1
27,0,1.39944,1
224,1,0.00142513,1
224,0,0.00100604,1
134,1,0.00110045,1
134,0,0.00107303,1
223,1,0.000823986,1
223,0,0.000611604,1
130,1,0.000963369,1
130,0,0.00109581,1
213_BRANCH0_259,1,0.0013908,1
213_BRANCH0_259,0,8.52907,0
213_BRANCH0_254,1,0.00111117,1
213_BRANCH0_254,0,0.00277588,1
213_BRANCH0_242,1,0.00100843,1
213_BRANCH0_242,0,0.0011507,1
203,1,0.00119046,1
203,0,0.00146121,1
203_BRANCH0_251,1,0.00227558,1
203_BRANCH0_251,0,0.00119797,1
191,1,0.00105583,1
191,0,0.00125618,1
203_BRANCH0_243,1,0.00213284,1
203_BRANCH0_243,0,0.001219,1
171_BRANCH0_239,1,0.00130128,1
171_BRANCH0_239,0,0.00134618,1
416,1,0.00130222,1
416,0,4.73596,1
251_BRANCH0_295,1,0.00218233,1
251_BRANCH0_295,0,0.00116331,1
203_BRANCH0_236,1,0.00206909,1
203_BRANCH0_236,0,0.00122095,1
203_BRANCH0_230,1,0.00200404,1
203_BRANCH0_230,0,0.00122555,1
203_BRANCH0_227,1,0.00160188,1
203_BRANCH0_227,0,0.00172468,1
257,1,0.00275698,1
257,0,0.00142801,1
138,1,0.00116185,1
138,0,0.00109022,1
34_BRANCH0_185,1,0.00126059,1
34_BRANCH0_185,0,0.00131978,1
66_BRANCH0_375,1,0.0214524,1
66_BRANCH0_375,0,0.00144786,1
203_BRANCH0_224,1,0.00107329,1
203_BRANCH0_224,0,0.00207171,1
40_BRANCH0_373,1,0.343775,1
40_BRANCH0_373,0,0.00141107,1
199,1,0.000878741,1
199,0,0.000684695,1
69_BRANCH0_139,1,0.00233559,1
69_BRANCH0_139,0,0.00139671,1
86_BRANCH0_345,1,0.00134964,1
86_BRANCH0_345,0,0.00138759,1
296_BRANCH0_329,1,0.00081556,1
296_BRANCH0_329,0,0.000903319,1
197,1,0.000975476,1
197,0,0.0012763,1
196,1,0.00109784,1
196,0,0.00129186,1
123_BRANCH0_184,1,0.00137224,1
123_BRANCH0_184,0,0.00204307,1
195,1,0.001174,1
195,0,0.00124736,1
192,1,0.00111132,1
192,0,0.00129218,1
189,1,0.00114007,1
189,0,0.00125778,1
308,1,0.00236661,1
308,0,0.00121244,1
203_BRANCH0_233,1,0.00203794,1
203_BRANCH0_233,0,0.00127701,1
386_BRANCH0_416,1,0.0014157,1
386_BRANCH0_416,0,4.75709,1
386_BRANCH0_425,1,0.00139832,1
386_BRANCH0_425,0,0.00245941,1
187,1,0.00112693,1
187,0,0.00126635,1
158,1,0.000996782,1
158,0,0.00127074,1
251_BRANCH0_285,1,0.00218897,1
251_BRANCH0_285,0,0.0020793,1
184,1,0.00102944,1
184,0,0.00128978,1
285_BRANCH0_296,1,0.00212037,1
285_BRANCH0_296,0,0.000975849,1
183,1,0.000994465,1
183,0,0.00129541,1
73,1,0.00137919,1
73,0,0.00138617,1
180_BRANCH0_251,1,0.00135387,1
180_BRANCH0_251,0,0.00136322,1
263,1,0.000976146,1
263,0,0.00230253,1
180_BRANCH0_199,1,0.000740143,1
180_BRANCH0_199,0,0.000742487,1
177,1,0.00105793,1
177,0,0.000827701,1
139,1,0.00121524,1
139,0,0.0025139,1
309_BRANCH0_337,1,0.00130931,1
309_BRANCH0_337,0,0.0011956,1
227_BRANCH0_264,1,0.00127137,1
227_BRANCH0_264,0,0.00227806,1
168_BRANCH0_199,1,0.000693162,1
168_BRANCH0_199,0,0.000732228,1
174,1,0.00108591,1
174,0,0.00079889,1
34_BRANCH0_338,1,0.00119926,1
34_BRANCH0_338,0,0.00134876,1
174_BRANCH0_199,1,0.000778811,1
174_BRANCH0_199,0,0.00073322,1
171,1,0.00105628,1
171,0,0.000804865,1
95_BRANCH0_411,1,0.00130432,1
95_BRANCH0_411,0,0.00144568,1
174_BRANCH0_243,1,0.00136889,1
174_BRANCH0_243,0,0.00139332,1
224_BRANCH0_263,1,0.00136828,1
224_BRANCH0_263,0,0.000916438,1
180,1,0.00119769,1
180,0,0.000796199,1
168,1,0.00105925,1
168,0,0.000801206,1
165,1,0.00108939,1
165,0,0.000808914,1
162,1,0.00106336,1
162,0,0.000809009,1
159_BRANCH0_227,1,0.00119987,1
159_BRANCH0_227,0,0.00136185,1
21_BRANCH0_183,1,0.00132989,1
21_BRANCH0_183,0,0.00136832,1
213_BRANCH0_256,1,0.00142449,1
213_BRANCH0_256,0,0.00286233,1
4,1,0.000746536,1
4,0,0.000609874,1
154,1,0.00108206,1
154,0,0.000794851,1
159_BRANCH0_199,1,0.00112738,1
159_BRANCH0_199,0,0.000755961,1
194,1,0.000937389,1
194,0,0.00130947,1
154_BRANCH0_199,1,0.000798333,1
154_BRANCH0_199,0,0.000727101,1
151,1,0.00118037,1
151,0,0.00210633,1
47_BRANCH0_340,1,0.00140824,1
47_BRANCH0_340,0,0.00134293,1
122,1,0.00123998,1
122,0,0.00116563,1
151_BRANCH0_198,1,0.00122276,1
151_BRANCH0_198,0,0.0021096,1
1_BRANCH0_242,1,0.00125622,1
1_BRANCH0_242,0,0.00137321,1
47_BRANCH0_187,1,0.00142297,1
47_BRANCH0_187,0,0.00134807,1
150,1,0.00124634,1
150,0,0.00118459,1
147,1,0.00127615,1
147,0,0.00212683,1
147_BRANCH0_195,1,0.00137555,1
147_BRANCH0_195,0,0.00195949,1
233_BRANCH0_290,1,0.00155652,1
233_BRANCH0_290,0,0.00121354,1
146,1,0.00117921,1
146,0,0.00118022,1
360,1,0.00135742,1
360,0,0.00378459,1
171_BRANCH0_199,1,0.000717083,1
171_BRANCH0_199,0,0.000743509,1
143_BRANCH0_194,1,0.00122385,1
143_BRANCH0_194,0,0.00207322,1
255,1,0.00290845,1
255,0,0.00135693,1
139_BRANCH0_191,1,0.0013376,1
139_BRANCH0_191,0,0.00196427,1
213_BRANCH0_255,1,0.00137985,1
213_BRANCH0_255,0,0.00285199,1
79_BRANCH0_192,1,0.00135001,1
79_BRANCH0_192,0,0.00140397,1
199_BRANCH0_213,1,0.00301464,1
199_BRANCH0_213,0,0.00142322,1
340,1,0.00120703,1
340,0,0.00138168,1
348,1,0.000968367,1
348,0,0.00116627,1
135,1,0.00134867,1
135,0,0.00212201,1
213_BRANCH0_250,1,0.00139563,1
213_BRANCH0_250,0,0.00282723,1
151_BRANCH0_197,1,0.00132717,1
151_BRANCH0_197,0,0.00199262,1
360_BRANCH0_373,1,0.00136941,1
360_BRANCH0_373,0,0.000985289,1
135_BRANCH0_190,1,0.00127743,1
135_BRANCH0_190,0,0.00207279,1
309_BRANCH0_332,1,0.00135557,1
309_BRANCH0_332,0,0.00121779,1
350,1,0.00122369,1
350,0,0.00121858,1
135_BRANCH0_189,1,0.00128219,1
135_BRANCH0_189,0,0.00196374,1
131,1,0.00145706,1
131,0,0.00249475,1
127,1,0.00148249,1
127,0,0.00250224,1
335,1,0.00147093,1
335,0,0.00121824,1
227,1,0.00126014,1
227,0,0.00213108,1
213_BRANCH0_246,1,0.00125101,1
213_BRANCH0_246,0,0.00117164,1
79,1,0.00616083,1
79,0,0.00615252,1
177_BRANCH0_247,1,0.00136259,1
177_BRANCH0_247,0,0.00137722,1
56,1,0.00145663,1
56,0,0.0014301,1
56_BRANCH0_168,1,0.0012406,1
56_BRANCH0_168,0,0.000697818,1
53,1,0.0827274,1
53,0,0.0829325,1
159,1,0.00126649,1
159,0,0.000797385,1
8_BRANCH0_334,1,0.00110747,1
8_BRANCH0_334,0,0.00142681,1
53_BRANCH0_188,1,0.00138338,1
53_BRANCH0_188,0,0.00140649,1
50,1,0.0251893,1
50,0,0.0253315,1
50_BRANCH0_255,1,0.0255305,1
50_BRANCH0_255,0,0.00149144,1
227_BRANCH0_288,1,0.00160489,1
227_BRANCH0_288,0,0.00119326,1
393_BRANCH0_429,1,17.9931,0
393_BRANCH0_429,0,0.00204601,1
50_BRANCH0_134,1,0.00121779,1
50_BRANCH0_134,0,0.00115586,1
27_BRANCH0_184,1,0.00130537,1
27_BRANCH0_184,0,0.00139748,1
40,1,0.341441,1
40,0,0.344729,1
309_BRANCH0_335,1,0.00132446,1
309_BRANCH0_335,0,0.00119473,1
73_BRANCH0_191,1,0.00131147,1
73_BRANCH0_191,0,0.00140024,1
247_BRANCH0_294,1,0.0014909,1
247_BRANCH0_294,0,0.00121285,1
37_BRANCH0_254,1,0.105648,1
37_BRANCH0_254,0,0.00163643,1
224_BRANCH0_260,1,0.00150072,1
224_BRANCH0_260,0,0.00104231,1
239_BRANCH0_292,1,0.00142782,1
239_BRANCH0_292,0,0.00124183,1
108_BRANCH0_414,1,0.00141949,1
108_BRANCH0_414,0,0.00149797,1
199_BRANCH0_203,1,0.00164032,1
199_BRANCH0_203,0,0.00113773,1
119,1,0.00124823,1
119,0,0.00209829,1
258,1,0.00296408,1
258,0,0.00138431,1
177_BRANCH0_199,1,0.0007404,1
177_BRANCH0_199,0,0.00074595,1
14,1,0.00119749,1
14,0,0.00133297,1
30,1,0.00144227,1
30,0,0.0014593,1
319_BRANCH0_338,1,0.00137682,1
319_BRANCH0_338,0,0.00119168,1
56_BRANCH0_399,1,0.00140364,1
56_BRANCH0_399,0,0.00143923,1
127_BRANCH0_186,1,0.00139638,1
127_BRANCH0_186,0,0.00210147,1
43_BRANCH0_393,1,0.00148258,1
43_BRANCH0_393,0,0.00149347,1
17,1,0.00146284,1
17,0,0.0014113,1
11,1,0.0013709,1
11,0,0.00131844,1
236_BRANCH0_291,1,0.00150532,1
236_BRANCH0_291,0,0.00124507,1
69_BRANCH0_404,1,0.00139642,1
69_BRANCH0_404,0,0.00150714,1
37_BRANCH0_130,1,0.00135746,1
37_BRANCH0_130,0,0.00115917,1
233,1,0.00122436,1
233,0,0.0012487,1
11_BRANCH0_122,1,0.000713605,1
11_BRANCH0_122,0,0.000620878,1
360_BRANCH0_376,1,0.00128479,1
360_BRANCH0_376,0,0.00122328,1
213_BRANCH0_257,1,0.00131964,1
213_BRANCH0_257,0,0.00287736,1
17_BRANCH0_123,1,0.00206857,1
17_BRANCH0_123,0,0.00146764,1
294,1,0.00126469,1
294,0,0.00218117,1
30_BRANCH0_127,1,0.0021988,1
30_BRANCH0_127,0,0.00145642,1
162_BRANCH0_199,1,0.000798732,1
162_BRANCH0_199,0,0.000738054,1
60,1,0.00122937,1
60,0,0.00141344,1
105_BRANCH0_196,1,0.00142028,1
105_BRANCH0_196,0,0.00137806,1
267_BRANCH0_296,1,0.0019663,1
267_BRANCH0_296,0,0.000988285,1
56_BRANCH0_135,1,0.0019916,1
56_BRANCH0_135,0,0.00147904,1
418,1,0.00133088,1
418,0,0.00140997,1
24,1,0.41954,1
24,0,0.418116,1
63_BRANCH0_256,1,0.00741609,1
63_BRANCH0_256,0,0.00153274,1
168_BRANCH0_236,1,0.00142773,1
168_BRANCH0_236,0,0.00142958,1
347,1,11.8088,0
347,0,0.00128492,1
60_BRANCH0_189,1,0.00137851,1
60_BRANCH0_189,0,0.00136239,1
24_BRANCH0_250,1,0.422054,1
24_BRANCH0_250,0,0.00145508,1
127_BRANCH0_185,1,0.00141586,1
127_BRANCH0_185,0,0.00200962,1
213_BRANCH0_258,1,0.00138835,1
213_BRANCH0_258,0,0.00287574,1
256,1,0.00286796,1
256,0,0.00141769,1
34,1,0.00137993,1
34,0,0.00148402,1
259,1,8.43407,0
259,0,0.0012364,1
37,1,0.10544,1
37,0,0.121867,1
89_BRANCH0_146,1,0.00135205,1
89_BRANCH0_146,0,0.00117738,1
119_BRANCH0_158,1,0.00125798,1
119_BRANCH0_158,0,0.0020991,1
1,1,0.000815348,1
1,0,0.00110636,1
76_BRANCH0_257,1,0.00266075,1
76_BRANCH0_257,0,0.00154575,1
43_BRANCH0_131,1,0.00220303,1
43_BRANCH0_131,0,0.00146197,1
17_BRANCH0_381,1,0.00142628,1
17_BRANCH0_381,0,0.00145075,1
4_BRANCH0_154,1,0.00127576,1
4_BRANCH0_154,0,0.000664584,1
63,1,0.00712872,1
63,0,0.00737005,1
123,1,0.00142692,1
123,0,0.00212043,1
14_BRANCH0_371,1,0.00124936,1
14_BRANCH0_371,0,0.00144913,1
147_BRANCH0_196,1,0.00141233,1
147_BRANCH0_196,0,0.00211458,1
99_BRANCH0_346,1,0.00142396,1
99_BRANCH0_346,0,0.00137159,1
353,1,0.00130208,1
353,0,0.00122914,1
82_BRANCH0_143,1,0.00207801,1
82_BRANCH0_143,0,0.00143869,1
354,1,0.00129747,1
354,0,0.00120662,1
126,1,0.00122257,1
126,0,0.00116974,1
30_BRANCH0_162,1,0.00114323,1
30_BRANCH0_162,0,0.0007025,1
165_BRANCH0_199,1,0.00061785,1
165_BRANCH0_199,0,0.000777936,1
285_BRANCH0_343,1,0.00107289,1
285_BRANCH0_343,0,0.00124837,1
53_BRANCH0_374,1,0.0826756,1
53_BRANCH0_374,0,0.00151334,1
1_BRANCH0_118,1,0.000820945,1
1_BRANCH0_118,0,0.000656518,1
143,1,0.00124592,1
143,0,0.0021092,1
304,1,0.00221413,1
304,0,0.00126504,1
112_BRANCH0_347,1,0.00140345,1
112_BRANCH0_347,0,20.6083,0
60_BRANCH0_342,1,0.00118195,1
60_BRANCH0_342,0,0.0014329,1
330,1,0.00142467,1
330,0,0.00101119,1
86,1,0.00133708,1
86,0,0.00145411,1
243,1,0.0013619,1
243,0,0.00117854,1
17_BRANCH0_159,1,0.00120063,1
17_BRANCH0_159,0,0.000702137,1
92_BRANCH0_194,1,0.00122346,1
92_BRANCH0_194,0,0.00141153,1
43,1,0.001477,1
43,0,0.00146805,1
8_BRANCH0_157,1,0.00144382,1
8_BRANCH0_157,0,0.00132772,1
198,1,0.00112108,1
198,0,0.00134939,1
8,1,0.00135962,1
8,0,0.00135975,1
21_BRANCH0_336,1,0.00142667,1
21_BRANCH0_336,0,0.00136645,1
21,1,0.00141113,1
21,0,0.00145592,1
339,1,0.00144043,1
339,0,0.00123088,1
105,1,0.00166587,1
105,0,0.00172775,1
43_BRANCH0_165,1,0.00130899,1
43_BRANCH0_165,0,0.000708059,1
143_BRANCH0_193,1,0.00120988,1
143_BRANCH0_193,0,0.00200543,1
82,1,0.00149731,1
82,0,0.00148425,1
24_BRANCH0_126,1,0.00133631,1
24_BRANCH0_126,0,0.00116949,1
92_BRANCH0_377,1,0.002419,1
92_BRANCH0_377,0,0.0015332,1
4_BRANCH0_119,1,0.00213413,1
4_BRANCH0_119,0,0.00142363,1
260_BRANCH0_296,1,0.00102727,1
260_BRANCH0_296,0,0.000996296,1
289,1,0.00124417,1
289,0,0.00199198,1
27_BRANCH0_372,1,1.41183,1
27_BRANCH0_372,0,0.00146109,1
407_BRANCH0_429,1,0.00153132,1
407_BRANCH0_429,0,0.00221111,1
193,1,0.00113934,1
193,0,0.0012875,1
190,1,0.00117178,1
190,0,0.00136342,1
139_BRANCH0_192,1,0.00138546,1
139_BRANCH0_192,0,0.00206647,1
306,1,0.00233441,1
306,0,0.00126974,1
404_BRANCH0_418,1,0.00142228,1
404_BRANCH0_418,0,0.00130514,1
432,1,0.00172702,1
432,0,0.0013131,1
63_BRANCH0_138,1,0.000711712,1
63_BRANCH0_138,0,0.00113915,1
47,1,0.00136609,1
47,0,0.00143511,1
105_BRANCH0_378,1,0.00169498,1
105_BRANCH0_378,0,0.00155466,1
203_BRANCH0_239,1,0.00222997,1
203_BRANCH0_239,0,0.0012889,1
102_BRANCH0_259,1,0.00139121,1
102_BRANCH0_259,0,10.9544,0
66_BRANCH0_190,1,0.00115993,1
66_BRANCH0_190,0,0.00139139,1
273_BRANCH0_335,1,0.00129291,1
273_BRANCH0_335,0,0.00124161,1
142,1,0.00120095,1
142,0,0.00117405,1
307,1,0.00217553,1
307,0,0.00126444,1
393,1,0.00139204,1
393,0,0.00139112,1
66,1,0.0218589,1
66,0,0.0381387,1
186,1,0.00118047,1
186,0,0.00137946,1
108_BRANCH0_180,1,0.00127729,1
108_BRANCH0_180,0,0.000628058,1
99_BRANCH0_195,1,0.00124786,1
99_BRANCH0_195,0,0.00138326,1
112_BRANCH0_197,1,0.00140091,1
112_BRANCH0_197,0,0.00143514,1
11_BRANCH0_246,1,0.00147759,1
11_BRANCH0_246,0,0.00152203,1
185,1,0.00125363,1
185,0,0.00130783,1
273,1,0.00207434,1
273,0,0.00111268,1
213,1,0.00134996,1
213,0,0.00300218,1
345,1,0.00126416,1
345,0,0.00136095,1
131_BRANCH0_188,1,0.00141285,1
131_BRANCH0_188,0,0.00207752,1
69_BRANCH0_171,1,0.00131553,1
69_BRANCH0_171,0,0.000708186,1
69,1,0.00133821,1
69,0,0.00152715,1
404,1,0.00146949,1
404,0,0.00128416,1
14_BRANCH0_158,1,0.00139111,1
14_BRANCH0_158,0,0.00130446,1
95,1,0.00147452,1
95,0,0.00155656,1
73_BRANCH0_344,1,0.00144371,1
73_BRANCH0_344,0,0.00138101,1
99,1,0.00145854,1
99,0,0.00142673,1
162_BRANCH0_230,1,0.00136891,1
162_BRANCH0_230,0,0.0014362,1
360_BRANCH0_378,1,0.00142743,1
360_BRANCH0_378,0,0.00112135,1
76_BRANCH0_142,1,0.000729656,1
76_BRANCH0_142,0,0.000631978,1
346,1,0.0010977,1
346,0,0.00136845,1
4_BRANCH0_380,1,0.00144204,1
4_BRANCH0_380,0,0.00126655,1
92,1,0.0025275,1
92,0,0.00259214,1
82_BRANCH0_174,1,0.00130619,1
82_BRANCH0_174,0,0.000708276,1
89_BRANCH0_258,1,0.00152223,1
89_BRANCH0_258,0,0.0015818,1
381_BRANCH0_416,1,0.00155804,1
381_BRANCH0_416,0,4.74198,1
82_BRANCH0_407,1,0.00147828,1
82_BRANCH0_407,0,0.00149259,1
301,1,0.00250403,1
301,0,0.00125151,1
86_BRANCH0_193,1,0.00135568,1
86_BRANCH0_193,0,0.00137936,1
309_BRANCH0_341,1,0.00132154,1
309_BRANCH0_341,0,0.00121412,1
89,1,0.00164093,1
89,0,0.00171924,1
260_BRANCH0_330,1,0.00106335,1
260_BRANCH0_330,0,0.00118065,1
285,1,0.00190465,1
285,0,0.00105076,1
309_BRANCH0_331,1,0.00121734,1
309_BRANCH0_331,0,0.00119849,1
251,1,0.0020326,1
251,0,0.00120307,1
386,1,0.00130225,1
386,0,0.0014944,1
95_BRANCH0_147,1,0.00211267,1
95_BRANCH0_147,0,0.00146515,1
276_BRANCH0_337,1,0.00128954,1
276_BRANCH0_337,0,0.00123913,1
102,1,0.00140847,1
102,0,0.00146314,1
379,1,43.2464,0
379,0,0.00135905,1
95_BRANCH0_177,1,0.00133985,1
95_BRANCH0_177,0,0.000697134,1
319_BRANCH0_336,1,0.00118393,1
319_BRANCH0_336,0,0.00111177,1
404_BRANCH0_416,1,0.0014228,1
404_BRANCH0_416,0,4.83692,1
154_BRANCH0_224,1,0.00138851,1
154_BRANCH0_224,0,0.00107986,1
242,1,0.00129261,1
242,0,0.000884896,1
342,1,0.00109435,1
342,0,0.0013477,1
360_BRANCH0_377,1,0.00143435,1
360_BRANCH0_377,0,0.00117312,1
102_BRANCH0_150,1,0.000707698,1
102_BRANCH0_150,0,0.000632206,1
381_BRANCH0_432,1,0.00123083,1
381_BRANCH0_432,0,0.00170289,1
188,1,0.00113094,1
188,0,0.00136727,1
333,1,0.00143798,1
333,0,0.00128331,1
108_BRANCH0_151,1,0.00209534,1
108_BRANCH0_151,0,0.00141231,1
115_BRANCH0_198,1,0.00140068,1
115_BRANCH0_198,0,0.00138046,1
203_BRANCH0_247,1,0.00224109,1
203_BRANCH0_247,0,0.00125725,1
131_BRANCH0_187,1,0.0013129,1
131_BRANCH0_187,0,0.00202623,1
76,1,0.00282707,1
76,0,0.00284131,1
108,1,0.00130976,1
108,0,0.00138159,1
112,1,0.00154343,1
112,0,0.0015024,1
115_BRANCH0_379,1,0.00149591,1
115_BRANCH0_379,0,48.9155,0
319_BRANCH0_334,1,0.00104036,1
319_BRANCH0_334,0,0.00128024,1
378,1,0.00113565,1
378,0,0.00134927,1
115,1,0.00145507,1
115,0,0.00155729,1
118,1,0.000827845,1
118,0,0.000633488,1
332,1,0.00130575,1
332,0,0.00122038,1
386_BRANCH0_431,1,0.00129844,1
386_BRANCH0_431,0,0.00165932,1
119_BRANCH0_157,1,0.00132843,1
119_BRANCH0_157,0,0.00202773,1
79_BRANCH0_376,1,0.00628058,1
79_BRANCH0_376,0,0.00150153,1
393_BRANCH0_425,1,0.00150344,1
393_BRANCH0_425,0,0.0024727,1
123_BRANCH0_183,1,0.0013558,1
123_BRANCH0_183,0,0.00201473,1
165_BRANCH0_233,1,0.00143438,1
165_BRANCH0_233,0,0.00140116,1
334,1,0.00150806,1
334,0,0.000916823,1
40_BRANCH0_186,1,0.00122275,1
40_BRANCH0_186,0,0.00138086,1
422_BRANCH0_432,1,0.00291124,1
422_BRANCH0_432,0,0.00131511,1
260,1,0.00108722,1
260,0,0.00102446,1
264_BRANCH0_296,1,0.00226052,1
264_BRANCH0_296,0,0.00105928,1
300,1,0.00225613,1
300,0,0.000972628,1
264_BRANCH0_331,1,0.00121523,1
264_BRANCH0_331,0,0.0012587,1
264,1,0.00234108,1
264,0,0.00103095,1
357,1,0.000802553,1
357,0,0.00109595,1
267_BRANCH0_332,1,0.00121303,1
267_BRANCH0_332,0,0.00124404,1
267,1,0.00192466,1
267,0,0.00103519,1
270_BRANCH0_296,1,0.00173983,1
270_BRANCH0_296,0,0.0010054,1
352,1,0.00121607,1
352,0,0.00119956,1
270_BRANCH0_333,1,0.00119853,1
270_BRANCH0_333,0,0.00132157,1
425_BRANCH0_432,1,0.00243881,1
425_BRANCH0_432,0,0.00135464,1
270,1,0.00190619,1
270,0,0.00100376,1
276_BRANCH0_296,1,0.00190105,1
276_BRANCH0_296,0,0.00100468,1
276,1,0.00186432,1
276,0,0.00105414,1
309_BRANCH0_330,1,0.00120243,1
309_BRANCH0_330,0,0.00100275,1
411_BRANCH0_420,1,0.00137568,1
411_BRANCH0_420,0,0.000939553,1
279_BRANCH0_296,1,0.00171104,1
279_BRANCH0_296,0,0.0010346,1
279_BRANCH0_339,1,0.00113616,1
279_BRANCH0_339,0,0.00124554,1
279,1,0.00194136,1
279,0,0.00102739,1
282_BRANCH0_296,1,0.00186861,1
282_BRANCH0_296,0,0.00101735,1
282_BRANCH0_341,1,0.00117021,1
282_BRANCH0_341,0,0.00123612,1
282,1,0.00194066,1
282,0,0.00102529,1
288,1,0.00118385,1
288,0,0.00238306,1
290,1,0.00133891,1
290,0,0.00222778,1
291,1,0.0013671,1
291,0,0.00221134,1
292,1,0.00133131,1
292,0,0.00221576,1
293,1,0.0013643,1
293,0,0.002194,1
295,1,0.00137152,1
295,0,0.00215555,1
296_BRANCH0_309,1,0.00124518,1
296_BRANCH0_309,0,0.00127224,1
296_BRANCH0_319,1,0.00910751,1
296_BRANCH0_319,0,0.00141964,1
296,1,0.000820706,1
296,0,0.000903183,1
302,1,0.002172,1
302,0,0.0012383,1
303,1,0.00222649,1
303,0,0.00127851,1
305,1,0.00217321,1
305,0,0.00127522,1
309_BRANCH0_333,1,0.00126715,1
309_BRANCH0_333,0,0.00120954,1
309_BRANCH0_339,1,0.00128458,1
309_BRANCH0_339,0,0.00119098,1
399_BRANCH0_428,1,0.00133938,1
399_BRANCH0_428,0,0.00251811,1
309_BRANCH0_343,1,0.00126765,1
309_BRANCH0_343,0,0.00120145,1
319_BRANCH0_345,1,0.00140198,1
319_BRANCH0_345,0,0.00122837,1
309,1,0.00129385,1
309,0,0.0011199,1
319_BRANCH0_340,1,0.0013329,1
319_BRANCH0_340,0,0.00122493,1
319_BRANCH0_342,1,0.00134045,1
319_BRANCH0_342,0,0.00117001,1
319_BRANCH0_344,1,0.00135447,1
319_BRANCH0_344,0,0.00125779,1
319_BRANCH0_346,1,0.00136983,1
319_BRANCH0_346,0,0.00118707,1
319_BRANCH0_347,1,0.0014521,1
319_BRANCH0_347,0,12.1016,0
331,1,0.00121315,1
331,0,0.00118313,1
319,1,0.00140052,1
319,0,0.00919763,1
329,1,0.00106771,1
329,0,0.000717926,1
336,1,0.000976713,1
336,0,0.00128086,1
357_BRANCH0_360,1,0.00377261,1
357_BRANCH0_360,0,0.00144905,1
337,1,0.00142328,1
337,0,0.0012102,1
338,1,0.0012328,1
338,0,0.00129769,1
343,1,0.00186116,1
343,0,0.00131058,1
344,1,0.00119493,1
344,0,0.00139514,1
386_BRANCH0_422,1,0.00146855,1
386_BRANCH0_422,0,0.00281694,1
349,1,0.00121649,1
349,0,0.00120159,1
351,1,0.00122033,1
351,0,0.00124872,1
355,1,0.00123278,1
355,0,0.00123363,1
356,1,0.00124488,1
356,0,0.00120389,1
357_BRANCH0_370,1,0.000789401,1
357_BRANCH0_370,0,0.00109936,1
360_BRANCH0_371,1,0.00128649,1
360_BRANCH0_371,0,0.00186393,1
360_BRANCH0_372,1,0.00130908,1
360_BRANCH0_372,0,0.000983215,1
360_BRANCH0_374,1,0.00128508,1
360_BRANCH0_374,0,0.00114508,1
360_BRANCH0_375,1,0.00135615,1
360_BRANCH0_375,0,0.000953308,1
360_BRANCH0_379,1,0.00138489,1
360_BRANCH0_379,0,46.3652,0
370,1,0.00109428,1
370,0,0.000831501,1
371,1,0.00134042,1
371,0,0.000973552,1
372,1,0.000861946,1
372,0,0.00124523,1
373,1,0.000967114,1
373,0,0.00129362,1
374,1,0.00110003,1
374,0,0.00134063,1
375,1,0.00100306,1
375,0,0.0012861,1
376,1,0.00116705,1
376,0,0.00140756,1
377,1,0.00114082,1
377,0,0.00136054,1
380,1,0.00119206,1
380,0,0.00214714,1
381_BRANCH0_430,1,0.0013231,1
381_BRANCH0_430,0,0.000888001,1
381_BRANCH0_431,1,0.0012055,1
381_BRANCH0_431,0,0.00162967,1
381,1,0.00134457,1
381,0,0.00166289,1
386_BRANCH0_429,1,0.00139569,1
386_BRANCH0_429,0,0.00225773,1
386_BRANCH0_430,1,0.00132538,1
386_BRANCH0_430,0,0.000847741,1
393_BRANCH0_416,1,0.00137127,1
393_BRANCH0_416,0,4.70648,1
393_BRANCH0_417,1,0.00140696,1
393_BRANCH0_417,0,0.00139156,1
393_BRANCH0_428,1,0.00137172,1
393_BRANCH0_428,0,0.00256498,1
399_BRANCH0_416,1,0.00145821,1
399_BRANCH0_416,0,4.74258,1
399_BRANCH0_425,1,0.00140872,1
399_BRANCH0_425,0,0.00227467,1
399_BRANCH0_430,1,0.00136776,1
399_BRANCH0_430,0,0.000889345,1
399,1,0.00123619,1
399,0,0.000854342,1
407_BRANCH0_416,1,0.00133408,1
407_BRANCH0_416,0,4.84264,1
407_BRANCH0_419,1,0.00144017,1
407_BRANCH0_419,0,0.000987447,1
407,1,0.00129692,1
407,0,0.00236378,1
411,1,0.00138287,1
411,0,0.000950108,1
414,1,0.00138446,1
414,0,5.5536,1
417,1,0.00143297,1
417,0,0.0013832,1
419,1,0.000931326,1
419,0,0.00130274,1
420,1,0.000949693,1
420,0,0.0013245,1
421,1,0.00083765,1
421,0,0.00203047,1
422_BRANCH0_430,1,0.00278487,1
422_BRANCH0_430,0,0.00144028,1
422,1,0.00281964,1
422,0,0.0013309,1
425_BRANCH0_431,1,0.00245178,1
425_BRANCH0_431,0,0.00141263,1
425,1,0.00247081,1
425,0,0.00134569,1
428,1,0.0024906,1
428,0,0.00136805,1
429,1,0.0022166,1
429,0,0.00131021,1
430,1,0.00087775,1
430,0,0.00114366,1
431,1,0.00162544,1
431,0,0.00131631,1
