1.06124
16_BRANCH0_22,1,0.0315334,1
16_BRANCH0_22,0,0.0312093,1
11,1,0.0312334,1
11,0,0.0311983,1
11_BRANCH0_19,1,0.0311947,1
11_BRANCH0_19,0,0.0312036,1
11_BRANCH0_16,1,0.0312175,1
11_BRANCH0_16,0,0.0312015,1
7,1,0.0311877,1
7,0,0.031219,1
6,1,0.0312004,1
6,0,0.03122,1
19,1,0.0312063,1
19,0,0.0311945,1
3_BRANCH0_11,1,0.0312225,1
3_BRANCH0_11,0,0.0312055,1
16_BRANCH0_23,1,0.0312083,1
16_BRANCH0_23,0,0.0311949,1
10,1,0.0311881,1
10,0,0.0312084,1
3_BRANCH0_10,1,0.0311951,1
3_BRANCH0_10,0,0.0312126,1
2,1,0.0312096,1
2,0,0.0312141,1
3,1,0.0311875,1
3,0,0.0312128,1
16,1,0.0312177,1
16,0,0.031197,1
1,1,0.0311835,1
1,0,0.0312029,1
22,1,0.0311947,1
22,0,0.031191,1
23,1,0.0311852,1
23,0,0.0311868,1
