0.00502965
m_BRANCH0_q,1,0.000159604,1
m_BRANCH0_q,0,9.0702e-05,0
m_BRANCH0_Z,1,8.2801e-05,1
m_BRANCH0_Z,0,0.000118929,1
d_BRANCH0_X,1,9.9272e-05,1
d_BRANCH0_X,0,8.483e-05,0
d_BRANCH0_r,1,7.9762e-05,1
d_BRANCH0_r,0,8.9991e-05,1
X,1,8.3005e-05,0
X,0,3.4202e-05,1
m_BRANCH0_r,1,8.1797e-05,1
m_BRANCH0_r,0,8.7358e-05,1
B,1,0.00011421,1
B,0,0.000116166,1
d,1,0.000115245,1
d,0,0.000130956,1
d_BRANCH0_m,1,0.000118619,1
d_BRANCH0_m,0,9.0828e-05,1
s_BRANCH0_v,1,9.0847e-05,0
s_BRANCH0_v,0,0.000126821,1
B_BRANCH0_m,1,4.9485e-05,0
B_BRANCH0_m,0,7.7301e-05,1
B_BRANCH0_v,1,4.5228e-05,0
B_BRANCH0_v,0,0.000104407,1
C,1,0.000167254,1
C,0,0.000170661,1
s_BRANCH0_Y,1,0.000101688,0
s_BRANCH0_Y,0,8.6624e-05,1
B_BRANCH0_d,1,0.00012703,1
B_BRANCH0_d,0,0.000128205,1
A,1,0.000119207,1
A,0,0.000120136,1
m,1,9.515e-05,1
m,0,0.000113668,1
r_BRANCH0_s,1,9.4386e-05,1
r_BRANCH0_s,0,9.7486e-05,0
Y,1,8.956e-05,0
Y,0,8.4808e-05,1
r_BRANCH0_X,1,9.3452e-05,1
r_BRANCH0_X,0,9.6588e-05,0
Z,1,0.000110152,1
Z,0,0.000101779,1
r,1,9.3812e-05,1
r,0,9.6665e-05,0
q,1,7.8551e-05,0
q,0,8.649e-05,1
s,1,9.8497e-05,0
s,0,9.4728e-05,1
v,1,9.9419e-05,0
v,0,0.00011129,1
