1.01194
m_BRANCH0_q,1,0.031311,1
m_BRANCH0_q,0,0.0414812,0
m_BRANCH0_Z,1,0.0207797,1
m_BRANCH0_Z,0,0.0215552,1
d_BRANCH0_X,1,0.0216362,1
d_BRANCH0_X,0,0.0311032,0
d_BRANCH0_r,1,0.0248914,1
d_BRANCH0_r,0,0.0287639,1
X,1,0.0311186,0
X,0,0.0310972,1
m_BRANCH0_r,1,0.0311433,1
m_BRANCH0_r,0,0.0311454,1
B,1,0.0312044,1
B,0,0.0311382,1
d,1,0.0311288,1
d,0,0.0311652,1
d_BRANCH0_m,1,0.0255434,1
d_BRANCH0_m,0,0.0311069,1
s_BRANCH0_v,1,0.0294337,0
s_BRANCH0_v,0,0.0311641,1
B_BRANCH0_m,1,0.0248334,0
B_BRANCH0_m,0,0.0287758,1
B_BRANCH0_v,1,0.031099,0
B_BRANCH0_v,0,0.0311335,1
C,1,0.0311433,1
C,0,0.0311619,1
s_BRANCH0_Y,1,0.0274378,0
s_BRANCH0_Y,0,0.0311,1
B_BRANCH0_d,1,0.0311252,1
B_BRANCH0_d,0,0.0311052,1
A,1,0.0311356,1
A,0,0.0311529,1
m,1,0.0311038,1
m,0,0.030426,1
r_BRANCH0_s,1,0.000111716,1
r_BRANCH0_s,0,0.000101552,0
Y,1,8.2292e-05,0
Y,0,6.5013e-05,1
r_BRANCH0_X,1,8.0866e-05,1
r_BRANCH0_X,0,8.7535e-05,0
Z,1,7.8308e-05,1
Z,0,7.7761e-05,1
r,1,7.4328e-05,1
r,0,8.2147e-05,0
q,1,6.3465e-05,0
q,0,6.645e-05,1
s,1,8.6227e-05,0
s,0,7.828e-05,1
v,1,8.2767e-05,0
v,0,7.9202e-05,1
