0.00304623
16_BRANCH0_22,1,0.000187469,1
16_BRANCH0_22,0,6.672e-05,1
11,1,0.000107771,1
11,0,6.0402e-05,1
11_BRANCH0_19,1,7.8038e-05,1
11_BRANCH0_19,0,7.5844e-05,1
11_BRANCH0_16,1,0.000120704,1
11_BRANCH0_16,0,8.0897e-05,1
7,1,0.000102589,1
7,0,9.5002e-05,1
6,1,9.8158e-05,1
6,0,9.8764e-05,1
19,1,7.7702e-05,1
19,0,6.5628e-05,1
3_BRANCH0_11,1,9.577e-05,1
3_BRANCH0_11,0,9.719e-05,1
16_BRANCH0_23,1,0.00010482,1
16_BRANCH0_23,0,5.5571e-05,1
10,1,9.9689e-05,1
10,0,7.5163e-05,1
3_BRANCH0_10,1,7.4768e-05,1
3_BRANCH0_10,0,9.6824e-05,1
2,1,0.000106421,1
2,0,0.000103069,1
3,1,0.000104492,1
3,0,9.2579e-05,1
16,1,0.000104328,1
16,0,6.6639e-05,1
1,1,9.9558e-05,1
1,0,0.000100321,1
22,1,7.5949e-05,1
22,0,5.7032e-05,1
23,1,5.7463e-05,1
23,0,6.2891e-05,1
