0.00309009
16_BRANCH0_22,1,0.000117326,1
16_BRANCH0_22,0,9.8266e-05,1
11,1,9.1993e-05,1
11,0,9.3269e-05,1
11_BRANCH0_19,1,7.5064e-05,1
11_BRANCH0_19,0,8.8679e-05,1
11_BRANCH0_16,1,7.3178e-05,1
11_BRANCH0_16,0,0.000110865,1
7,1,9.4567e-05,1
7,0,8.3479e-05,1
6,1,8.7789e-05,1
6,0,8.8597e-05,1
19,1,9.2168e-05,1
19,0,7.1062e-05,1
3_BRANCH0_11,1,8.5643e-05,1
3_BRANCH0_11,0,9.0063e-05,1
16_BRANCH0_23,1,0.000100399,1
16_BRANCH0_23,0,0.000120026,1
10,1,9.053e-05,1
10,0,7.2434e-05,1
3_BRANCH0_10,1,6.9125e-05,1
3_BRANCH0_10,0,8.9843e-05,1
2,1,0.000112487,1
2,0,0.000111134,1
3,1,9.1234e-05,1
3,0,9.0515e-05,1
16,1,0.000112299,1
16,0,8.0219e-05,1
1,1,9.1634e-05,1
1,0,9.1977e-05,1
22,1,7.3133e-05,1
22,0,9.1523e-05,1
23,1,7.7528e-05,1
23,0,8.204e-05,1
