211.221
254,1,0.00375204,1
254,0,0.00402429,1
415,1,0.00256031,1
415,0,0.0027097,1
250,1,0.00327349,1
250,0,0.00257459,1
341,1,0.00253957,1
341,0,0.00257479,1
247,1,0.002742,1
247,0,0.00311469,1
236_BRANCH0_273,1,0.00279302,1
236_BRANCH0_273,0,0.00300679,1
247_BRANCH0_282,1,0.00339027,1
247_BRANCH0_282,0,0.00282412,1
246,1,0.00272749,1
246,0,0.00264846,1
157,1,0.00366416,1
157,0,0.00369018,1
30_BRANCH0_386,1,0.00379271,1
30_BRANCH0_386,0,0.00361978,1
243_BRANCH0_293,1,0.00279731,1
243_BRANCH0_293,0,0.00250198,1
273_BRANCH0_296,1,0.00283501,1
273_BRANCH0_296,0,0.00302683,1
243_BRANCH0_279,1,0.0031337,1
243_BRANCH0_279,0,0.00264923,1
239,1,0.00347148,1
239,0,0.00302343,1
239_BRANCH0_276,1,0.00337312,1
239_BRANCH0_276,0,0.00282977,1
236,1,0.00307667,1
236,0,0.00315698,1
411_BRANCH0_416,1,0.00329226,1
411_BRANCH0_416,0,0.0885333,1
233_BRANCH0_270,1,0.00320715,1
233_BRANCH0_270,0,0.00327802,1
230,1,0.00274338,1
230,0,0.00267297,1
199_BRANCH0_223,1,0.00109166,1
199_BRANCH0_223,0,0.00259591,1
230_BRANCH0_289,1,0.00248121,1
230_BRANCH0_289,0,0.0027741,1
230_BRANCH0_267,1,0.00336084,1
230_BRANCH0_267,0,0.00291517,1
27,1,0.0284696,1
27,0,0.028599,1
224,1,0.00345955,1
224,0,0.00255952,1
134,1,0.00428022,1
134,0,0.00492193,1
223,1,0.00272835,1
223,0,0.00107767,1
130,1,0.00483731,1
130,0,0.00441216,1
213_BRANCH0_259,1,0.00329268,1
213_BRANCH0_259,0,11.1192,0
213_BRANCH0_254,1,0.00302133,1
213_BRANCH0_254,0,0.00291234,1
213_BRANCH0_242,1,0.00285576,1
213_BRANCH0_242,0,0.00367039,1
203,1,0.00288916,1
203,0,0.00269914,1
203_BRANCH0_251,1,0.0031235,1
203_BRANCH0_251,0,0.0028971,1
191,1,0.00327026,1
191,0,0.00377417,1
203_BRANCH0_243,1,0.00362928,1
203_BRANCH0_243,0,0.002538,1
171_BRANCH0_239,1,0.00397961,1
171_BRANCH0_239,0,0.0037933,1
416,1,0.00278067,1
416,0,0.0854963,1
251_BRANCH0_295,1,0.00295704,1
251_BRANCH0_295,0,0.00264106,1
203_BRANCH0_236,1,0.00353611,1
203_BRANCH0_236,0,0.00261417,1
203_BRANCH0_230,1,0.00288266,1
203_BRANCH0_230,0,0.00280827,1
203_BRANCH0_227,1,0.00369036,1
203_BRANCH0_227,0,0.00302724,1
257,1,0.00268733,1
257,0,0.00406173,1
138,1,0.00444855,1
138,0,0.00390851,1
34_BRANCH0_185,1,0.00438873,1
34_BRANCH0_185,0,0.00437424,1
66_BRANCH0_375,1,0.0236141,1
66_BRANCH0_375,0,0.0235184,1
203_BRANCH0_224,1,0.00298331,1
203_BRANCH0_224,0,0.00260488,1
40_BRANCH0_373,1,0.0233502,1
40_BRANCH0_373,0,0.0231376,1
199,1,0.00155058,1
199,0,0.00299003,1
69_BRANCH0_139,1,0.00411679,1
69_BRANCH0_139,0,0.00387743,1
86_BRANCH0_345,1,0.00494037,1
86_BRANCH0_345,0,0.00365119,1
296_BRANCH0_329,1,0.00233431,1
296_BRANCH0_329,0,0.00365551,1
197,1,0.00338763,1
197,0,0.00372632,1
196,1,0.00304813,1
196,0,0.00349458,1
123_BRANCH0_184,1,0.00464323,1
123_BRANCH0_184,0,0.00438886,1
195,1,0.00346064,1
195,0,0.0037738,1
192,1,0.00288933,1
192,0,0.00347985,1
189,1,0.00322713,1
189,0,0.00336316,1
308,1,0.00273974,1
308,0,0.00261415,1
203_BRANCH0_233,1,0.00343643,1
203_BRANCH0_233,0,0.00274797,1
386_BRANCH0_416,1,0.00257788,1
386_BRANCH0_416,0,0.0810131,1
386_BRANCH0_425,1,0.00372493,1
386_BRANCH0_425,0,0.00337241,1
187,1,0.0026612,1
187,0,0.00430268,1
158,1,0.00395462,1
158,0,0.00338929,1
251_BRANCH0_285,1,0.00356741,1
251_BRANCH0_285,0,0.00303519,1
184,1,0.00365621,1
184,0,0.00459085,1
285_BRANCH0_296,1,0.00288529,1
285_BRANCH0_296,0,0.00375472,1
183,1,0.00360921,1
183,0,0.00422154,1
73,1,0.00350826,1
73,0,0.0032843,1
180_BRANCH0_251,1,0.00372554,1
180_BRANCH0_251,0,0.00384009,1
263,1,0.00343784,1
263,0,0.00285383,1
180_BRANCH0_199,1,0.0037953,1
180_BRANCH0_199,0,0.00285477,1
177,1,0.00409569,1
177,0,0.00300464,1
139,1,0.00386534,1
139,0,0.00443153,1
309_BRANCH0_337,1,0.00413547,1
309_BRANCH0_337,0,0.00273733,1
227_BRANCH0_264,1,0.00339334,1
227_BRANCH0_264,0,0.00300192,1
168_BRANCH0_199,1,0.00380227,1
168_BRANCH0_199,0,0.00273818,1
174,1,0.00451268,1
174,0,0.00314781,1
34_BRANCH0_338,1,0.00985827,1
34_BRANCH0_338,0,0.00928523,1
174_BRANCH0_199,1,0.00378442,1
174_BRANCH0_199,0,0.00260063,1
171,1,0.00429436,1
171,0,0.00315268,1
95_BRANCH0_411,1,0.00346088,1
95_BRANCH0_411,0,0.0035701,1
174_BRANCH0_243,1,0.0037564,1
174_BRANCH0_243,0,0.00301182,1
224_BRANCH0_263,1,0.00284047,1
224_BRANCH0_263,0,0.0026726,1
180,1,0.00463445,1
180,0,0.00282537,1
168,1,0.00436454,1
168,0,0.00286698,1
165,1,0.0045005,1
165,0,0.00317456,1
162,1,0.00433282,1
162,0,0.00317885,1
159_BRANCH0_227,1,0.00373864,1
159_BRANCH0_227,0,0.00350822,1
21_BRANCH0_183,1,0.00418558,1
21_BRANCH0_183,0,0.00437166,1
213_BRANCH0_256,1,0.00313686,1
213_BRANCH0_256,0,0.00281854,1
4,1,0.00463349,1
4,0,0.00491519,1
154,1,0.00487865,1
154,0,0.00320668,1
159_BRANCH0_199,1,0.0036633,1
159_BRANCH0_199,0,0.00294792,1
194,1,0.00278689,1
194,0,0.00350774,1
154_BRANCH0_199,1,0.00425843,1
154_BRANCH0_199,0,0.00284931,1
151,1,0.00315802,1
151,0,0.00463752,1
47_BRANCH0_340,1,0.00680152,1
47_BRANCH0_340,0,0.00932514,1
122,1,0.00468224,1
122,0,0.00455048,1
151_BRANCH0_198,1,0.00355652,1
151_BRANCH0_198,0,0.00465865,1
1_BRANCH0_242,1,0.0033087,1
1_BRANCH0_242,0,0.00351469,1
47_BRANCH0_187,1,0.00423635,1
47_BRANCH0_187,0,0.00443643,1
150,1,0.00453843,1
150,0,0.00457387,1
147,1,0.00352397,1
147,0,0.00434534,1
147_BRANCH0_195,1,0.00370409,1
147_BRANCH0_195,0,0.00405864,1
233_BRANCH0_290,1,0.00289906,1
233_BRANCH0_290,0,0.00281603,1
146,1,0.00480722,1
146,0,0.00487125,1
360,1,0.00290621,1
360,0,0.00273371,1
171_BRANCH0_199,1,0.00370882,1
171_BRANCH0_199,0,0.00283024,1
143_BRANCH0_194,1,0.00336865,1
143_BRANCH0_194,0,0.00461123,1
255,1,0.00284555,1
255,0,0.00411521,1
139_BRANCH0_191,1,0.00395316,1
139_BRANCH0_191,0,0.0040933,1
213_BRANCH0_255,1,0.00320141,1
213_BRANCH0_255,0,0.00292892,1
79_BRANCH0_192,1,0.00356976,1
79_BRANCH0_192,0,0.00357599,1
199_BRANCH0_213,1,0.00343081,1
199_BRANCH0_213,0,0.00320937,1
340,1,0.00290579,1
340,0,0.0031378,1
348,1,0.00313842,1
348,0,0.00277241,1
135,1,0.00340359,1
135,0,0.00470597,1
213_BRANCH0_250,1,0.0228979,1
213_BRANCH0_250,0,0.00313959,1
151_BRANCH0_197,1,0.00384047,1
151_BRANCH0_197,0,0.0040504,1
360_BRANCH0_373,1,0.00287759,1
360_BRANCH0_373,0,0.0850543,1
135_BRANCH0_190,1,0.00334909,1
135_BRANCH0_190,0,0.00472835,1
309_BRANCH0_332,1,0.0039854,1
309_BRANCH0_332,0,0.00278422,1
350,1,0.00271125,1
350,0,0.00240435,1
135_BRANCH0_189,1,0.00337912,1
135_BRANCH0_189,0,0.00406041,1
131,1,0.00351016,1
131,0,0.00463132,1
127,1,0.00443082,1
127,0,0.0040634,1
335,1,0.00283285,1
335,0,0.00248584,1
227,1,0.00262298,1
227,0,0.00266879,1
213_BRANCH0_246,1,0.00332088,1
213_BRANCH0_246,0,0.00280428,1
79,1,0.00345028,1
79,0,0.00332427,1
177_BRANCH0_247,1,0.00391084,1
177_BRANCH0_247,0,0.00318938,1
56,1,0.276608,1
56,0,0.438368,1
56_BRANCH0_168,1,0.00396541,1
56_BRANCH0_168,0,0.0042782,1
53,1,0.0283662,1
53,0,0.0287803,1
159,1,0.00463716,1
159,0,0.00278306,1
8_BRANCH0_334,1,0.00865926,1
8_BRANCH0_334,0,0.00895181,1
53_BRANCH0_188,1,0.00471416,1
53_BRANCH0_188,0,0.00468697,1
50,1,0.00809761,1
50,0,0.00794963,1
50_BRANCH0_255,1,0.00816512,1
50_BRANCH0_255,0,0.0035393,1
227_BRANCH0_288,1,0.00318169,1
227_BRANCH0_288,0,0.00301963,1
393_BRANCH0_429,1,17.1041,0
393_BRANCH0_429,0,0.00291737,1
50_BRANCH0_134,1,0.00502777,1
50_BRANCH0_134,0,0.00429092,1
27_BRANCH0_184,1,0.0046373,1
27_BRANCH0_184,0,0.00457213,1
40,1,0.0285873,1
40,0,0.0283606,1
309_BRANCH0_335,1,0.00394074,1
309_BRANCH0_335,0,0.00256818,1
73_BRANCH0_191,1,0.00395313,1
73_BRANCH0_191,0,0.00411754,1
247_BRANCH0_294,1,0.00300298,1
247_BRANCH0_294,0,0.00285183,1
37_BRANCH0_254,1,0.0137096,1
37_BRANCH0_254,0,0.00347198,1
224_BRANCH0_260,1,0.00297045,1
224_BRANCH0_260,0,0.0027823,1
239_BRANCH0_292,1,0.00291346,1
239_BRANCH0_292,0,0.00275016,1
108_BRANCH0_414,1,1.6176,1
108_BRANCH0_414,0,0.0038771,1
199_BRANCH0_203,1,0.00275784,1
199_BRANCH0_203,0,0.00330328,1
119,1,0.0030793,1
119,0,0.00419955,1
258,1,0.00284267,1
258,0,0.00415924,1
177_BRANCH0_199,1,0.00376248,1
177_BRANCH0_199,0,0.00292949,1
14,1,0.028708,1
14,0,0.0292436,1
30,1,0.00500476,1
30,0,0.00511745,1
319_BRANCH0_338,1,0.00404164,1
319_BRANCH0_338,0,0.0189768,1
56_BRANCH0_399,1,0.00370378,1
56_BRANCH0_399,0,0.00359368,1
127_BRANCH0_186,1,0.00455875,1
127_BRANCH0_186,0,0.0045204,1
43_BRANCH0_393,1,0.00372939,1
43_BRANCH0_393,0,0.00362604,1
17,1,0.00477632,1
17,0,0.00520127,1
11,1,0.0461789,1
11,0,0.0429268,1
236_BRANCH0_291,1,0.00290729,1
236_BRANCH0_291,0,0.00274923,1
69_BRANCH0_404,1,0.00367529,1
69_BRANCH0_404,0,0.00370571,1
37_BRANCH0_130,1,0.00437803,1
37_BRANCH0_130,0,0.0047258,1
233,1,0.00317845,1
233,0,0.00276733,1
11_BRANCH0_122,1,0.00452939,1
11_BRANCH0_122,0,0.00483548,1
360_BRANCH0_376,1,0.01395,1
360_BRANCH0_376,0,0.00898877,1
213_BRANCH0_257,1,0.00353202,1
213_BRANCH0_257,0,0.00285175,1
17_BRANCH0_123,1,0.00412442,1
17_BRANCH0_123,0,0.00509766,1
294,1,0.00262007,1
294,0,0.00261787,1
30_BRANCH0_127,1,0.00403561,1
30_BRANCH0_127,0,0.00438939,1
162_BRANCH0_199,1,0.0038106,1
162_BRANCH0_199,0,0.00306007,1
60,1,0.0102391,1
60,0,0.0105366,1
105_BRANCH0_196,1,0.00360393,1
105_BRANCH0_196,0,0.00374983,1
267_BRANCH0_296,1,0.00311917,1
267_BRANCH0_296,0,0.00360307,1
56_BRANCH0_135,1,0.00442405,1
56_BRANCH0_135,0,0.00346556,1
418,1,0.00322682,1
418,0,0.00428634,1
24,1,0.0220258,1
24,0,0.0236553,1
63_BRANCH0_256,1,0.00332583,1
63_BRANCH0_256,0,0.00337782,1
168_BRANCH0_236,1,0.00377038,1
168_BRANCH0_236,0,0.00299506,1
347,1,11.4435,0
347,0,0.00289819,1
60_BRANCH0_189,1,0.00346073,1
60_BRANCH0_189,0,0.00351571,1
24_BRANCH0_250,1,0.021838,1
24_BRANCH0_250,0,0.00359928,1
127_BRANCH0_185,1,0.00434825,1
127_BRANCH0_185,0,0.00437456,1
213_BRANCH0_258,1,0.00319333,1
213_BRANCH0_258,0,0.00308184,1
256,1,0.00282444,1
256,0,0.00433874,1
34,1,0.010313,1
34,0,0.00995082,1
259,1,10.8138,0
259,0,0.00415757,1
37,1,0.0131115,1
37,0,0.0130616,1
89_BRANCH0_146,1,0.00458925,1
89_BRANCH0_146,0,0.00453095,1
119_BRANCH0_158,1,0.00355095,1
119_BRANCH0_158,0,0.00451643,1
1,1,0.00403828,1
1,0,0.00370511,1
76_BRANCH0_257,1,0.00440846,1
76_BRANCH0_257,0,0.00293696,1
43_BRANCH0_131,1,0.00478636,1
43_BRANCH0_131,0,0.00352609,1
17_BRANCH0_381,1,0.00366197,1
17_BRANCH0_381,0,0.00367306,1
4_BRANCH0_154,1,0.00387003,1
4_BRANCH0_154,0,0.00468679,1
63,1,0.00323596,1
63,0,0.00309329,1
123,1,0.00427889,1
123,0,0.005113,1
14_BRANCH0_371,1,0.0233332,1
14_BRANCH0_371,0,0.0239122,1
147_BRANCH0_196,1,0.00356973,1
147_BRANCH0_196,0,0.0047336,1
99_BRANCH0_346,1,0.00409603,1
99_BRANCH0_346,0,0.00371457,1
353,1,0.00278282,1
353,0,0.00246544,1
82_BRANCH0_143,1,0.00415372,1
82_BRANCH0_143,0,0.00364965,1
354,1,0.00248067,1
354,0,0.00249534,1
126,1,0.00458536,1
126,0,0.00469576,1
30_BRANCH0_162,1,0.003958,1
30_BRANCH0_162,0,0.00512859,1
165_BRANCH0_199,1,0.00414082,1
165_BRANCH0_199,0,0.00359694,1
285_BRANCH0_343,1,0.00294515,1
285_BRANCH0_343,0,0.0769382,1
53_BRANCH0_374,1,0.0237503,1
53_BRANCH0_374,0,0.0234502,1
1_BRANCH0_118,1,0.004579,1
1_BRANCH0_118,0,0.00473033,1
143,1,0.00348754,1
143,0,0.00468832,1
304,1,0.00256807,1
304,0,0.00279001,1
112_BRANCH0_347,1,0.00350655,1
112_BRANCH0_347,0,13.1263,0
60_BRANCH0_342,1,0.00882139,1
60_BRANCH0_342,0,0.0114785,1
330,1,0.00396351,1
330,0,0.00272989,1
86,1,0.00353183,1
86,0,0.00510578,1
243,1,0.00349898,1
243,0,0.0026842,1
17_BRANCH0_159,1,0.00385558,1
17_BRANCH0_159,0,0.0045862,1
92_BRANCH0_194,1,0.00365332,1
92_BRANCH0_194,0,0.00373239,1
43,1,0.283433,1
43,0,0.00392433,1
8_BRANCH0_157,1,0.00330738,1
8_BRANCH0_157,0,0.00336767,1
198,1,0.00308075,1
198,0,0.00359004,1
8,1,0.0100282,1
8,0,0.0100314,1
21_BRANCH0_336,1,0.00894043,1
21_BRANCH0_336,0,0.00920571,1
21,1,0.0100227,1
21,0,0.00988354,1
339,1,0.00249489,1
339,0,0.00279011,1
105,1,0.00431571,1
105,0,0.00435131,1
43_BRANCH0_165,1,0.00391555,1
43_BRANCH0_165,0,0.00455128,1
143_BRANCH0_193,1,0.00386491,1
143_BRANCH0_193,0,0.0041944,1
82,1,0.449417,1
82,0,0.44691,1
24_BRANCH0_126,1,0.00452728,1
24_BRANCH0_126,0,0.00450061,1
92_BRANCH0_377,1,0.00292204,1
92_BRANCH0_377,0,0.00372711,1
4_BRANCH0_119,1,0.00417988,1
4_BRANCH0_119,0,0.0043056,1
260_BRANCH0_296,1,0.00328824,1
260_BRANCH0_296,0,0.00357612,1
289,1,0.0026917,1
289,0,0.0025726,1
27_BRANCH0_372,1,0.0231598,1
27_BRANCH0_372,0,0.00914312,1
407_BRANCH0_429,1,0.00346346,1
407_BRANCH0_429,0,0.00277984,1
193,1,0.00355105,1
193,0,0.00384156,1
190,1,0.00272561,1
190,0,0.00351544,1
139_BRANCH0_192,1,0.00360742,1
139_BRANCH0_192,0,0.00474987,1
306,1,0.00255505,1
306,0,0.00282654,1
404_BRANCH0_418,1,0.00418662,1
404_BRANCH0_418,0,0.00311377,1
432,1,0.00289372,1
432,0,0.0025498,1
63_BRANCH0_138,1,0.00463044,1
63_BRANCH0_138,0,0.00507883,1
47,1,0.0100398,1
47,0,0.0100694,1
105_BRANCH0_378,1,0.00426654,1
105_BRANCH0_378,0,0.00408228,1
203_BRANCH0_239,1,0.00349987,1
203_BRANCH0_239,0,0.00286688,1
102_BRANCH0_259,1,0.00363569,1
102_BRANCH0_259,0,17.5227,0
66_BRANCH0_190,1,0.00338061,1
66_BRANCH0_190,0,0.00348801,1
273_BRANCH0_335,1,0.00298226,1
273_BRANCH0_335,0,0.0736398,1
142,1,0.0045719,1
142,0,0.00472633,1
307,1,0.00260518,1
307,0,0.00277312,1
393,1,0.00423318,1
393,0,0.00309076,1
66,1,0.0289574,1
66,0,0.0295541,1
186,1,0.00387898,1
186,0,0.00471514,1
108_BRANCH0_180,1,0.00396685,1
108_BRANCH0_180,0,0.00446543,1
99_BRANCH0_195,1,0.0040737,1
99_BRANCH0_195,0,0.003966,1
112_BRANCH0_197,1,0.00393038,1
112_BRANCH0_197,0,0.00406371,1
11_BRANCH0_246,1,0.0421488,1
11_BRANCH0_246,0,0.00355775,1
185,1,0.00348511,1
185,0,0.00434579,1
273,1,0.00325885,1
273,0,0.00355198,1
213,1,0.00314027,1
213,0,0.00337519,1
345,1,0.00300608,1
345,0,0.00296306,1
131_BRANCH0_188,1,0.00466082,1
131_BRANCH0_188,0,0.00447316,1
69_BRANCH0_171,1,0.00396293,1
69_BRANCH0_171,0,0.00477172,1
69,1,0.00693153,1
69,0,0.0069449,1
404,1,0.00429067,1
404,0,0.0032696,1
14_BRANCH0_158,1,0.00357108,1
14_BRANCH0_158,0,0.0035633,1
95,1,0.270741,1
95,0,0.441449,1
73_BRANCH0_344,1,0.00594553,1
73_BRANCH0_344,0,0.00374981,1
99,1,0.00396859,1
99,0,0.00346446,1
162_BRANCH0_230,1,0.0039312,1
162_BRANCH0_230,0,0.0039813,1
360_BRANCH0_378,1,0.00355431,1
360_BRANCH0_378,0,0.00252811,1
76_BRANCH0_142,1,0.00489404,1
76_BRANCH0_142,0,0.00482771,1
346,1,0.00272211,1
346,0,0.00282631,1
4_BRANCH0_380,1,0.00376781,1
4_BRANCH0_380,0,0.00398229,1
92,1,0.00516169,1
92,0,0.00518496,1
82_BRANCH0_174,1,0.00380831,1
82_BRANCH0_174,0,0.00460403,1
89_BRANCH0_258,1,0.00408944,1
89_BRANCH0_258,0,0.00391868,1
381_BRANCH0_416,1,0.00288779,1
381_BRANCH0_416,0,0.0833805,1
82_BRANCH0_407,1,0.00366716,1
82_BRANCH0_407,0,0.00380558,1
301,1,0.00277568,1
301,0,0.00273837,1
86_BRANCH0_193,1,0.00392323,1
86_BRANCH0_193,0,0.00419086,1
309_BRANCH0_341,1,0.00427732,1
309_BRANCH0_341,0,0.00276848,1
89,1,0.00342579,1
89,0,0.0034249,1
260_BRANCH0_330,1,0.00361425,1
260_BRANCH0_330,0,0.00388878,1
285,1,0.00274499,1
285,0,0.00347661,1
309_BRANCH0_331,1,0.00405667,1
309_BRANCH0_331,0,0.00279342,1
251,1,0.00318381,1
251,0,0.00263385,1
386,1,0.00405286,1
386,0,0.00382918,1
95_BRANCH0_147,1,0.00422135,1
95_BRANCH0_147,0,0.00407737,1
276_BRANCH0_337,1,0.00275641,1
276_BRANCH0_337,0,0.0757228,1
102,1,0.00362327,1
102,0,0.00336677,1
379,1,36.836,0
379,0,0.00268531,1
95_BRANCH0_177,1,0.00448977,1
95_BRANCH0_177,0,0.00459355,1
319_BRANCH0_336,1,0.00406317,1
319_BRANCH0_336,0,0.00302999,1
404_BRANCH0_416,1,0.00340795,1
404_BRANCH0_416,0,0.0856632,1
154_BRANCH0_224,1,0.00394734,1
154_BRANCH0_224,0,0.00320687,1
242,1,0.00358262,1
242,0,0.00370436,1
342,1,0.0029823,1
342,0,0.00276886,1
360_BRANCH0_377,1,0.00691213,1
360_BRANCH0_377,0,0.00270722,1
102_BRANCH0_150,1,0.00470337,1
102_BRANCH0_150,0,0.00460605,1
381_BRANCH0_432,1,0.00287903,1
381_BRANCH0_432,0,0.00294286,1
188,1,0.00289555,1
188,0,0.0049906,1
333,1,0.00267218,1
333,0,0.00250513,1
108_BRANCH0_151,1,0.00427611,1
108_BRANCH0_151,0,0.00357953,1
115_BRANCH0_198,1,0.00371285,1
115_BRANCH0_198,0,0.003653,1
203_BRANCH0_247,1,0.00408614,1
203_BRANCH0_247,0,0.00265005,1
131_BRANCH0_187,1,0.00455689,1
131_BRANCH0_187,0,0.00415889,1
76,1,0.00341152,1
76,0,0.00344208,1
108,1,0.268327,1
108,0,0.689429,1
112,1,0.00366188,1
112,0,0.00359353,1
115_BRANCH0_379,1,0.00366108,1
115_BRANCH0_379,0,31.497,0
319_BRANCH0_334,1,0.0039718,1
319_BRANCH0_334,0,0.0027069,1
378,1,0.00257059,1
378,0,0.00244797,1
115,1,0.00366528,1
115,0,0.0036985,1
118,1,0.00485464,1
118,0,0.00463753,1
332,1,0.00292534,1
332,0,0.00277952,1
386_BRANCH0_431,1,0.00279986,1
386_BRANCH0_431,0,0.00351867,1
119_BRANCH0_157,1,0.00341497,1
119_BRANCH0_157,0,0.00431024,1
79_BRANCH0_376,1,0.00898577,1
79_BRANCH0_376,0,0.00358534,1
393_BRANCH0_425,1,0.00404785,1
393_BRANCH0_425,0,0.00367405,1
123_BRANCH0_183,1,0.00425192,1
123_BRANCH0_183,0,0.00419231,1
165_BRANCH0_233,1,0.00390899,1
165_BRANCH0_233,0,0.00406851,1
334,1,0.00901483,1
334,0,0.00430553,1
40_BRANCH0_186,1,0.00460687,1
40_BRANCH0_186,0,0.0046339,1
422_BRANCH0_432,1,0.00287961,1
422_BRANCH0_432,0,0.00272218,1
260,1,0.00348982,1
260,0,0.00365391,1
264_BRANCH0_296,1,0.00311051,1
264_BRANCH0_296,0,0.00363467,1
300,1,0.00272232,1
300,0,0.00361903,1
264_BRANCH0_331,1,0.00256971,1
264_BRANCH0_331,0,0.00383194,1
264,1,0.00315158,1
264,0,0.00368632,1
357,1,0.00272754,1
357,0,0.00283345,1
267_BRANCH0_332,1,0.00274649,1
267_BRANCH0_332,0,0.00381071,1
267,1,0.00301659,1
267,0,0.00351058,1
270_BRANCH0_296,1,0.00276107,1
270_BRANCH0_296,0,0.00337428,1
352,1,0.0025107,1
352,0,0.00247854,1
270_BRANCH0_333,1,0.00242004,1
270_BRANCH0_333,0,0.0740498,1
425_BRANCH0_432,1,0.00341564,1
425_BRANCH0_432,0,0.00355699,1
270,1,0.0027705,1
270,0,0.00332923,1
276_BRANCH0_296,1,0.00274376,1
276_BRANCH0_296,0,0.00344276,1
276,1,0.00287948,1
276,0,0.00354801,1
309_BRANCH0_330,1,0.00392153,1
309_BRANCH0_330,0,0.00292013,1
411_BRANCH0_420,1,0.00428353,1
411_BRANCH0_420,0,0.00256494,1
279_BRANCH0_296,1,0.00307917,1
279_BRANCH0_296,0,0.00365116,1
279_BRANCH0_339,1,0.0026919,1
279_BRANCH0_339,0,0.0713306,1
279,1,0.00305016,1
279,0,0.00327149,1
282_BRANCH0_296,1,0.00310958,1
282_BRANCH0_296,0,0.00331857,1
282_BRANCH0_341,1,0.0027315,1
282_BRANCH0_341,0,0.00349996,1
282,1,0.00329956,1
282,0,0.00371057,1
288,1,0.0030997,1
288,0,0.00282552,1
290,1,0.00278581,1
290,0,0.00261167,1
291,1,0.00282887,1
291,0,0.00254751,1
292,1,0.00279602,1
292,0,0.00252708,1
293,1,0.00293991,1
293,0,0.00249005,1
295,1,0.00281346,1
295,0,0.00265149,1
296_BRANCH0_309,1,0.00273104,1
296_BRANCH0_309,0,0.00388727,1
296_BRANCH0_319,1,0.00319142,1
296_BRANCH0_319,0,0.00422361,1
296,1,0.0025024,1
296,0,0.00363583,1
302,1,0.00289128,1
302,0,0.0026961,1
303,1,0.00252806,1
303,0,0.00283163,1
305,1,0.00242879,1
305,0,0.00301103,1
309_BRANCH0_333,1,0.00427653,1
309_BRANCH0_333,0,0.0028376,1
309_BRANCH0_339,1,0.00413101,1
309_BRANCH0_339,0,0.00278444,1
399_BRANCH0_428,1,0.0036268,1
399_BRANCH0_428,0,0.00272056,1
309_BRANCH0_343,1,0.00402906,1
309_BRANCH0_343,0,0.00295526,1
319_BRANCH0_345,1,0.00452176,1
319_BRANCH0_345,0,0.00313661,1
309,1,0.00415183,1
309,0,0.00274855,1
319_BRANCH0_340,1,0.00440563,1
319_BRANCH0_340,0,0.00292191,1
319_BRANCH0_342,1,0.00459508,1
319_BRANCH0_342,0,0.00305982,1
319_BRANCH0_344,1,0.00454114,1
319_BRANCH0_344,0,0.00309454,1
319_BRANCH0_346,1,0.00473444,1
319_BRANCH0_346,0,0.00282416,1
319_BRANCH0_347,1,0.00422085,1
319_BRANCH0_347,0,11.1303,0
331,1,0.00296335,1
331,0,0.00288,1
319,1,0.00430888,1
319,0,0.00289263,1
329,1,0.00387103,1
329,0,0.00237501,1
336,1,0.00292916,1
336,0,0.0030958,1
357_BRANCH0_360,1,0.0027274,1
357_BRANCH0_360,0,0.00293509,1
337,1,0.00329654,1
337,0,0.00257399,1
338,1,0.0190872,1
338,0,0.00277277,1
343,1,0.00260017,1
343,0,0.00280394,1
344,1,0.00298359,1
344,0,0.00322736,1
386_BRANCH0_422,1,0.199464,1
386_BRANCH0_422,0,0.00298849,1
349,1,0.00281279,1
349,0,0.00244716,1
351,1,0.00273177,1
351,0,0.0025493,1
355,1,0.00277614,1
355,0,0.00249328,1
356,1,0.00250016,1
356,0,0.00252138,1
357_BRANCH0_370,1,0.00248963,1
357_BRANCH0_370,0,0.00286343,1
360_BRANCH0_371,1,0.00309031,1
360_BRANCH0_371,0,0.00357218,1
360_BRANCH0_372,1,0.00282254,1
360_BRANCH0_372,0,0.0846305,1
360_BRANCH0_374,1,0.190999,1
360_BRANCH0_374,0,0.0847996,1
360_BRANCH0_375,1,0.0534157,1
360_BRANCH0_375,0,0.0252231,1
360_BRANCH0_379,1,0.111157,1
360_BRANCH0_379,0,39.5684,0
370,1,0.00267477,1
370,0,0.0025629,1
371,1,0.00902493,1
371,0,0.00270568,1
372,1,0.00311756,1
372,0,0.00286866,1
373,1,0.084863,1
373,0,0.00248517,1
374,1,0.0837012,1
374,0,0.00248736,1
375,1,0.0030895,1
375,0,0.00244965,1
376,1,0.00874124,1
376,0,0.00261727,1
377,1,0.00258068,1
377,0,0.00258944,1
380,1,0.00389758,1
380,0,0.00361878,1
381_BRANCH0_430,1,0.00282541,1
381_BRANCH0_430,0,0.00298211,1
381_BRANCH0_431,1,0.00292728,1
381_BRANCH0_431,0,0.00367749,1
381,1,0.00283233,1
381,0,0.00244859,1
386_BRANCH0_429,1,0.00386844,1
386_BRANCH0_429,0,0.00330106,1
386_BRANCH0_430,1,0.00280932,1
386_BRANCH0_430,0,0.00277831,1
393_BRANCH0_416,1,0.00462268,1
393_BRANCH0_416,0,0.080972,1
393_BRANCH0_417,1,0.00427191,1
393_BRANCH0_417,0,0.00334933,1
393_BRANCH0_428,1,0.00366003,1
393_BRANCH0_428,0,0.00277457,1
399_BRANCH0_416,1,0.0037494,1
399_BRANCH0_416,0,0.0863342,1
399_BRANCH0_425,1,0.00366233,1
399_BRANCH0_425,0,0.00276357,1
399_BRANCH0_430,1,0.00398324,1
399_BRANCH0_430,0,0.00290922,1
399,1,0.00442127,1
399,0,0.00287877,1
407_BRANCH0_416,1,0.00340196,1
407_BRANCH0_416,0,0.0823597,1
407_BRANCH0_419,1,0.00431307,1
407_BRANCH0_419,0,0.00282875,1
407,1,0.00429397,1
407,0,0.00258786,1
411,1,0.00387845,1
411,0,0.00268824,1
414,1,0.00415336,1
414,0,0.0958026,1
417,1,0.00347773,1
417,0,0.00333994,1
419,1,0.00265936,1
419,0,0.00389393,1
420,1,0.00262712,1
420,0,0.0042407,1
421,1,0.00266191,1
421,0,0.0029784,1
422_BRANCH0_430,1,0.00330173,1
422_BRANCH0_430,0,0.00247953,1
422,1,0.00270416,1
422,0,0.00254385,1
425_BRANCH0_431,1,0.00334261,1
425_BRANCH0_431,0,0.00360435,1
425,1,0.00389437,1
425,0,0.00388022,1
428,1,0.00326491,1
428,0,0.00300561,1
429,1,0.00331459,1
429,0,0.00412563,1
430,1,0.00311256,1
430,0,0.00278665,1
431,1,0.00327069,1
431,0,0.00305939,1
