248.645
254,1,0.00300371,1
254,0,0.00141698,1
415,1,0.00205651,1
415,0,0.000686256,1
250,1,0.00272527,1
250,0,0.00146671,1
341,1,0.00141234,1
341,0,0.00113552,1
247,1,0.00131065,1
247,0,0.00114465,1
236_BRANCH0_273,1,0.00134249,1
236_BRANCH0_273,0,0.00199325,1
247_BRANCH0_282,1,0.00123502,1
247_BRANCH0_282,0,0.00200941,1
246,1,0.00284344,1
246,0,0.00128032,1
157,1,0.00102055,1
157,0,0.00185319,1
30_BRANCH0_386,1,0.00164677,1
30_BRANCH0_386,0,0.00181598,1
243_BRANCH0_293,1,0.00146028,1
243_BRANCH0_293,0,0.00114321,1
273_BRANCH0_296,1,0.00202088,1
273_BRANCH0_296,0,0.000990788,1
243_BRANCH0_279,1,0.00125337,1
243_BRANCH0_279,0,0.00206086,1
239,1,0.00123635,1
239,0,0.0011662,1
239_BRANCH0_276,1,0.00128546,1
239_BRANCH0_276,0,0.00208298,1
236,1,0.00133456,1
236,0,0.00119999,1
411_BRANCH0_416,1,0.00139304,1
411_BRANCH0_416,0,5.03493,1
233_BRANCH0_270,1,0.0014081,1
233_BRANCH0_270,0,0.00179259,1
230,1,0.00124336,1
230,0,0.00119636,1
199_BRANCH0_223,1,0.000678217,1
199_BRANCH0_223,0,0.000624669,1
230_BRANCH0_289,1,0.00131352,1
230_BRANCH0_289,0,0.00118853,1
230_BRANCH0_267,1,0.00127503,1
230_BRANCH0_267,0,0.00212118,1
27,1,0.00110793,1
27,0,0.00102671,1
224,1,0.00130523,1
224,0,0.00102283,1
134,1,0.00111911,1
134,0,0.00102858,1
223,1,0.000673057,1
223,0,0.000561782,1
130,1,0.000961,1
130,0,0.00111088,1
213_BRANCH0_259,1,0.00135206,1
213_BRANCH0_259,0,7.7135,0
213_BRANCH0_254,1,0.00115029,1
213_BRANCH0_254,0,0.00285765,1
213_BRANCH0_242,1,0.00101689,1
213_BRANCH0_242,0,0.00130515,1
203,1,0.00114846,1
203,0,0.0014196,1
203_BRANCH0_251,1,0.00232115,1
203_BRANCH0_251,0,0.00123163,1
191,1,0.00116739,1
191,0,0.00132493,1
203_BRANCH0_243,1,0.00183922,1
203_BRANCH0_243,0,0.00125123,1
171_BRANCH0_239,1,0.00136275,1
171_BRANCH0_239,0,0.00138454,1
416,1,0.00127066,1
416,0,4.80744,1
251_BRANCH0_295,1,0.00239442,1
251_BRANCH0_295,0,0.00123099,1
203_BRANCH0_236,1,0.00225082,1
203_BRANCH0_236,0,0.0012012,1
203_BRANCH0_230,1,0.00179997,1
203_BRANCH0_230,0,0.00120554,1
203_BRANCH0_227,1,0.00176487,1
203_BRANCH0_227,0,0.00177366,1
257,1,0.00292133,1
257,0,0.00135399,1
138,1,0.000782303,1
138,0,0.000915997,1
34_BRANCH0_185,1,0.00121862,1
34_BRANCH0_185,0,0.00135076,1
66_BRANCH0_375,1,0.0011303,1
66_BRANCH0_375,0,0.00106909,1
203_BRANCH0_224,1,0.00129007,1
203_BRANCH0_224,0,0.00188392,1
40_BRANCH0_373,1,0.00110197,1
40_BRANCH0_373,0,0.00106904,1
199,1,0.00067273,1
199,0,0.000643599,1
69_BRANCH0_139,1,0.00251046,1
69_BRANCH0_139,0,0.00190117,1
86_BRANCH0_345,1,0.00146646,1
86_BRANCH0_345,0,0.00118389,1
296_BRANCH0_329,1,0.000762087,1
296_BRANCH0_329,0,0.000915821,1
197,1,0.00096972,1
197,0,0.00140307,1
196,1,0.00102971,1
196,0,0.00125602,1
123_BRANCH0_184,1,0.00131227,1
123_BRANCH0_184,0,0.00219993,1
195,1,0.00108783,1
195,0,0.00127461,1
192,1,0.00103995,1
192,0,0.0013478,1
189,1,0.0010306,1
189,0,0.00130729,1
308,1,0.00190503,1
308,0,0.00121278,1
203_BRANCH0_233,1,0.00194375,1
203_BRANCH0_233,0,0.00125344,1
386_BRANCH0_416,1,0.00141684,1
386_BRANCH0_416,0,4.69998,1
386_BRANCH0_425,1,0.00156934,1
386_BRANCH0_425,0,0.00254437,1
187,1,0.0010934,1
187,0,0.00184373,1
158,1,0.000973371,1
158,0,0.00126383,1
251_BRANCH0_285,1,0.00196377,1
251_BRANCH0_285,0,0.00207689,1
184,1,0.00105233,1
184,0,0.00137131,1
285_BRANCH0_296,1,0.00157028,1
285_BRANCH0_296,0,0.000988423,1
183,1,0.000981464,1
183,0,0.00184749,1
73,1,0.00130827,1
73,0,0.00131617,1
180_BRANCH0_251,1,0.00131963,1
180_BRANCH0_251,0,0.00136141,1
263,1,0.000990048,1
263,0,0.0013291,1
180_BRANCH0_199,1,0.000943921,1
180_BRANCH0_199,0,0.00069503,1
177,1,0.000579471,1
177,0,0.000703285,1
139,1,0.00144515,1
139,0,0.00268097,1
309_BRANCH0_337,1,0.00124338,1
309_BRANCH0_337,0,0.00115652,1
227_BRANCH0_264,1,0.00129339,1
227_BRANCH0_264,0,0.00227076,1
168_BRANCH0_199,1,0.000687711,1
168_BRANCH0_199,0,0.000675134,1
174,1,0.000889121,1
174,0,0.00073848,1
34_BRANCH0_338,1,0.0010902,1
34_BRANCH0_338,0,0.00116808,1
174_BRANCH0_199,1,0.000729576,1
174_BRANCH0_199,0,0.000757604,1
171,1,0.000601593,1
171,0,0.000708831,1
95_BRANCH0_411,1,0.00154464,1
95_BRANCH0_411,0,0.00211682,1
174_BRANCH0_243,1,0.00173034,1
174_BRANCH0_243,0,0.00129569,1
224_BRANCH0_263,1,0.00140374,1
224_BRANCH0_263,0,0.000955273,1
180,1,0.000699032,1
180,0,0.000662813,1
168,1,0.00110707,1
168,0,0.000649512,1
165,1,0.000621255,1
165,0,0.000728579,1
162,1,0.000597001,1
162,0,0.00070518,1
159_BRANCH0_227,1,0.00126802,1
159_BRANCH0_227,0,0.00138368,1
21_BRANCH0_183,1,0.00139305,1
21_BRANCH0_183,0,0.00129875,1
213_BRANCH0_256,1,0.00141127,1
213_BRANCH0_256,0,0.00296967,1
4,1,0.000773011,1
4,0,0.000932614,1
154,1,0.000660712,1
154,0,0.000706262,1
159_BRANCH0_199,1,0.00115298,1
159_BRANCH0_199,0,0.000725966,1
194,1,0.000975435,1
194,0,0.00142518,1
154_BRANCH0_199,1,0.000727586,1
154_BRANCH0_199,0,0.000752069,1
151,1,0.00163289,1
151,0,0.00229032,1
47_BRANCH0_340,1,0.00145725,1
47_BRANCH0_340,0,0.00121686,1
122,1,0.00113512,1
122,0,0.00105127,1
151_BRANCH0_198,1,0.00117825,1
151_BRANCH0_198,0,0.00213414,1
1_BRANCH0_242,1,0.00116925,1
1_BRANCH0_242,0,0.00307554,1
47_BRANCH0_187,1,0.00129845,1
47_BRANCH0_187,0,0.00129311,1
150,1,0.000701656,1
150,0,0.000646885,1
147,1,0.0012243,1
147,0,0.00224552,1
147_BRANCH0_195,1,0.00199947,1
147_BRANCH0_195,0,0.00215563,1
233_BRANCH0_290,1,0.00147663,1
233_BRANCH0_290,0,0.00118291,1
146,1,0.00118339,1
146,0,0.000636409,1
360,1,0.00138926,1
360,0,0.00383166,1
171_BRANCH0_199,1,0.000775349,1
171_BRANCH0_199,0,0.00066488,1
143_BRANCH0_194,1,0.00126205,1
143_BRANCH0_194,0,0.00213703,1
255,1,0.00294732,1
255,0,0.00129978,1
139_BRANCH0_191,1,0.00220937,1
139_BRANCH0_191,0,0.00172829,1
213_BRANCH0_255,1,0.00140989,1
213_BRANCH0_255,0,0.00290983,1
79_BRANCH0_192,1,0.00141679,1
79_BRANCH0_192,0,0.00127815,1
199_BRANCH0_213,1,0.00304546,1
199_BRANCH0_213,0,0.00144751,1
340,1,0.00118552,1
340,0,0.00139414,1
348,1,0.000985917,1
348,0,0.00119728,1
135,1,0.00164254,1
135,0,0.00225136,1
213_BRANCH0_250,1,0.00129795,1
213_BRANCH0_250,0,0.00286794,1
151_BRANCH0_197,1,0.0014714,1
151_BRANCH0_197,0,0.0021254,1
360_BRANCH0_373,1,0.0013732,1
360_BRANCH0_373,0,0.000923668,1
135_BRANCH0_190,1,0.00137093,1
135_BRANCH0_190,0,0.00218687,1
309_BRANCH0_332,1,0.00124478,1
309_BRANCH0_332,0,0.00114485,1
350,1,0.00128775,1
350,0,0.00120031,1
135_BRANCH0_189,1,0.00135454,1
135_BRANCH0_189,0,0.00215896,1
131,1,0.00168092,1
131,0,0.00223284,1
127,1,0.00130384,1
127,0,0.00266424,1
335,1,0.00137999,1
335,0,0.00118109,1
227,1,0.00131259,1
227,0,0.00230391,1
213_BRANCH0_246,1,0.00129446,1
213_BRANCH0_246,0,0.0011999,1
79,1,0.00115935,1
79,0,0.00112141,1
177_BRANCH0_247,1,0.00135039,1
177_BRANCH0_247,0,0.00134739,1
56,1,0.00174317,1
56,0,0.00144875,1
56_BRANCH0_168,1,0.000777714,1
56_BRANCH0_168,0,0.000986554,1
53,1,0.00142274,1
53,0,0.0014071,1
159,1,0.00121167,1
159,0,0.000752266,1
8_BRANCH0_334,1,0.000967173,1
8_BRANCH0_334,0,0.00149945,1
53_BRANCH0_188,1,0.00150109,1
53_BRANCH0_188,0,0.00141489,1
50,1,0.00164846,1
50,0,0.00144519,1
50_BRANCH0_255,1,0.00200492,1
50_BRANCH0_255,0,0.0028541,1
227_BRANCH0_288,1,0.00145018,1
227_BRANCH0_288,0,0.00116808,1
393_BRANCH0_429,1,16.8129,0
393_BRANCH0_429,0,0.00214801,1
50_BRANCH0_134,1,0.00115745,1
50_BRANCH0_134,0,0.00119305,1
27_BRANCH0_184,1,0.00128565,1
27_BRANCH0_184,0,0.00154414,1
40,1,0.00116426,1
40,0,0.00110914,1
309_BRANCH0_335,1,0.00111306,1
309_BRANCH0_335,0,0.00116537,1
73_BRANCH0_191,1,0.00138536,1
73_BRANCH0_191,0,0.00219359,1
247_BRANCH0_294,1,0.00149721,1
247_BRANCH0_294,0,0.00117394,1
37_BRANCH0_254,1,0.00335466,1
37_BRANCH0_254,0,0.00295093,1
224_BRANCH0_260,1,0.00134894,1
224_BRANCH0_260,0,0.00106837,1
239_BRANCH0_292,1,0.00143842,1
239_BRANCH0_292,0,0.0011619,1
108_BRANCH0_414,1,0.0015098,1
108_BRANCH0_414,0,0.00225561,1
199_BRANCH0_203,1,0.00157809,1
199_BRANCH0_203,0,0.00114425,1
119,1,0.00131974,1
119,0,0.00262891,1
258,1,0.00303275,1
258,0,0.00141196,1
177_BRANCH0_199,1,0.000754345,1
177_BRANCH0_199,0,0.000848614,1
14,1,0.00123858,1
14,0,0.00128633,1
30,1,0.00179185,1
30,0,0.0018247,1
319_BRANCH0_338,1,0.00136752,1
319_BRANCH0_338,0,0.00125546,1
56_BRANCH0_399,1,0.00177101,1
56_BRANCH0_399,0,0.00165212,1
127_BRANCH0_186,1,0.00144321,1
127_BRANCH0_186,0,0.00219069,1
43_BRANCH0_393,1,0.00148033,1
43_BRANCH0_393,0,0.00160262,1
17,1,0.00160995,1
17,0,0.00181478,1
11,1,0.00145143,1
11,0,0.0014461,1
236_BRANCH0_291,1,0.00149921,1
236_BRANCH0_291,0,0.00124743,1
69_BRANCH0_404,1,0.00146393,1
69_BRANCH0_404,0,0.00177436,1
37_BRANCH0_130,1,0.00118096,1
37_BRANCH0_130,0,0.0006106,1
233,1,0.00118793,1
233,0,0.00121075,1
11_BRANCH0_122,1,0.00111109,1
11_BRANCH0_122,0,0.000644605,1
360_BRANCH0_376,1,0.00124947,1
360_BRANCH0_376,0,0.00115747,1
213_BRANCH0_257,1,0.00126431,1
213_BRANCH0_257,0,0.00299125,1
17_BRANCH0_123,1,0.00228209,1
17_BRANCH0_123,0,0.00233296,1
294,1,0.00124191,1
294,0,0.00201492,1
30_BRANCH0_127,1,0.00247175,1
30_BRANCH0_127,0,0.00231831,1
162_BRANCH0_199,1,0.000732309,1
162_BRANCH0_199,0,0.000685005,1
60,1,0.00120855,1
60,0,0.00121835,1
105_BRANCH0_196,1,0.00142238,1
105_BRANCH0_196,0,0.00130078,1
267_BRANCH0_296,1,0.00194805,1
267_BRANCH0_296,0,0.00101613,1
56_BRANCH0_135,1,0.00229653,1
56_BRANCH0_135,0,0.0013096,1
418,1,0.00119683,1
418,0,0.00133833,1
24,1,0.00137629,1
24,0,0.00133895,1
63_BRANCH0_256,1,0.00307597,1
63_BRANCH0_256,0,0.00166651,1
168_BRANCH0_236,1,0.00148523,1
168_BRANCH0_236,0,0.00139164,1
347,1,11.6451,0
347,0,0.0012742,1
60_BRANCH0_189,1,0.00141094,1
60_BRANCH0_189,0,0.00134754,1
24_BRANCH0_250,1,0.00216643,1
24_BRANCH0_250,0,0.00161387,1
127_BRANCH0_185,1,0.00151253,1
127_BRANCH0_185,0,0.002242,1
213_BRANCH0_258,1,0.00134915,1
213_BRANCH0_258,0,0.00290427,1
256,1,0.00297138,1
256,0,0.0013626,1
34,1,0.00126111,1
34,0,0.00126247,1
259,1,7.70426,0
259,0,0.00135056,1
37,1,0.00156466,1
37,0,0.00146365,1
89_BRANCH0_146,1,0.00135241,1
89_BRANCH0_146,0,0.000695795,1
119_BRANCH0_158,1,0.00118625,1
119_BRANCH0_158,0,0.00220872,1
1,1,0.00124655,1
1,0,0.00113466,1
76_BRANCH0_257,1,0.00339706,1
76_BRANCH0_257,0,0.00164686,1
43_BRANCH0_131,1,0.00275523,1
43_BRANCH0_131,0,0.00224664,1
17_BRANCH0_381,1,0.00141257,1
17_BRANCH0_381,0,0.00152628,1
4_BRANCH0_154,1,0.00132875,1
4_BRANCH0_154,0,0.000640617,1
63,1,0.00130302,1
63,0,0.00127052,1
123,1,0.00244185,1
123,0,0.00228408,1
14_BRANCH0_371,1,0.00111966,1
14_BRANCH0_371,0,0.00151981,1
147_BRANCH0_196,1,0.00133372,1
147_BRANCH0_196,0,0.00209031,1
99_BRANCH0_346,1,0.00129735,1
99_BRANCH0_346,0,0.00120749,1
353,1,0.00124046,1
353,0,0.00126346,1
82_BRANCH0_143,1,0.0022154,1
82_BRANCH0_143,0,0.00134684,1
354,1,0.00123484,1
354,0,0.00121697,1
126,1,0.00136403,1
126,0,0.00117941,1
30_BRANCH0_162,1,0.000628047,1
30_BRANCH0_162,0,0.000616392,1
165_BRANCH0_199,1,0.000923815,1
165_BRANCH0_199,0,0.000769663,1
285_BRANCH0_343,1,0.00108677,1
285_BRANCH0_343,0,0.00120262,1
53_BRANCH0_374,1,0.00126589,1
53_BRANCH0_374,0,0.00126616,1
1_BRANCH0_118,1,0.00129911,1
1_BRANCH0_118,0,0.000686885,1
143,1,0.00131234,1
143,0,0.00269606,1
304,1,0.00245726,1
304,0,0.00122012,1
112_BRANCH0_347,1,0.00124711,1
112_BRANCH0_347,0,13.4564,0
60_BRANCH0_342,1,0.00110094,1
60_BRANCH0_342,0,0.0013468,1
330,1,0.001447,1
330,0,0.00103782,1
86,1,0.00122043,1
86,0,0.00123849,1
243,1,0.00131073,1
243,0,0.00118287,1
17_BRANCH0_159,1,0.00119109,1
17_BRANCH0_159,0,0.00113162,1
92_BRANCH0_194,1,0.00124178,1
92_BRANCH0_194,0,0.00131,1
43,1,0.00180346,1
43,0,0.00150915,1
8_BRANCH0_157,1,0.00206486,1
8_BRANCH0_157,0,0.00257014,1
198,1,0.00109073,1
198,0,0.0015376,1
8,1,0.00150994,1
8,0,0.00250636,1
21_BRANCH0_336,1,0.0011812,1
21_BRANCH0_336,0,0.00126967,1
21,1,0.00144014,1
21,0,0.00130741,1
339,1,0.00137248,1
339,0,0.0012711,1
105,1,0.00113509,1
105,0,0.00121091,1
43_BRANCH0_165,1,0.00136648,1
43_BRANCH0_165,0,0.000739578,1
143_BRANCH0_193,1,0.00133861,1
143_BRANCH0_193,0,0.00218262,1
82,1,0.00180317,1
82,0,0.00163467,1
24_BRANCH0_126,1,0.000776041,1
24_BRANCH0_126,0,0.00117427,1
92_BRANCH0_377,1,0.0012543,1
92_BRANCH0_377,0,0.00163703,1
4_BRANCH0_119,1,0.00266457,1
4_BRANCH0_119,0,0.00166335,1
260_BRANCH0_296,1,0.000966281,1
260_BRANCH0_296,0,0.00103204,1
289,1,0.00118628,1
289,0,0.00195106,1
27_BRANCH0_372,1,0.00132802,1
27_BRANCH0_372,0,0.00131916,1
407_BRANCH0_429,1,0.00134807,1
407_BRANCH0_429,0,0.00227118,1
193,1,0.00110112,1
193,0,0.00252021,1
190,1,0.00106236,1
190,0,0.00128493,1
139_BRANCH0_192,1,0.00135075,1
139_BRANCH0_192,0,0.00221801,1
306,1,0.00240881,1
306,0,0.00128088,1
404_BRANCH0_418,1,0.00137786,1
404_BRANCH0_418,0,0.00132017,1
432,1,0.00169523,1
432,0,0.00128227,1
63_BRANCH0_138,1,0.000758784,1
63_BRANCH0_138,0,0.00127605,1
47,1,0.00131394,1
47,0,0.00133594,1
105_BRANCH0_378,1,0.00146392,1
105_BRANCH0_378,0,0.00151086,1
203_BRANCH0_239,1,0.0020518,1
203_BRANCH0_239,0,0.00128812,1
102_BRANCH0_259,1,0.00321895,1
102_BRANCH0_259,0,8.75755,0
66_BRANCH0_190,1,0.00124181,1
66_BRANCH0_190,0,0.00129501,1
273_BRANCH0_335,1,0.00124066,1
273_BRANCH0_335,0,0.00129953,1
142,1,0.00127655,1
142,0,0.00065109,1
307,1,0.00231416,1
307,0,0.00123448,1
393,1,0.0012845,1
393,0,0.00141257,1
66,1,0.00123092,1
66,0,0.00109012,1
186,1,0.00107715,1
186,0,0.0013328,1
108_BRANCH0_180,1,0.00145353,1
108_BRANCH0_180,0,0.000629299,1
99_BRANCH0_195,1,0.00119144,1
99_BRANCH0_195,0,0.00142696,1
112_BRANCH0_197,1,0.00141644,1
112_BRANCH0_197,0,0.00126391,1
11_BRANCH0_246,1,0.00342446,1
11_BRANCH0_246,0,0.0030641,1
185,1,0.0012436,1
185,0,0.00146115,1
273,1,0.00208025,1
273,0,0.00110257,1
213,1,0.00130395,1
213,0,0.0030339,1
345,1,0.00128433,1
345,0,0.0013453,1
131_BRANCH0_188,1,0.0013524,1
131_BRANCH0_188,0,0.00230369,1
69_BRANCH0_171,1,0.00129425,1
69_BRANCH0_171,0,0.000665215,1
69,1,0.00168022,1
69,0,0.00152204,1
404,1,0.0014808,1
404,0,0.00136589,1
14_BRANCH0_158,1,0.00128732,1
14_BRANCH0_158,0,0.00128059,1
95,1,0.00182578,1
95,0,0.00152172,1
73_BRANCH0_344,1,0.00128937,1
73_BRANCH0_344,0,0.00129309,1
99,1,0.00154963,1
99,0,0.00143308,1
162_BRANCH0_230,1,0.00196496,1
162_BRANCH0_230,0,0.0013882,1
360_BRANCH0_378,1,0.00148744,1
360_BRANCH0_378,0,0.00110362,1
76_BRANCH0_142,1,0.000696106,1
76_BRANCH0_142,0,0.000655533,1
346,1,0.00105999,1
346,0,0.00136058,1
4_BRANCH0_380,1,0.00163859,1
4_BRANCH0_380,0,0.000826257,1
92,1,0.00141218,1
92,0,0.00116938,1
82_BRANCH0_174,1,0.00110576,1
82_BRANCH0_174,0,0.00131935,1
89_BRANCH0_258,1,0.00172028,1
89_BRANCH0_258,0,0.00273943,1
381_BRANCH0_416,1,0.00139545,1
381_BRANCH0_416,0,4.71865,1
82_BRANCH0_407,1,0.0018708,1
82_BRANCH0_407,0,0.00190845,1
301,1,0.00249236,1
301,0,0.00128815,1
86_BRANCH0_193,1,0.00141973,1
86_BRANCH0_193,0,0.00133069,1
309_BRANCH0_341,1,0.00126789,1
309_BRANCH0_341,0,0.00117409,1
89,1,0.00178574,1
89,0,0.00141993,1
260_BRANCH0_330,1,0.00095703,1
260_BRANCH0_330,0,0.00114408,1
285,1,0.00160494,1
285,0,0.00104251,1
309_BRANCH0_331,1,0.00123421,1
309_BRANCH0_331,0,0.00123439,1
251,1,0.00198458,1
251,0,0.00124565,1
386,1,0.00130768,1
386,0,0.00144286,1
95_BRANCH0_147,1,0.00234395,1
95_BRANCH0_147,0,0.00167438,1
276_BRANCH0_337,1,0.00119278,1
276_BRANCH0_337,0,0.00133463,1
102,1,0.00136203,1
102,0,0.00248871,1
379,1,43.6927,0
379,0,0.00134548,1
95_BRANCH0_177,1,0.0011665,1
95_BRANCH0_177,0,0.000697063,1
319_BRANCH0_336,1,0.0011822,1
319_BRANCH0_336,0,0.00103856,1
404_BRANCH0_416,1,0.00151729,1
404_BRANCH0_416,0,4.82507,1
154_BRANCH0_224,1,0.00242915,1
154_BRANCH0_224,0,0.00101377,1
242,1,0.00345917,1
242,0,0.000896105,1
342,1,0.00107099,1
342,0,0.00131057,1
360_BRANCH0_377,1,0.0013882,1
360_BRANCH0_377,0,0.00116284,1
102_BRANCH0_150,1,0.000708805,1
102_BRANCH0_150,0,0.00123614,1
381_BRANCH0_432,1,0.00122095,1
381_BRANCH0_432,0,0.0017537,1
188,1,0.00121457,1
188,0,0.00131671,1
333,1,0.00143758,1
333,0,0.00132372,1
108_BRANCH0_151,1,0.00234551,1
108_BRANCH0_151,0,0.00142188,1
115_BRANCH0_198,1,0.0013075,1
115_BRANCH0_198,0,0.0012528,1
203_BRANCH0_247,1,0.00200231,1
203_BRANCH0_247,0,0.00127769,1
131_BRANCH0_187,1,0.00141245,1
131_BRANCH0_187,0,0.00221172,1
76,1,0.00144727,1
76,0,0.0014091,1
108,1,0.00196701,1
108,0,0.00201998,1
112,1,0.00153402,1
112,0,0.00135878,1
115_BRANCH0_379,1,0.00163466,1
115_BRANCH0_379,0,32.7785,0
319_BRANCH0_334,1,0.00105204,1
319_BRANCH0_334,0,0.00138201,1
378,1,0.00100138,1
378,0,0.00142253,1
115,1,0.723051,1
115,0,0.728697,1
118,1,0.000836084,1
118,0,0.00063429,1
332,1,0.00134018,1
332,0,0.00128713,1
386_BRANCH0_431,1,0.00127281,1
386_BRANCH0_431,0,0.00153183,1
119_BRANCH0_157,1,0.00241121,1
119_BRANCH0_157,0,0.00218681,1
79_BRANCH0_376,1,0.00125128,1
79_BRANCH0_376,0,0.00121593,1
393_BRANCH0_425,1,0.0014153,1
393_BRANCH0_425,0,0.00258665,1
123_BRANCH0_183,1,0.00147562,1
123_BRANCH0_183,0,0.00218043,1
165_BRANCH0_233,1,0.0019221,1
165_BRANCH0_233,0,0.00135061,1
334,1,0.00163556,1
334,0,0.000802725,1
40_BRANCH0_186,1,0.00122004,1
40_BRANCH0_186,0,0.00138861,1
422_BRANCH0_432,1,0.0029042,1
422_BRANCH0_432,0,0.00126095,1
260,1,0.00110305,1
260,0,0.00106163,1
264_BRANCH0_296,1,0.00224956,1
264_BRANCH0_296,0,0.000980534,1
300,1,0.00128203,1
300,0,0.00101491,1
264_BRANCH0_331,1,0.00114076,1
264_BRANCH0_331,0,0.00127467,1
264,1,0.00239634,1
264,0,0.00102832,1
357,1,0.000777251,1
357,0,0.00111482,1
267_BRANCH0_332,1,0.00125307,1
267_BRANCH0_332,0,0.00132879,1
267,1,0.0018494,1
267,0,0.00105656,1
270_BRANCH0_296,1,0.00219567,1
270_BRANCH0_296,0,0.00103176,1
352,1,0.00118425,1
352,0,0.00120973,1
270_BRANCH0_333,1,0.0012073,1
270_BRANCH0_333,0,0.00115529,1
425_BRANCH0_432,1,0.00257463,1
425_BRANCH0_432,0,0.00127172,1
270,1,0.00183598,1
270,0,0.00103097,1
276_BRANCH0_296,1,0.00182076,1
276_BRANCH0_296,0,0.000990549,1
276,1,0.00222354,1
276,0,0.00102296,1
309_BRANCH0_330,1,0.00118441,1
309_BRANCH0_330,0,0.0010128,1
411_BRANCH0_420,1,0.0013438,1
411_BRANCH0_420,0,0.00090988,1
279_BRANCH0_296,1,0.00170838,1
279_BRANCH0_296,0,0.00102841,1
279_BRANCH0_339,1,0.00118842,1
279_BRANCH0_339,0,0.00128697,1
279,1,0.00165512,1
279,0,0.00101693,1
282_BRANCH0_296,1,0.00180196,1
282_BRANCH0_296,0,0.00100998,1
282_BRANCH0_341,1,0.00124875,1
282_BRANCH0_341,0,0.00127293,1
282,1,0.00185715,1
282,0,0.00100206,1
288,1,0.0011472,1
288,0,0.00215236,1
290,1,0.00137711,1
290,0,0.00243987,1
291,1,0.00143063,1
291,0,0.00235821,1
292,1,0.00143629,1
292,0,0.00203885,1
293,1,0.00131526,1
293,0,0.00199186,1
295,1,0.00134853,1
295,0,0.0023323,1
296_BRANCH0_309,1,0.00125164,1
296_BRANCH0_309,0,0.00133873,1
296_BRANCH0_319,1,0.00933297,1
296_BRANCH0_319,0,0.00137171,1
296,1,0.000833349,1
296,0,0.000891527,1
302,1,0.00207005,1
302,0,0.00129372,1
303,1,0.00207526,1
303,0,0.00130175,1
305,1,0.00191943,1
305,0,0.00126544,1
309_BRANCH0_333,1,0.00126629,1
309_BRANCH0_333,0,0.0012108,1
309_BRANCH0_339,1,0.00125787,1
309_BRANCH0_339,0,0.00122429,1
399_BRANCH0_428,1,0.00140564,1
399_BRANCH0_428,0,0.00261937,1
309_BRANCH0_343,1,0.00123307,1
309_BRANCH0_343,0,0.00119397,1
319_BRANCH0_345,1,0.00142777,1
319_BRANCH0_345,0,0.00128126,1
309,1,0.00133026,1
309,0,0.00103514,1
319_BRANCH0_340,1,0.00132448,1
319_BRANCH0_340,0,0.00118081,1
319_BRANCH0_342,1,0.0013773,1
319_BRANCH0_342,0,0.00118855,1
319_BRANCH0_344,1,0.00141801,1
319_BRANCH0_344,0,0.00126799,1
319_BRANCH0_346,1,0.00143478,1
319_BRANCH0_346,0,0.0012182,1
319_BRANCH0_347,1,0.00150711,1
319_BRANCH0_347,0,12.2282,0
331,1,0.00121622,1
331,0,0.00115724,1
319,1,0.00137783,1
319,0,0.00927971,1
329,1,0.00106346,1
329,0,0.000733973,1
336,1,0.000951509,1
336,0,0.00131884,1
357_BRANCH0_360,1,0.00384327,1
357_BRANCH0_360,0,0.00143813,1
337,1,0.00146125,1
337,0,0.00127941,1
338,1,0.00113175,1
338,0,0.0013215,1
343,1,0.00196312,1
343,0,0.00122533,1
344,1,0.00118284,1
344,0,0.00147611,1
386_BRANCH0_422,1,0.00136114,1
386_BRANCH0_422,0,0.00308582,1
349,1,0.00127678,1
349,0,0.00124115,1
351,1,0.0012555,1
351,0,0.0011926,1
355,1,0.00121038,1
355,0,0.00126025,1
356,1,0.00121186,1
356,0,0.00124621,1
357_BRANCH0_370,1,0.000878238,1
357_BRANCH0_370,0,0.00110501,1
360_BRANCH0_371,1,0.00123462,1
360_BRANCH0_371,0,0.0018171,1
360_BRANCH0_372,1,0.00131326,1
360_BRANCH0_372,0,0.000911909,1
360_BRANCH0_374,1,0.00130666,1
360_BRANCH0_374,0,0.00114207,1
360_BRANCH0_375,1,0.00128002,1
360_BRANCH0_375,0,0.00108147,1
360_BRANCH0_379,1,0.001415,1
360_BRANCH0_379,0,47.0643,0
370,1,0.00116796,1
370,0,0.00085742,1
371,1,0.00183316,1
371,0,0.000853818,1
372,1,0.000829944,1
372,0,0.00128394,1
373,1,0.000983029,1
373,0,0.00118761,1
374,1,0.00116749,1
374,0,0.00138568,1
375,1,0.000967872,1
375,0,0.00127071,1
376,1,0.00114353,1
376,0,0.00139394,1
377,1,0.00116332,1
377,0,0.00131648,1
380,1,0.00119485,1
380,0,0.00186809,1
381_BRANCH0_430,1,0.00134684,1
381_BRANCH0_430,0,0.000804817,1
381_BRANCH0_431,1,0.00125969,1
381_BRANCH0_431,0,0.00169912,1
381,1,0.0013098,1
381,0,0.00174262,1
386_BRANCH0_429,1,0.00139224,1
386_BRANCH0_429,0,0.00231712,1
386_BRANCH0_430,1,0.00134539,1
386_BRANCH0_430,0,0.000837957,1
393_BRANCH0_416,1,0.00133955,1
393_BRANCH0_416,0,4.788,1
393_BRANCH0_417,1,0.00145475,1
393_BRANCH0_417,0,0.00141342,1
393_BRANCH0_428,1,0.00143936,1
393_BRANCH0_428,0,0.0026397,1
399_BRANCH0_416,1,0.00144226,1
399_BRANCH0_416,0,4.76643,1
399_BRANCH0_425,1,0.001415,1
399_BRANCH0_425,0,0.00250702,1
399_BRANCH0_430,1,0.00132968,1
399_BRANCH0_430,0,0.000988003,1
399,1,0.0012625,1
399,0,0.000860079,1
407_BRANCH0_416,1,0.00140733,1
407_BRANCH0_416,0,4.85317,1
407_BRANCH0_419,1,0.0013747,1
407_BRANCH0_419,0,0.000974426,1
407,1,0.0014171,1
407,0,0.00238367,1
411,1,0.0013875,1
411,0,0.000885454,1
414,1,0.0013415,1
414,0,5.60942,1
417,1,0.00140021,1
417,0,0.00134213,1
419,1,0.00102115,1
419,0,0.00129057,1
420,1,0.000982659,1
420,0,0.00128627,1
421,1,0.000832141,1
421,0,0.0019633,1
422_BRANCH0_430,1,0.00290997,1
422_BRANCH0_430,0,0.00138396,1
422,1,0.00292253,1
422,0,0.00132508,1
425_BRANCH0_431,1,0.00254013,1
425_BRANCH0_431,0,0.00138033,1
425,1,0.00257424,1
425,0,0.00132894,1
428,1,0.00256538,1
428,0,0.00135147,1
429,1,0.00231177,1
429,0,0.00138305,1
430,1,0.000825006,1
430,0,0.00120799,1
431,1,0.00160524,1
431,0,0.00129664,1
