2129.49
254,1,0.00885083,1
254,0,0.0225265,1
415,1,0.00246137,1
415,0,0.0136255,1
250,1,0.0074109,1
250,0,0.315711,1
341,1,0.0102509,1
341,0,0.0100603,1
247,1,0.00659186,1
247,0,0.0112534,1
236_BRANCH0_273,1,0.00616841,1
236_BRANCH0_273,0,0.0102246,1
247_BRANCH0_282,1,0.0061466,1
247_BRANCH0_282,0,0.0102446,1
246,1,0.00736084,1
246,0,0.00475074,1
157,1,0.0101809,1
157,0,0.0101111,1
30_BRANCH0_386,1,0.316638,1
30_BRANCH0_386,0,0.317198,1
243_BRANCH0_293,1,0.0105093,1
243_BRANCH0_293,0,0.0103228,1
273_BRANCH0_296,1,0.0116913,1
273_BRANCH0_296,0,0.00524723,1
243_BRANCH0_279,1,0.00617364,1
243_BRANCH0_279,0,0.0102203,1
239,1,0.00661004,1
239,0,0.0113858,1
239_BRANCH0_276,1,0.00617212,1
239_BRANCH0_276,0,0.0102687,1
236,1,0.00662313,1
236,0,0.0112734,1
411_BRANCH0_416,1,0.0121173,1
411_BRANCH0_416,0,0.0102873,1
233_BRANCH0_270,1,0.0062364,1
233_BRANCH0_270,0,0.0102445,1
230,1,0.00679602,1
230,0,0.0113211,1
199_BRANCH0_223,1,0.00504301,1
199_BRANCH0_223,0,0.0082532,1
230_BRANCH0_289,1,0.010558,1
230_BRANCH0_289,0,0.0101037,1
230_BRANCH0_267,1,0.0062331,1
230_BRANCH0_267,0,0.0102693,1
27,1,0.117715,1
27,0,0.117588,1
224,1,0.00667256,1
224,0,0.0140063,1
134,1,0.00668622,1
134,0,0.00652825,1
223,1,0.0082905,1
223,0,0.00499784,1
130,1,0.00662722,1
130,0,0.00651673,1
213_BRANCH0_259,1,0.0105672,1
213_BRANCH0_259,0,88.2878,0
213_BRANCH0_254,1,0.0387555,1
213_BRANCH0_254,0,0.00768155,1
213_BRANCH0_242,1,0.0141628,1
213_BRANCH0_242,0,0.00751284,1
203,1,0.00989588,1
203,0,0.0102919,1
203_BRANCH0_251,1,0.0105213,1
203_BRANCH0_251,0,0.00592808,1
191,1,0.0103389,1
191,0,0.0102172,1
203_BRANCH0_243,1,0.0132466,1
203_BRANCH0_243,0,0.0070732,1
171_BRANCH0_239,1,0.00572282,1
171_BRANCH0_239,0,0.00668867,1
416,1,0.00248797,1
416,0,0.0100386,1
251_BRANCH0_295,1,0.010738,1
251_BRANCH0_295,0,0.0103224,1
203_BRANCH0_236,1,0.0243137,1
203_BRANCH0_236,0,0.00703334,1
203_BRANCH0_230,1,0.0681781,1
203_BRANCH0_230,0,0.00706796,1
203_BRANCH0_227,1,0.127547,1
203_BRANCH0_227,0,0.00708746,1
257,1,0.00749833,1
257,0,0.0217803,1
138,1,0.00669275,1
138,0,0.00656967,1
34_BRANCH0_185,1,0.0102175,1
34_BRANCH0_185,0,0.0101813,1
66_BRANCH0_375,1,0.0239775,1
66_BRANCH0_375,0,0.0133575,1
203_BRANCH0_224,1,0.00991688,1
203_BRANCH0_224,0,0.00703003,1
40_BRANCH0_373,1,0.0649476,1
40_BRANCH0_373,0,0.0134487,1
199,1,0.00511152,1
199,0,0.00843639,1
69_BRANCH0_139,1,0.0126976,1
69_BRANCH0_139,0,0.0132266,1
86_BRANCH0_345,1,0.0113908,1
86_BRANCH0_345,0,0.0102096,1
296_BRANCH0_329,1,0.00910551,1
296_BRANCH0_329,0,0.00528004,1
197,1,0.0102993,1
197,0,0.0103307,1
196,1,0.010389,1
196,0,0.0169613,1
123_BRANCH0_184,1,0.0167689,1
123_BRANCH0_184,0,0.0158661,1
195,1,0.0104945,1
195,0,0.0102693,1
192,1,0.0104653,1
192,0,0.0168828,1
189,1,0.0104967,1
189,0,0.0102358,1
308,1,0.0103147,1
308,0,0.0104218,1
203_BRANCH0_233,1,0.0389029,1
203_BRANCH0_233,0,0.00708728,1
386_BRANCH0_416,1,0.0118862,1
386_BRANCH0_416,0,0.0100693,1
386_BRANCH0_425,1,0.0118602,1
386_BRANCH0_425,0,0.00975329,1
187,1,0.0104468,1
187,0,0.010287,1
158,1,0.0104426,1
158,0,0.0168403,1
251_BRANCH0_285,1,0.00632793,1
251_BRANCH0_285,0,0.0104534,1
184,1,0.0103894,1
184,0,0.0167576,1
285_BRANCH0_296,1,0.011899,1
285_BRANCH0_296,0,0.00536638,1
183,1,0.0103804,1
183,0,0.0102746,1
73,1,0.0155679,1
73,0,0.0155572,1
180_BRANCH0_251,1,0.00571225,1
180_BRANCH0_251,0,0.00679713,1
263,1,0.0102117,1
263,0,0.0105983,1
180_BRANCH0_199,1,0.00876674,1
180_BRANCH0_199,0,0.00841955,1
177,1,0.00657992,1
177,0,0.00676946,1
139,1,0.0132288,1
139,0,0.0128734,1
309_BRANCH0_337,1,0.0416212,1
309_BRANCH0_337,0,0.0105106,1
227_BRANCH0_264,1,0.00643142,1
227_BRANCH0_264,0,0.0104613,1
168_BRANCH0_199,1,0.00871641,1
168_BRANCH0_199,0,0.00850414,1
174,1,0.00665013,1
174,0,0.00682437,1
34_BRANCH0_338,1,0.063852,1
34_BRANCH0_338,0,0.0103008,1
174_BRANCH0_199,1,0.00870555,1
174_BRANCH0_199,0,0.00851596,1
171,1,0.00660945,1
171,0,0.00679269,1
95_BRANCH0_411,1,0.0150281,1
95_BRANCH0_411,0,0.0151478,1
174_BRANCH0_243,1,0.00579805,1
174_BRANCH0_243,0,0.00676472,1
224_BRANCH0_263,1,0.0161498,1
224_BRANCH0_263,0,0.018861,1
180,1,0.00679384,1
180,0,0.0067351,1
168,1,0.00659625,1
168,0,0.00679145,1
165,1,0.00654184,1
165,0,0.00674213,1
162,1,0.00659022,1
162,0,0.00683497,1
159_BRANCH0_227,1,0.00563605,1
159_BRANCH0_227,0,0.00686294,1
21_BRANCH0_183,1,0.0101553,1
21_BRANCH0_183,0,0.0104182,1
213_BRANCH0_256,1,0.0169058,1
213_BRANCH0_256,0,0.00760026,1
4,1,0.0192984,1
4,0,0.0193076,1
154,1,0.00667769,1
154,0,0.00678413,1
159_BRANCH0_199,1,0.00857554,1
159_BRANCH0_199,0,0.00873452,1
194,1,0.0102283,1
194,0,0.017051,1
154_BRANCH0_199,1,0.0088381,1
154_BRANCH0_199,0,0.00851531,1
151,1,0.0134604,1
151,0,0.0128896,1
47_BRANCH0_340,1,0.0372078,1
47_BRANCH0_340,0,0.0103533,1
122,1,0.00669441,1
122,0,0.00657188,1
151_BRANCH0_198,1,0.0170192,1
151_BRANCH0_198,0,0.0159043,1
1_BRANCH0_242,1,0.241409,1
1_BRANCH0_242,0,0.00719044,1
47_BRANCH0_187,1,0.0103144,1
47_BRANCH0_187,0,0.0103433,1
150,1,0.00668297,1
150,0,0.00662883,1
147,1,0.0133922,1
147,0,0.0128254,1
147_BRANCH0_195,1,0.0104132,1
147_BRANCH0_195,0,0.0124386,1
233_BRANCH0_290,1,0.0107387,1
233_BRANCH0_290,0,0.010351,1
146,1,0.00667877,1
146,0,0.00664428,1
360,1,0.0103143,1
360,0,0.0098467,1
171_BRANCH0_199,1,0.00881265,1
171_BRANCH0_199,0,0.00856203,1
143_BRANCH0_194,1,0.0169309,1
143_BRANCH0_194,0,0.0159088,1
255,1,0.00769128,1
255,0,0.18239,1
139_BRANCH0_191,1,0.0103817,1
139_BRANCH0_191,0,0.0123423,1
213_BRANCH0_255,1,0.0244934,1
213_BRANCH0_255,0,0.00759696,1
79_BRANCH0_192,1,0.0170181,1
79_BRANCH0_192,0,0.0170753,1
199_BRANCH0_213,1,0.0107464,1
199_BRANCH0_213,0,0.0107747,1
340,1,0.0105965,1
340,0,0.0966437,1
348,1,0.0100853,1
348,0,0.0103057,1
135,1,0.0133647,1
135,0,0.0128628,1
213_BRANCH0_250,1,0.0685861,1
213_BRANCH0_250,0,0.007634,1
151_BRANCH0_197,1,0.0104283,1
151_BRANCH0_197,0,0.0125245,1
360_BRANCH0_373,1,2.80664,1
360_BRANCH0_373,0,0.00984713,1
135_BRANCH0_190,1,0.0170313,1
135_BRANCH0_190,0,0.0162108,1
309_BRANCH0_332,1,0.974123,1
309_BRANCH0_332,0,0.0105793,1
350,1,0.0104281,1
350,0,0.0103729,1
135_BRANCH0_189,1,0.0104474,1
135_BRANCH0_189,0,0.0123667,1
131,1,0.0133436,1
131,0,0.0128543,1
127,1,0.0133621,1
127,0,0.0128921,1
335,1,0.0106985,1
335,0,0.0103428,1
227,1,0.00716721,1
227,0,0.011557,1
213_BRANCH0_246,1,0.128059,1
213_BRANCH0_246,0,0.00763972,1
79,1,0.0186735,1
79,0,0.0186258,1
177_BRANCH0_247,1,0.00578415,1
177_BRANCH0_247,0,0.00684089,1
56,1,0.00829213,1
56,0,0.00841727,1
56_BRANCH0_168,1,0.00879972,1
56_BRANCH0_168,0,0.00665499,1
53,1,0.0390793,1
53,0,0.0389634,1
159,1,0.00673519,1
159,0,0.00681613,1
8_BRANCH0_334,1,0.232746,1
8_BRANCH0_334,0,0.0104342,1
53_BRANCH0_188,1,0.0170225,1
53_BRANCH0_188,0,0.0169774,1
50,1,0.0242702,1
50,0,0.0241734,1
50_BRANCH0_255,1,0.0180406,1
50_BRANCH0_255,0,0.0071681,1
227_BRANCH0_288,1,0.0158389,1
227_BRANCH0_288,0,0.0108661,1
393_BRANCH0_429,1,146.162,0
393_BRANCH0_429,0,0.00996047,1
50_BRANCH0_134,1,0.00670974,1
50_BRANCH0_134,0,0.00672706,1
27_BRANCH0_184,1,0.0169782,1
27_BRANCH0_184,0,0.0170136,1
40,1,0.0645533,1
40,0,0.0648361,1
309_BRANCH0_335,1,0.113717,1
309_BRANCH0_335,0,0.0106185,1
73_BRANCH0_191,1,0.0104115,1
73_BRANCH0_191,0,0.0103871,1
247_BRANCH0_294,1,0.0107835,1
247_BRANCH0_294,0,0.0104234,1
37_BRANCH0_254,1,0.035979,1
37_BRANCH0_254,0,0.00717824,1
224_BRANCH0_260,1,0.00645584,1
224_BRANCH0_260,0,0.0107719,1
239_BRANCH0_292,1,0.0109648,1
239_BRANCH0_292,0,0.0104711,1
108_BRANCH0_414,1,51.3622,1
108_BRANCH0_414,0,8.94573,1
199_BRANCH0_203,1,0.0104592,1
199_BRANCH0_203,0,0.0100858,1
119,1,0.013504,1
119,0,0.0129992,1
258,1,0.00775186,1
258,0,0.0157574,1
177_BRANCH0_199,1,0.00910683,1
177_BRANCH0_199,0,0.00860154,1
14,1,0.224978,1
14,0,0.225346,1
30,1,0.0151285,1
30,0,0.0150956,1
319_BRANCH0_338,1,1.55859,1
319_BRANCH0_338,0,0.010592,1
56_BRANCH0_399,1,0.189783,1
56_BRANCH0_399,0,0.190328,1
127_BRANCH0_186,1,0.01698,1
127_BRANCH0_186,0,0.015936,1
43_BRANCH0_393,1,0.10024,1
43_BRANCH0_393,0,0.100334,1
17,1,0.00841425,1
17,0,0.00841472,1
11,1,0.129494,1
11,0,0.129609,1
236_BRANCH0_291,1,0.0108741,1
236_BRANCH0_291,0,0.0105058,1
69_BRANCH0_404,1,0.0120266,1
69_BRANCH0_404,0,0.012078,1
37_BRANCH0_130,1,0.00676388,1
37_BRANCH0_130,0,0.00677408,1
233,1,0.00692173,1
233,0,0.0116449,1
11_BRANCH0_122,1,0.00677061,1
11_BRANCH0_122,0,0.00669818,1
360_BRANCH0_376,1,0.0269162,1
360_BRANCH0_376,0,0.010837,1
213_BRANCH0_257,1,0.0135033,1
213_BRANCH0_257,0,0.00772395,1
17_BRANCH0_123,1,0.01296,1
17_BRANCH0_123,0,0.0134165,1
294,1,0.0105155,1
294,0,0.010391,1
30_BRANCH0_127,1,0.0129768,1
30_BRANCH0_127,0,0.0134678,1
162_BRANCH0_199,1,0.00887763,1
162_BRANCH0_199,0,0.00861717,1
60,1,0.0218775,1
60,0,0.0218967,1
105_BRANCH0_196,1,0.0171503,1
105_BRANCH0_196,0,0.017156,1
267_BRANCH0_296,1,0.0121136,1
267_BRANCH0_296,0,0.00545539,1
56_BRANCH0_135,1,0.0131204,1
56_BRANCH0_135,0,0.0134759,1
418,1,0.0104116,1
418,0,0.0123546,1
24,1,0.0638016,1
24,0,0.0633229,1
63_BRANCH0_256,1,0.0115823,1
63_BRANCH0_256,0,0.0072647,1
168_BRANCH0_236,1,0.00571622,1
168_BRANCH0_236,0,0.00689244,1
347,1,105.584,0
347,0,0.0120924,1
60_BRANCH0_189,1,0.010532,1
60_BRANCH0_189,0,0.0103975,1
24_BRANCH0_250,1,0.0640112,1
24_BRANCH0_250,0,0.00719757,1
127_BRANCH0_185,1,0.0103812,1
127_BRANCH0_185,0,0.0124041,1
213_BRANCH0_258,1,0.0119732,1
213_BRANCH0_258,0,0.00761233,1
256,1,0.0076453,1
256,0,0.0123707,1
34,1,0.0634168,1
34,0,0.0634222,1
259,1,88.7546,0
259,0,0.0121027,1
37,1,0.0401062,1
37,0,0.0400162,1
89_BRANCH0_146,1,0.00682102,1
89_BRANCH0_146,0,0.00664223,1
119_BRANCH0_158,1,0.0170107,1
119_BRANCH0_158,0,0.0160536,1
1,1,0.241797,1
1,0,0.24196,1
76_BRANCH0_257,1,0.00786056,1
76_BRANCH0_257,0,0.00720188,1
43_BRANCH0_131,1,0.0129296,1
43_BRANCH0_131,0,0.0134603,1
17_BRANCH0_381,1,0.00633929,1
17_BRANCH0_381,0,0.00617146,1
4_BRANCH0_154,1,0.00878104,1
4_BRANCH0_154,0,0.00679909,1
63,1,0.015854,1
63,0,0.0159754,1
123,1,0.0134997,1
123,0,0.0130035,1
14_BRANCH0_371,1,0.228216,1
14_BRANCH0_371,0,0.013698,1
147_BRANCH0_196,1,0.0171667,1
147_BRANCH0_196,0,0.0160306,1
99_BRANCH0_346,1,0.0100085,1
99_BRANCH0_346,0,0.010384,1
353,1,0.0105145,1
353,0,0.0104176,1
82_BRANCH0_143,1,0.0129585,1
82_BRANCH0_143,0,0.0135636,1
354,1,0.0105485,1
354,0,0.0104751,1
126,1,0.00668359,1
126,0,0.0068683,1
30_BRANCH0_162,1,0.00875847,1
30_BRANCH0_162,0,0.00677303,1
165_BRANCH0_199,1,0.00875081,1
165_BRANCH0_199,0,0.00877453,1
285_BRANCH0_343,1,0.00972181,1
285_BRANCH0_343,0,0.990104,1
53_BRANCH0_374,1,0.0391033,1
53_BRANCH0_374,0,0.0136819,1
1_BRANCH0_118,1,0.00674471,1
1_BRANCH0_118,0,0.00672949,1
143,1,0.0134687,1
143,0,0.0129726,1
304,1,0.0105732,1
304,0,0.0104749,1
112_BRANCH0_347,1,0.00945827,1
112_BRANCH0_347,0,198.096,0
60_BRANCH0_342,1,0.0209185,1
60_BRANCH0_342,0,0.0104111,1
330,1,0.00766848,1
330,0,0.0135404,1
86,1,0.0124875,1
86,0,0.0121926,1
243,1,0.00691354,1
243,0,0.0117283,1
17_BRANCH0_159,1,0.00888343,1
17_BRANCH0_159,0,0.00687664,1
92_BRANCH0_194,1,0.0171131,1
92_BRANCH0_194,0,0.017162,1
43,1,0.00861699,1
43,0,0.00840067,1
8_BRANCH0_157,1,0.0103185,1
8_BRANCH0_157,0,0.0105055,1
198,1,0.0106881,1
198,0,0.0170429,1
8,1,0.236576,1
8,0,0.233552,1
21_BRANCH0_336,1,0.119469,1
21_BRANCH0_336,0,0.0105159,1
21,1,0.118944,1
21,0,0.119385,1
339,1,0.0107415,1
339,0,0.0103833,1
105,1,0.0145667,1
105,0,0.014635,1
43_BRANCH0_165,1,0.00892594,1
43_BRANCH0_165,0,0.00675121,1
143_BRANCH0_193,1,0.0104367,1
143_BRANCH0_193,0,0.0125134,1
82,1,0.00855364,1
82,0,0.00845919,1
24_BRANCH0_126,1,0.00668035,1
24_BRANCH0_126,0,0.00683007,1
92_BRANCH0_377,1,0.0148839,1
92_BRANCH0_377,0,0.013747,1
4_BRANCH0_119,1,0.0129499,1
4_BRANCH0_119,0,0.0136355,1
260_BRANCH0_296,1,0.0056424,1
260_BRANCH0_296,0,0.00545001,1
289,1,0.0105275,1
289,0,0.0103736,1
27_BRANCH0_372,1,0.118394,1
27_BRANCH0_372,0,0.0137234,1
407_BRANCH0_429,1,0.0157347,1
407_BRANCH0_429,0,0.00996875,1
193,1,0.0106107,1
193,0,0.0105795,1
190,1,0.0107266,1
190,0,0.0171006,1
139_BRANCH0_192,1,0.0174407,1
139_BRANCH0_192,0,0.0161798,1
306,1,0.0104836,1
306,0,0.0104981,1
404_BRANCH0_418,1,0.0125932,1
404_BRANCH0_418,0,0.00997603,1
432,1,0.00994399,1
432,0,0.00255481,1
63_BRANCH0_138,1,0.00666742,1
63_BRANCH0_138,0,0.00674369,1
47,1,0.0416809,1
47,0,0.0417702,1
105_BRANCH0_378,1,0.0137035,1
105_BRANCH0_378,0,0.0137061,1
203_BRANCH0_239,1,0.0175654,1
203_BRANCH0_239,0,0.00707549,1
102_BRANCH0_259,1,0.00591785,1
102_BRANCH0_259,0,115.998,0
66_BRANCH0_190,1,0.0170182,1
66_BRANCH0_190,0,0.0172747,1
273_BRANCH0_335,1,0.0100856,1
273_BRANCH0_335,0,0.988054,1
142,1,0.00684058,1
142,0,0.00675733,1
307,1,0.0102973,1
307,0,0.0104787,1
393,1,0.10009,1
393,0,0.0102254,1
66,1,0.0252068,1
66,0,0.0254603,1
186,1,0.0107624,1
186,0,0.0171652,1
108_BRANCH0_180,1,0.00901259,1
108_BRANCH0_180,0,0.00678958,1
99_BRANCH0_195,1,0.0103835,1
99_BRANCH0_195,0,0.0105289,1
112_BRANCH0_197,1,0.0105264,1
112_BRANCH0_197,0,0.0105528,1
11_BRANCH0_246,1,0.122201,1
11_BRANCH0_246,0,0.00723313,1
185,1,0.0107264,1
185,0,0.0104579,1
273,1,0.0107957,1
273,0,0.00558333,1
213,1,0.0107409,1
213,0,0.010913,1
345,1,0.010818,1
345,0,0.0221982,1
131_BRANCH0_188,1,0.0171892,1
131_BRANCH0_188,0,0.0162844,1
69_BRANCH0_171,1,0.00900883,1
69_BRANCH0_171,0,0.00673066,1
69,1,0.00889458,1
69,0,0.00884892,1
404,1,0.0126389,1
404,0,0.0103243,1
14_BRANCH0_158,1,0.017133,1
14_BRANCH0_158,0,0.0172409,1
95,1,0.0086423,1
95,0,0.00845635,1
73_BRANCH0_344,1,0.0149656,1
73_BRANCH0_344,0,0.0104257,1
99,1,0.0109818,1
99,0,0.0109118,1
162_BRANCH0_230,1,0.005821,1
162_BRANCH0_230,0,0.00703349,1
360_BRANCH0_378,1,0.0134052,1
360_BRANCH0_378,0,0.0100019,1
76_BRANCH0_142,1,0.00672365,1
76_BRANCH0_142,0,0.00681821,1
346,1,0.0108358,1
346,0,0.01564,1
4_BRANCH0_380,1,0.0123332,1
4_BRANCH0_380,0,0.0140002,1
92,1,0.0159041,1
92,0,0.0158619,1
82_BRANCH0_174,1,0.0089871,1
82_BRANCH0_174,0,0.00682584,1
89_BRANCH0_258,1,0.00637563,1
89_BRANCH0_258,0,0.00730295,1
381_BRANCH0_416,1,0.0123517,1
381_BRANCH0_416,0,0.0102683,1
82_BRANCH0_407,1,0.0225185,1
82_BRANCH0_407,0,0.0224376,1
301,1,0.0107759,1
301,0,0.0105018,1
86_BRANCH0_193,1,0.0105927,1
86_BRANCH0_193,0,0.0106301,1
309_BRANCH0_341,1,0.0103571,1
309_BRANCH0_341,0,0.0108405,1
89,1,0.00793487,1
89,0,0.00790561,1
260_BRANCH0_330,1,0.0100077,1
260_BRANCH0_330,0,0.00614211,1
285,1,0.0108028,1
285,0,0.00558056,1
309_BRANCH0_331,1,0.00604056,1
309_BRANCH0_331,0,0.0107557,1
251,1,0.00704832,1
251,0,0.0117981,1
386,1,0.320557,1
386,0,0.00980537,1
95_BRANCH0_147,1,0.0130232,1
95_BRANCH0_147,0,0.0137201,1
276_BRANCH0_337,1,0.00986276,1
276_BRANCH0_337,0,0.989627,1
102,1,0.00492479,1
102,0,0.00475916,1
379,1,364.043,0
379,0,0.0122378,1
95_BRANCH0_177,1,0.00895453,1
95_BRANCH0_177,0,0.00686281,1
319_BRANCH0_336,1,0.00606954,1
319_BRANCH0_336,0,0.0108531,1
404_BRANCH0_416,1,0.0119795,1
404_BRANCH0_416,0,0.0105056,1
154_BRANCH0_224,1,0.00586411,1
154_BRANCH0_224,0,0.00703474,1
242,1,0.00733283,1
242,0,0.00854689,1
342,1,0.0108956,1
342,0,0.183904,1
360_BRANCH0_377,1,0.0105751,1
360_BRANCH0_377,0,0.0100305,1
102_BRANCH0_150,1,0.00678542,1
102_BRANCH0_150,0,0.00682374,1
381_BRANCH0_432,1,0.0114662,1
381_BRANCH0_432,0,0.00987835,1
188,1,0.0104249,1
188,0,0.0172153,1
333,1,0.010839,1
333,0,0.0103174,1
108_BRANCH0_151,1,0.0130594,1
108_BRANCH0_151,0,0.0138969,1
115_BRANCH0_198,1,0.0174798,1
115_BRANCH0_198,0,0.0173237,1
203_BRANCH0_247,1,0.0119079,1
203_BRANCH0_247,0,0.00713077,1
131_BRANCH0_187,1,0.0105769,1
131_BRANCH0_187,0,0.012472,1
76,1,0.0113921,1
76,0,0.0112267,1
108,1,14.0739,1
108,0,14.0737,1
112,1,0.00908328,1
112,0,0.00902179,1
115_BRANCH0_379,1,0.0131963,1
115_BRANCH0_379,0,417.901,0
319_BRANCH0_334,1,0.00838581,1
319_BRANCH0_334,0,0.0108496,1
378,1,0.0101104,1
378,0,0.0157382,1
115,1,0.013451,1
115,0,0.0134069,1
118,1,0.00673702,1
118,0,0.00684736,1
332,1,0.0107962,1
332,0,0.0102979,1
386_BRANCH0_431,1,0.00921055,1
386_BRANCH0_431,0,0.00982459,1
119_BRANCH0_157,1,0.0104634,1
119_BRANCH0_157,0,0.0127208,1
79_BRANCH0_376,1,0.0185353,1
79_BRANCH0_376,0,0.0140711,1
393_BRANCH0_425,1,0.0122664,1
393_BRANCH0_425,0,0.00989888,1
123_BRANCH0_183,1,0.0105763,1
123_BRANCH0_183,0,0.0125714,1
165_BRANCH0_233,1,0.00600158,1
165_BRANCH0_233,0,0.00700557,1
334,1,0.01053,1
334,0,0.0086995,1
40_BRANCH0_186,1,0.0172515,1
40_BRANCH0_186,0,0.0173817,1
422_BRANCH0_432,1,0.0102455,1
422_BRANCH0_432,0,0.010441,1
260,1,0.00544725,1
260,0,0.00565415,1
264_BRANCH0_296,1,0.0119853,1
264_BRANCH0_296,0,0.00555096,1
300,1,0.0108827,1
300,0,0.0104918,1
264_BRANCH0_331,1,0.00991799,1
264_BRANCH0_331,0,0.00606865,1
264,1,0.0108512,1
264,0,0.00561225,1
357,1,0.0097803,1
357,0,0.0105088,1
267_BRANCH0_332,1,0.0099313,1
267_BRANCH0_332,0,0.990448,1
267,1,0.010848,1
267,0,0.00555919,1
270_BRANCH0_296,1,0.0120098,1
270_BRANCH0_296,0,0.00557118,1
352,1,0.0103342,1
352,0,0.0105112,1
270_BRANCH0_333,1,0.00992611,1
270_BRANCH0_333,0,0.990782,1
425_BRANCH0_432,1,0.0101799,1
425_BRANCH0_432,0,0.0108037,1
270,1,0.010927,1
270,0,0.00556517,1
276_BRANCH0_296,1,0.0120359,1
276_BRANCH0_296,0,0.00554818,1
276,1,0.0108093,1
276,0,0.00560851,1
309_BRANCH0_330,1,0.0061595,1
309_BRANCH0_330,0,0.0109034,1
411_BRANCH0_420,1,0.0157485,1
411_BRANCH0_420,0,0.0101779,1
279_BRANCH0_296,1,0.012106,1
279_BRANCH0_296,0,0.00560279,1
279_BRANCH0_339,1,0.0098498,1
279_BRANCH0_339,0,0.991114,1
279,1,0.0110874,1
279,0,0.00554726,1
282_BRANCH0_296,1,0.0120173,1
282_BRANCH0_296,0,0.00557002,1
282_BRANCH0_341,1,0.00993957,1
282_BRANCH0_341,0,0.991625,1
282,1,0.0109593,1
282,0,0.00559468,1
288,1,0.0103097,1
288,0,0.0107149,1
290,1,0.0105878,1
290,0,0.0102869,1
291,1,0.0105113,1
291,0,0.0104079,1
292,1,0.0104864,1
292,0,0.0104464,1
293,1,0.0105342,1
293,0,0.0104673,1
295,1,0.0105042,1
295,0,0.0102492,1
296_BRANCH0_309,1,0.0104971,1
296_BRANCH0_309,0,0.00611557,1
296_BRANCH0_319,1,0.0104711,1
296_BRANCH0_319,0,0.0094347,1
296,1,0.0095267,1
296,0,0.00549354,1
302,1,0.0102669,1
302,0,0.010496,1
303,1,0.010515,1
303,0,0.0104694,1
305,1,0.0104434,1
305,0,0.0103596,1
309_BRANCH0_333,1,0.331197,1
309_BRANCH0_333,0,0.0108834,1
309_BRANCH0_339,1,0.0183059,1
309_BRANCH0_339,0,0.0109334,1
399_BRANCH0_428,1,0.0120768,1
399_BRANCH0_428,0,0.0101054,1
309_BRANCH0_343,1,0.00768432,1
309_BRANCH0_343,0,0.00997307,1
319_BRANCH0_345,1,0.0255798,1
319_BRANCH0_345,0,0.0109172,1
309,1,0.0061401,1
309,0,0.010529,1
319_BRANCH0_340,1,0.526713,1
319_BRANCH0_340,0,0.0109246,1
319_BRANCH0_342,1,0.179881,1
319_BRANCH0_342,0,0.0109837,1
319_BRANCH0_344,1,0.0641093,1
319_BRANCH0_344,0,0.0110031,1
319_BRANCH0_346,1,0.0127596,1
319_BRANCH0_346,0,0.0110105,1
319_BRANCH0_347,1,0.00887681,1
319_BRANCH0_347,0,107.128,0
331,1,0.00834491,1
331,0,0.0103553,1
319,1,0.00950531,1
319,0,0.0104201,1
329,1,0.00568361,1
329,0,0.00948009,1
336,1,0.0108493,1
336,0,0.00512168,1
357_BRANCH0_360,1,0.0101118,1
357_BRANCH0_360,0,0.0107296,1
337,1,0.0108075,1
337,0,0.0102716,1
338,1,0.0108814,1
338,0,0.319497,1
343,1,0.0107394,1
343,0,0.0103312,1
344,1,0.011034,1
344,0,0.0125732,1
386_BRANCH0_422,1,0.00803622,1
386_BRANCH0_422,0,0.00979123,1
349,1,0.0103826,1
349,0,0.010572,1
351,1,0.0105907,1
351,0,0.0107184,1
355,1,0.0104434,1
355,0,0.0105693,1
356,1,0.0105102,1
356,0,0.0105671,1
357_BRANCH0_370,1,0.00993818,1
357_BRANCH0_370,0,0.0106335,1
360_BRANCH0_371,1,0.0107138,1
360_BRANCH0_371,0,0.010089,1
360_BRANCH0_372,1,0.010726,1
360_BRANCH0_372,0,0.0101655,1
360_BRANCH0_374,1,0.574558,1
360_BRANCH0_374,0,0.0136539,1
360_BRANCH0_375,1,0.114867,1
360_BRANCH0_375,0,0.0118975,1
360_BRANCH0_379,1,11.8643,1
360_BRANCH0_379,0,366.659,0
370,1,0.01054,1
370,0,0.00994771,1
371,1,0.0138165,1
371,0,0.0133955,1
372,1,0.0100425,1
372,0,0.00505118,1
373,1,0.00969353,1
373,0,0.326962,1
374,1,0.0104819,1
374,0,0.0959506,1
375,1,0.0100159,1
375,0,0.194002,1
376,1,0.0106156,1
376,0,0.0121485,1
377,1,0.0105738,1
377,0,0.0224148,1
380,1,0.0141931,1
380,0,0.00281299,1
381_BRANCH0_430,1,0.00850349,1
381_BRANCH0_430,0,0.0101054,1
381_BRANCH0_431,1,0.00916365,1
381_BRANCH0_431,0,0.00981933,1
381,1,0.00518931,1
381,0,0.00971741,1
386_BRANCH0_429,1,0.0118093,1
386_BRANCH0_429,0,0.0103897,1
386_BRANCH0_430,1,0.00815473,1
386_BRANCH0_430,0,0.00982529,1
393_BRANCH0_416,1,0.0125184,1
393_BRANCH0_416,0,0.0103628,1
393_BRANCH0_417,1,0.0081135,1
393_BRANCH0_417,0,0.0098843,1
393_BRANCH0_428,1,0.0118326,1
393_BRANCH0_428,0,0.0105056,1
399_BRANCH0_416,1,0.0126199,1
399_BRANCH0_416,0,0.0105648,1
399_BRANCH0_425,1,0.0122146,1
399_BRANCH0_425,0,0.0101311,1
399_BRANCH0_430,1,0.00857994,1
399_BRANCH0_430,0,0.0102615,1
399,1,0.184956,1
399,0,0.0104085,1
407_BRANCH0_416,1,0.0120105,1
407_BRANCH0_416,0,0.0109117,1
407_BRANCH0_419,1,0.0139848,1
407_BRANCH0_419,0,0.0105722,1
407,1,0.0224066,1
407,0,0.0101734,1
411,1,0.015922,1
411,0,0.0102516,1
414,1,0.0125689,1
414,0,0.0105602,1
417,1,0.0101051,1
417,0,0.00824105,1
419,1,0.0106551,1
419,0,0.0133899,1
420,1,0.0108311,1
420,0,0.0162708,1
421,1,0.0104522,1
421,0,0.00277337,1
422_BRANCH0_430,1,0.00990077,1
422_BRANCH0_430,0,0.0101328,1
422,1,0.0101781,1
422,0,0.0102863,1
425_BRANCH0_431,1,0.0100652,1
425_BRANCH0_431,0,0.0105198,1
425,1,0.0101023,1
425,0,0.0104159,1
428,1,0.0106256,1
428,0,0.0103181,1
429,1,0.0102107,1
429,0,0.0103775,1
430,1,0.0102753,1
430,0,0.0027206,1
431,1,0.00990851,1
431,0,0.00257878,1
