0.00463808
m_BRANCH0_q,1,0.000194598,1
m_BRANCH0_q,0,0.000126882,0
m_BRANCH0_Z,1,9.7836e-05,1
m_BRANCH0_Z,0,0.000141622,1
d_BRANCH0_X,1,9.7117e-05,1
d_BRANCH0_X,0,8.4568e-05,0
d_BRANCH0_r,1,8.6542e-05,1
d_BRANCH0_r,0,9.5075e-05,1
X,1,8.3282e-05,0
X,0,4.0417e-05,1
m_BRANCH0_r,1,8.6059e-05,1
m_BRANCH0_r,0,8.5135e-05,1
B,1,0.000125633,1
B,0,0.000112722,1
d,1,9.4695e-05,1
d,0,0.00012379,1
d_BRANCH0_m,1,0.000122644,1
d_BRANCH0_m,0,8.5117e-05,1
s_BRANCH0_v,1,9.0726e-05,0
s_BRANCH0_v,0,8.8681e-05,1
B_BRANCH0_m,1,5.4084e-05,0
B_BRANCH0_m,0,9.3914e-05,1
B_BRANCH0_v,1,5.1319e-05,0
B_BRANCH0_v,0,0.000104419,1
C,1,0.000126802,1
C,0,0.000136733,1
s_BRANCH0_Y,1,8.3995e-05,0
s_BRANCH0_Y,0,7.5054e-05,1
B_BRANCH0_d,1,7.7114e-05,1
B_BRANCH0_d,0,9.5317e-05,1
A,1,9.9801e-05,1
A,0,0.000102281,1
m,1,8.0803e-05,1
m,0,0.000103283,1
r_BRANCH0_s,1,8.5252e-05,1
r_BRANCH0_s,0,8.0887e-05,0
Y,1,7.1568e-05,0
Y,0,7.4773e-05,1
r_BRANCH0_X,1,8.1839e-05,1
r_BRANCH0_X,0,7.8245e-05,0
Z,1,0.000105766,1
Z,0,8.5057e-05,1
r,1,8.0055e-05,1
r,0,7.8614e-05,0
q,1,6.7226e-05,0
q,0,6.7654e-05,1
s,1,7.9574e-05,0
s,0,7.3193e-05,1
v,1,8.0132e-05,0
v,0,0.000100189,1
