0.00289463
16_BRANCH0_22,1,0.000192914,1
16_BRANCH0_22,0,7.2051e-05,1
11,1,0.000108352,1
11,0,0.000104661,1
11_BRANCH0_19,1,8.1279e-05,1
11_BRANCH0_19,0,0.000110508,1
11_BRANCH0_16,1,9.4936e-05,1
11_BRANCH0_16,0,6.1514e-05,1
7,1,8.1628e-05,1
7,0,7.7261e-05,1
6,1,0.000100508,1
6,0,9.8774e-05,1
19,1,8.5239e-05,1
19,0,6.2788e-05,1
3_BRANCH0_11,1,9.6942e-05,1
3_BRANCH0_11,0,0.000100878,1
16_BRANCH0_23,1,8.2351e-05,1
16_BRANCH0_23,0,0.000102493,1
10,1,7.5924e-05,1
10,0,5.4564e-05,1
3_BRANCH0_10,1,7.3697e-05,1
3_BRANCH0_10,0,7.1461e-05,1
2,1,5.1986e-05,1
2,0,7.0645e-05,1
3,1,0.000113733,1
3,0,0.000118263,1
16,1,6.4334e-05,1
16,0,7.9613e-05,1
1,1,7.0847e-05,1
1,0,6.688e-05,1
22,1,5.5629e-05,1
22,0,5.4762e-05,1
23,1,9.1301e-05,1
23,0,6.5909e-05,1
