314.389
1701,1,0.0111331,1
1701,0,0.0124361,1
700,1,0.0088248,1
700,0,0.00754195,1
1701_BRANCH0_1763,1,0.0181147,1
1701_BRANCH0_1763,0,0.0197632,1
1212,1,0.0104318,1
1212,0,0.00658531,1
1697_BRANCH0_1762,1,0.00652562,1
1697_BRANCH0_1762,0,0.00709004,1
2658,1,0.0061154,1
2658,0,0.00991238,1
1685_BRANCH0_1740,1,0.00668769,1
1685_BRANCH0_1740,0,0.0052956,1
1679,1,0.00660278,1
1679,0,0.00663191,1
2148_BRANCH0_2217,1,0.0111518,1
2148_BRANCH0_2217,0,0.0120211,1
2617_BRANCH0_2746,1,0.0115874,1
2617_BRANCH0_2746,0,0.00730486,1
1651,1,0.00608452,1
1651,0,0.00641203,1
1252_BRANCH0_2233,1,0.0133963,1
1252_BRANCH0_2233,0,0.0131136,1
1651_BRANCH0_1711,1,0.00747696,1
1651_BRANCH0_1711,0,0.00583537,1
60_BRANCH0_655,1,0.00946653,1
60_BRANCH0_655,0,0.00960419,1
1647,1,0.0110762,1
1647,0,0.0116669,1
1643,1,0.011774,1
1643,0,0.0125936,1
1643_BRANCH0_1885,1,0.0115533,1
1643_BRANCH0_1885,0,0.0124218,1
1640,1,0.00644845,1
1640,0,0.00749038,1
1640_BRANCH0_1897,1,0.00594915,1
1640_BRANCH0_1897,0,0.00610539,1
676_BRANCH0_1942,1,0.0118889,1
676_BRANCH0_1942,0,0.011243,1
1623_BRANCH0_1734,1,0.0131587,1
1623_BRANCH0_1734,0,0.0125904,1
1623_BRANCH0_1731,1,0.00676579,1
1623_BRANCH0_1731,0,0.006385,1
1620_BRANCH0_1717,1,0.0112489,1
1620_BRANCH0_1717,0,0.0120207,1
700_BRANCH0_954,1,0.0100693,1
700_BRANCH0_954,0,0.00987699,1
1615,1,0.0129761,1
1615,0,0.0127278,1
724,1,0.00733152,1
724,0,0.00841996,1
2750,1,0.01035,1
2750,0,0.00722175,1
1615_BRANCH0_1683,1,0.0127317,1
1615_BRANCH0_1683,0,0.0130333,1
1612,1,0.00661713,1
1612,0,0.00721057,1
1022_BRANCH0_1213,1,0.00932496,1
1022_BRANCH0_1213,0,0.0102417,1
1612_BRANCH0_1809,1,0.00731656,1
1612_BRANCH0_1809,0,0.00711102,1
1609_BRANCH0_1681,1,0.0100011,1
1609_BRANCH0_1681,0,0.0118841,1
1606_BRANCH0_1678,1,0.00742591,1
1606_BRANCH0_1678,0,0.00668418,1
724_BRANCH0_991,1,0.00580701,1
724_BRANCH0_991,0,0.011088,1
1603_BRANCH0_1677,1,0.00747432,1
1603_BRANCH0_1677,0,0.00633674,1
1600_BRANCH0_1746,1,0.0105378,1
1600_BRANCH0_1746,0,0.0115439,1
697_BRANCH0_1312,1,0.0129484,1
697_BRANCH0_1312,0,0.0132288,1
1596_BRANCH0_1671,1,0.00684118,1
1596_BRANCH0_1671,0,0.00497491,1
991,1,0.0101762,1
991,0,0.00627794,1
1795,1,0.0173824,1
1795,0,0.0191857,1
1595,1,0.00646801,1
1595,0,0.00595205,1
1593,1,0.00810599,1
1593,0,0.0060926,1
1188_BRANCH0_2658,1,0.010309,1
1188_BRANCH0_2658,0,0.00845742,1
22,1,0.00796365,1
22,0,0.00695452,1
1588,1,0.0100718,1
1588,0,0.0103295,1
1588_BRANCH0_1697,1,0.00650214,1
1588_BRANCH0_1697,0,0.00710816,1
1571_BRANCH0_1635,1,0.00664764,1
1571_BRANCH0_1635,0,0.00716262,1
1569,1,0.00608283,1
1569,0,0.00558944,1
2340_BRANCH0_2633,1,0.00856094,1
2340_BRANCH0_2633,0,0.00892009,1
1568,1,0.00619228,1
1568,0,0.00518128,1
1364_BRANCH0_1456,1,0.00864521,1
1364_BRANCH0_1456,0,0.00619119,1
1345,1,0.00584882,1
1345,0,0.00510938,1
1561_BRANCH0_1643,1,0.0117844,1
1561_BRANCH0_1643,0,0.0125397,1
1037,1,0.00817336,1
1037,0,0.00751066,1
1322,1,0.00772493,1
1322,0,0.00543196,1
1664_BRANCH0_1730,1,0.0113264,1
1664_BRANCH0_1730,0,0.013147,1
887,1,0.00925719,1
887,0,0.00903993,1
1557_BRANCH0_1620,1,0.00675998,1
1557_BRANCH0_1620,0,0.00586824,1
1554,1,0.00776215,1
1554,0,0.00632396,1
326_BRANCH0_602,1,0.0103577,1
326_BRANCH0_602,0,0.0092727,1
1787,1,0.0118584,1
1787,0,0.0129798,1
1554_BRANCH0_1623,1,0.00705197,1
1554_BRANCH0_1623,0,0.00590845,1
634_BRANCH0_1433,1,0.00696687,1
634_BRANCH0_1433,0,0.00674852,1
721_BRANCH0_1119,1,0.00832876,1
721_BRANCH0_1119,0,0.00938513,1
1546_BRANCH0_1647,1,0.00936363,1
1546_BRANCH0_1647,0,0.0118297,1
280_BRANCH0_922,1,0.012275,1
280_BRANCH0_922,0,0.0128666,1
1540,1,0.00667472,1
1540,0,0.00615464,1
1661_BRANCH0_1791,1,0.0061585,1
1661_BRANCH0_1791,0,0.00617538,1
1540_BRANCH0_1595,1,0.00597065,1
1540_BRANCH0_1595,0,0.00648017,1
190_BRANCH0_556,1,0.00674983,1
190_BRANCH0_556,0,0.00863971,1
1537_BRANCH0_1759,1,0.00667722,1
1537_BRANCH0_1759,0,0.00712841,1
1532,1,0.0057452,1
1532,0,0.00547147,1
1522_BRANCH0_1609,1,0.0102433,1
1522_BRANCH0_1609,0,0.0127009,1
1520,1,0.0124751,1
1520,0,0.0109184,1
608,1,0.0144902,1
608,0,0.0118773,1
1517,1,0.00789984,1
1517,0,0.00690251,1
1517_BRANCH0_1603,1,0.00755472,1
1517_BRANCH0_1603,0,0.00732599,1
1647_BRANCH0_1709,1,0.0107515,1
1647_BRANCH0_1709,0,0.0126044,1
1510_BRANCH0_1688,1,0.00729559,1
1510_BRANCH0_1688,0,0.00604171,1
903_BRANCH0_1168,1,0.00809117,1
903_BRANCH0_1168,0,0.0109324,1
1504,1,0.00800708,1
1504,0,0.00602987,1
63_BRANCH0_574,1,0.00878696,1
63_BRANCH0_574,0,0.0096689,1
1501,1,0.015358,1
1501,0,0.0100703,1
1513,1,0.00885331,1
1513,0,0.00708797,1
1499,1,0.0124527,1
1499,0,0.0122593,1
1498,1,0.00861671,1
1498,0,0.00529167,1
1495,1,0.0074663,1
1495,0,0.00626931,1
1664_BRANCH0_1792,1,0.0113564,1
1664_BRANCH0_1792,0,0.0134943,1
1224,1,0.0107321,1
1224,0,0.00716402,1
1609,1,0.0106057,1
1609,0,0.0123317,1
1492,1,0.0112336,1
1492,0,0.0114872,1
1491,1,0.0108285,1
1491,0,0.0111835,1
1013,1,0.0092903,1
1013,0,0.00722356,1
1490,1,0.00642989,1
1490,0,0.00644518,1
1213,1,0.00931721,1
1213,0,0.00908395,1
1488,1,0.00704488,1
1488,0,0.00722757,1
1209,1,0.00946056,1
1209,0,0.00989571,1
670_BRANCH0_2009,1,0.0136155,1
670_BRANCH0_2009,0,0.0131774,1
2690,1,0.011879,1
2690,0,0.007003,1
2732,1,0.0113041,1
2732,0,0.00665612,1
1484_BRANCH0_1567,1,0.0059315,1
1484_BRANCH0_1567,0,0.00615849,1
1481_BRANCH0_1531,1,0.005611,1
1481_BRANCH0_1531,0,0.00514071,1
1476,1,0.0057396,1
1476,0,0.00545622,1
691,1,0.0067329,1
691,0,0.00719007,1
1475,1,0.00626353,1
1475,0,0.00549352,1
1031,1,0.00998469,1
1031,0,0.0132799,1
1472,1,0.00665848,1
1472,0,0.00563832,1
1751_BRANCH0_1795,1,0.0166762,1
1751_BRANCH0_1795,0,0.0176677,1
1469,1,0.00684877,1
1469,0,0.00749917,1
2237_BRANCH0_2257,1,0.0110265,1
2237_BRANCH0_2257,0,0.013575,1
1468,1,0.00872015,1
1468,0,0.00704529,1
2119_BRANCH0_2549,1,0.0111427,1
2119_BRANCH0_2549,0,0.0119265,1
1462,1,0.00674912,1
1462,0,0.00542598,1
1640_BRANCH0_1728,1,0.00623088,1
1640_BRANCH0_1728,0,0.00574848,1
1460,1,0.0064019,1
1460,0,0.00848275,1
1455,1,0.00810911,1
1455,0,0.0064601,1
1454,1,0.00589479,1
1454,0,0.0067358,1
1448,1,0.0067627,1
1448,0,0.00677766,1
652_BRANCH0_895,1,0.00905484,1
652_BRANCH0_895,0,0.0113764,1
1571,1,0.00767669,1
1571,0,0.00734266,1
1801,1,0.00582518,1
1801,0,0.00544131,1
1447,1,0.00559824,1
1447,0,0.00704279,1
1446,1,0.00900099,1
1446,0,0.0059025,1
1443,1,0.00592539,1
1443,0,0.00723021,1
1636,1,0.00641373,1
1636,0,0.0058008,1
370_BRANCH0_543,1,0.0109825,1
370_BRANCH0_543,0,0.0126513,1
1440_BRANCH0_1499,1,0.0120823,1
1440_BRANCH0_1499,0,0.0131087,1
1681,1,0.0127412,1
1681,0,0.0130611,1
1494,1,0.008288,1
1494,0,0.00737571,1
1439,1,0.00732242,1
1439,0,0.00594607,1
1438,1,0.00681355,1
1438,0,0.00550447,1
1228,1,0.00896051,1
1228,0,0.010129,1
1171_BRANCH0_2600,1,0.0119073,1
1171_BRANCH0_2600,0,0.0104699,1
2119_BRANCH0_2597,1,0.0118544,1
2119_BRANCH0_2597,0,0.0121558,1
1433,1,0.00788796,1
1433,0,0.00617445,1
2427_BRANCH0_2629,1,0.0101947,1
2427_BRANCH0_2629,0,0.0105071,1
1484_BRANCH0_1532,1,0.00779309,1
1484_BRANCH0_1532,0,0.00530686,1
1419_BRANCH0_1848,1,0.00590294,1
1419_BRANCH0_1848,0,0.00606417,1
56_BRANCH0_898,1,0.00962763,1
56_BRANCH0_898,0,0.0104224,1
1416_BRANCH0_1849,1,0.0109696,1
1416_BRANCH0_1849,0,0.0135497,1
1003,1,0.00938089,1
1003,0,0.00950071,1
1397,1,0.0056698,1
1397,0,0.0052959,1
1393_BRANCH0_1463,1,0.00519879,1
1393_BRANCH0_1463,0,0.00501929,1
592_BRANCH0_981,1,0.00569133,1
592_BRANCH0_981,0,0.00924781,1
2812_BRANCH0_2857,1,0.00633765,1
2812_BRANCH0_2857,0,0.0110849,1
1393_BRANCH0_1462,1,0.00662164,1
1393_BRANCH0_1462,0,0.00572399,1
28_BRANCH0_370,1,0.00693824,1
28_BRANCH0_370,0,0.00756047,1
1390_BRANCH0_1475,1,0.00648408,1
1390_BRANCH0_1475,0,0.00557042,1
1389,1,0.00600083,1
1389,0,0.00573866,1
1487,1,0.00719018,1
1487,0,0.00642444,1
1387,1,0.00639784,1
1387,0,0.0057478,1
1223,1,0.00903454,1
1223,0,0.00972413,1
2260_BRANCH0_2361,1,0.0104533,1
2260_BRANCH0_2361,0,0.0120286,1
1379_BRANCH0_1460,1,0.00949044,1
1379_BRANCH0_1460,0,0.00681154,1
1379_BRANCH0_1459,1,0.00628418,1
1379_BRANCH0_1459,0,0.00644774,1
40_BRANCH0_382,1,0.0070786,1
40_BRANCH0_382,0,0.0071026,1
1376_BRANCH0_1470,1,0.0106218,1
1376_BRANCH0_1470,0,0.0144565,1
1373_BRANCH0_1458,1,0.00704889,1
1373_BRANCH0_1458,0,0.00772722,1
1370_BRANCH0_1468,1,0.00917182,1
1370_BRANCH0_1468,0,0.00959703,1
1557_BRANCH0_1664,1,0.0120689,1
1557_BRANCH0_1664,0,0.012272,1
1367,1,0.00783021,1
1367,0,0.00744553,1
1367_BRANCH0_1453,1,0.00708002,1
1367_BRANCH0_1453,0,0.00578718,1
1246_BRANCH0_1399,1,0.00650448,1
1246_BRANCH0_1399,0,0.00544139,1
1364_BRANCH0_1455,1,0.00591319,1
1364_BRANCH0_1455,0,0.009466,1
1358_BRANCH0_1447,1,0.00630128,1
1358_BRANCH0_1447,0,0.00678119,1
1355,1,0.00565706,1
1355,0,0.00606611,1
2071_BRANCH0_2143,1,0.0113492,1
2071_BRANCH0_2143,0,0.0116403,1
1355_BRANCH0_1444,1,0.00794528,1
1355_BRANCH0_1444,0,0.00705151,1
1352,1,0.00615972,1
1352,0,0.00597553,1
1352_BRANCH0_1445,1,0.00639939,1
1352_BRANCH0_1445,0,0.00842272,1
612,1,0.0130864,1
612,0,0.00877328,1
1346,1,0.00681286,1
1346,0,0.00542429,1
1344,1,0.0113352,1
1344,0,0.0131362,1
634,1,0.00762276,1
634,0,0.006955,1
1606,1,0.00726165,1
1606,0,0.00696176,1
1334,1,0.00667106,1
1334,0,0.00556288,1
1697_BRANCH0_1761,1,0.00667178,1
1697_BRANCH0_1761,0,0.00568226,1
1334_BRANCH0_1413,1,0.0057304,1
1334_BRANCH0_1413,0,0.0058872,1
37_BRANCH0_379,1,0.00743369,1
37_BRANCH0_379,0,0.00741549,1
2742,1,0.0118502,1
2742,0,0.00718274,1
1328,1,0.00860511,1
1328,0,0.00635888,1
2549,1,0.0101679,1
2549,0,0.00772283,1
2880,1,0.00594928,1
2880,0,0.0057045,1
2891,1,0.00586508,1
2891,0,0.0112354,1
1319,1,0.00587008,1
1319,0,0.00651507,1
625,1,0.00676374,1
625,0,0.00825752,1
2645,1,0.00681462,1
2645,0,0.011271,1
1514_BRANCH0_1612,1,0.00818814,1
1514_BRANCH0_1612,0,0.00581513,1
94_BRANCH0_290,1,0.0128035,1
94_BRANCH0_290,0,0.0127833,1
1318,1,0.011382,1
1318,0,0.0101958,1
1314,1,0.00936847,1
1314,0,0.00668093,1
1312,1,0.0124407,1
1312,0,0.0123392,1
1264,1,0.00716463,1
1264,0,0.00610337,1
1261_BRANCH0_2024,1,0.0135552,1
1261_BRANCH0_2024,0,0.0116873,1
1416,1,0.012309,1
1416,0,0.0118104,1
1258,1,0.00879997,1
1258,0,0.0134499,1
1609_BRANCH0_1680,1,0.0112422,1
1609_BRANCH0_1680,0,0.012277,1
1258_BRANCH0_1351,1,0.00952978,1
1258_BRANCH0_1351,0,0.0123052,1
1453,1,0.00768444,1
1453,0,0.00665117,1
921,1,0.0119302,1
921,0,0.0105063,1
1255,1,0.0101981,1
1255,0,0.0166992,1
1348,1,0.0135639,1
1348,0,0.00916468,1
1046,1,0.00783028,1
1046,0,0.00673881,1
628,1,0.00672814,1
628,0,0.00735808,1
1252,1,0.00732314,1
1252,0,0.0104065,1
2868,1,0.0070238,1
2868,0,0.00608163,1
1383_BRANCH0_2897,1,0.00764848,1
1383_BRANCH0_2897,0,0.00636055,1
1243,1,0.00589687,1
1243,0,0.00549134,1
1723,1,0.00644401,1
1723,0,0.00619232,1
1243_BRANCH0_1397,1,0.00586429,1
1243_BRANCH0_1397,0,0.00538268,1
1242,1,0.00824359,1
1242,0,0.00656895,1
1240,1,0.00675388,1
1240,0,0.00735031,1
1373_BRANCH0_1457,1,0.00879938,1
1373_BRANCH0_1457,0,0.00685276,1
1238,1,0.00889066,1
1238,0,0.0100258,1
1472_BRANCH0_1528,1,0.00626327,1
1472_BRANCH0_1528,0,0.00566507,1
1235,1,0.00562352,1
1235,0,0.00552476,1
1232,1,0.00547249,1
1232,0,0.00549864,1
1232_BRANCH0_1387,1,0.00575698,1
1232_BRANCH0_1387,0,0.00561139,1
1464,1,0.00570636,1
1464,0,0.00587234,1
1230,1,0.0113657,1
1230,0,0.00675998,1
1976,1,0.012707,1
1976,0,0.0344127,1
1661,1,0.00723597,1
1661,0,0.00724469,1
1225,1,0.0147299,1
1225,0,0.0170712,1
1222,1,0.00873596,1
1222,0,0.00748509,1
1221,1,0.00979174,1
1221,0,0.00710578,1
243_BRANCH0_727,1,0.00724072,1
243_BRANCH0_727,0,0.00669964,1
2326_BRANCH0_2552,1,0.0103555,1
2326_BRANCH0_2552,0,0.01199,1
2386_BRANCH0_2632,1,0.00964514,1
2386_BRANCH0_2632,0,0.0104513,1
1220,1,0.0100636,1
1220,0,0.0107983,1
2361_BRANCH0_2537,1,0.0120117,1
2361_BRANCH0_2537,0,0.0138599,1
1218,1,0.0105562,1
1218,0,0.00664443,1
2037,1,0.0062568,1
2037,0,0.00726221,1
1383_BRANCH0_1461,1,0.00586845,1
1383_BRANCH0_1461,0,0.00726307,1
1211,1,0.0130504,1
1211,0,0.0147554,1
926_BRANCH0_2634,1,0.0118573,1
926_BRANCH0_2634,0,0.0115512,1
2620,1,0.00990338,1
2620,0,0.00800088,1
1416_BRANCH0_1491,1,0.0124784,1
1416_BRANCH0_1491,0,0.0116368,1
1313,1,0.010386,1
1313,0,0.00636559,1
709_BRANCH0_1316,1,0.00905073,1
709_BRANCH0_1316,0,0.0102397,1
1788,1,0.00640598,1
1788,0,0.00727817,1
1208,1,0.00925209,1
1208,0,0.00677816,1
1206,1,0.00933465,1
1206,0,0.00663177,1
2564_BRANCH0_2674,1,0.00596748,1
2564_BRANCH0_2674,0,17.4651,1
1205,1,0.0109538,1
1205,0,0.0091652,1
574_BRANCH0_962,0,0.0127067,1
1188,1,0.0113442,1
1188,0,0.0072998,1
1546_BRANCH0_1651,1,0.00726803,1
1546_BRANCH0_1651,0,0.0073691,1
1217,1,0.00759931,1
1217,0,0.00731184,1
1188_BRANCH0_2614,1,0.0107014,1
1188_BRANCH0_2614,0,0.00935832,1
1188_BRANCH0_2606,1,0.0118912,1
1188_BRANCH0_2606,0,0.00946186,1
700_BRANCH0_1313,1,0.0105161,1
700_BRANCH0_1313,0,0.00889866,1
1510,1,0.00673197,1
1510,0,0.00582428,1
1869_BRANCH0_1921,1,0.0120938,1
1869_BRANCH0_1921,0,0.011457,1
2297_BRANCH0_2576,1,0.0109539,1
2297_BRANCH0_2576,0,0.0106792,1
1188_BRANCH0_2576,1,0.0109644,1
1188_BRANCH0_2576,0,0.0074808,1
1188_BRANCH0_2570,1,0.0111569,1
1188_BRANCH0_2570,0,0.00735482,1
2244,1,0.011038,1
2244,0,0.0126429,1
1521,1,0.00811129,1
1521,0,0.00803779,1
1188_BRANCH0_2555,1,0.0105317,1
1188_BRANCH0_2555,0,0.00860022,1
1386,1,0.00623865,1
1386,0,0.00583885,1
1188_BRANCH0_2549,1,0.0112533,1
1188_BRANCH0_2549,0,0.0101543,1
4_BRANCH0_346,1,0.00831652,1
4_BRANCH0_346,0,0.00709508,1
1171,1,0.0103338,1
1171,0,0.00835319,1
290,1,0.0135791,1
290,0,0.0128939,1
1171_BRANCH0_2645,1,0.0109467,1
1171_BRANCH0_2645,0,0.00834044,1
1576_BRANCH0_1638,1,0.00649549,1
1576_BRANCH0_1638,0,0.00586851,1
1028,1,0.006934,1
1028,0,0.00801892,1
1419_BRANCH0_1490,1,0.00614745,1
1419_BRANCH0_1490,0,0.0070237,1
727_BRANCH0_1121,1,0.00713575,1
727_BRANCH0_1121,0,0.00806871,1
1171_BRANCH0_2642,1,0.00932175,1
1171_BRANCH0_2642,0,0.00856974,1
1731_BRANCH0_1783,1,0.00646259,1
1731_BRANCH0_1783,0,0.0070898,1
1171_BRANCH0_2597,1,0.00990699,1
1171_BRANCH0_2597,0,0.013109,1
616,1,0.00763492,1
616,0,0.00828083,1
1635,1,0.00668672,1
1635,0,0.00664762,1
1522_BRANCH0_1588,1,0.0106814,1
1522_BRANCH0_1588,0,0.0106782,1
1171_BRANCH0_2594,1,0.0106504,1
1171_BRANCH0_2594,0,0.0100031,1
263_BRANCH0_658,1,0.0103594,1
263_BRANCH0_658,0,0.0133185,1
1171_BRANCH0_2567,1,0.011551,1
1171_BRANCH0_2567,0,0.00734604,1
2279,1,0.0119286,1
2279,0,0.00897689,1
2573,1,0.0060538,1
2573,0,0.00939141,1
1171_BRANCH0_2564,1,0.0100698,1
1171_BRANCH0_2564,0,0.00932938,1
1561,1,0.0105746,1
1561,0,0.0124697,1
1171_BRANCH0_2561,1,0.0113873,1
1171_BRANCH0_2561,0,0.00735459,1
1798_BRANCH0_1858,1,0.0390476,1
1798_BRANCH0_1858,0,0.0417018,1
2887,1,0.00758377,1
2887,0,0.00630672,1
1171_BRANCH0_2558,1,0.00964057,1
1171_BRANCH0_2558,0,0.00818233,1
897,1,0.0110018,1
897,0,0.0109121,1
1869,1,0.0127901,1
1869,0,0.011477,1
1171_BRANCH0_2546,1,0.0112789,1
1171_BRANCH0_2546,0,0.0111579,1
667,1,0.0138636,1
667,0,0.0149675,1
2119_BRANCH0_2631,1,16.1027,1
2119_BRANCH0_2631,0,0.0125094,1
1229,1,0.0115573,1
1229,0,0.0159703,1
1730,1,0.0118446,1
1730,0,0.0116378,1
1171_BRANCH0_2543,1,0.0115998,1
1171_BRANCH0_2543,0,0.00908875,1
603_BRANCH0_922,1,0.0128513,1
603_BRANCH0_922,0,0.0079293,1
1171_BRANCH0_2540,1,0.010905,1
1171_BRANCH0_2540,0,0.0110699,1
1824,1,0.0125449,1
1824,0,0.0112846,1
1171_BRANCH0_2537,1,0.0109216,1
1171_BRANCH0_2537,0,0.0120657,1
1534_BRANCH0_2039,1,0.0132112,1
1534_BRANCH0_2039,0,0.0129957,1
1168_BRANCH0_2427,1,0.00872038,1
1168_BRANCH0_2427,0,0.0126571,1
385_BRANCH0_2743,1,0.00853704,1
385_BRANCH0_2743,0,0.00779229,1
1370_BRANCH0_1469,1,0.00589178,1
1370_BRANCH0_1469,0,0.00654393,1
1168_BRANCH0_2272,1,0.00745133,1
1168_BRANCH0_2272,0,0.0107136,1
272_BRANCH0_676,1,0.013411,1
272_BRANCH0_676,0,0.0141437,1
2077,1,0.0110248,1
2077,0,0.0103261,1
1167,0,0.00862169,1
2005,1,0.011312,1
2005,0,0.0121275,1
1529,1,0.00774871,1
1529,0,0.00589836,1
2683,1,0.00992356,1
2683,0,0.00777307,1
1164,1,0.0122265,1
1164,0,0.0129318,1
338_BRANCH0_2800,1,0.00945025,1
338_BRANCH0_2800,0,0.00768391,1
46_BRANCH0_388,1,0.00765596,1
46_BRANCH0_388,0,0.00755498,1
76_BRANCH0_2815,1,0.0119125,1
76_BRANCH0_2815,0,0.014056,1
2750_BRANCH0_2788,1,0.0127311,1
2750_BRANCH0_2788,0,0.00806149,1
1163,0,0.00773313,1
2007,1,0.0116266,1
2007,0,0.0126232,1
1161,1,0.00809166,1
1161,0,0.00726001,1
1489,1,0.0068354,1
1489,0,0.00653578,1
1160,1,0.0143395,1
1160,0,0.0214605,1
1740,1,0.0069718,1
1740,0,0.00608338,1
1159,1,0.0156604,1
1159,0,0.0209538,1
1158,1,0.00761128,1
1158,0,0.00726749,1
1319_BRANCH0_1409,1,0.0066004,1
1319_BRANCH0_1409,0,0.0085523,1
1825,1,0.0133521,1
1825,0,0.013032,1
1157,1,0.0103535,1
1157,0,0.00630408,1
1156,1,0.00978198,1
1156,0,0.00729811,1
1865,1,0.0067488,1
1865,0,0.00618819,1
2006,1,0.00801958,1
2006,0,0.00944886,1
1155,1,0.0134608,1
1155,0,0.0189395,1
2326_BRANCH0_2661,1,0.0112379,1
2326_BRANCH0_2661,0,0.0113306,1
1458,1,0.00683033,1
1458,0,0.00610234,1
2776_BRANCH0_2809,1,0.00655632,1
2776_BRANCH0_2809,0,0.0103388,1
1370,1,0.00686188,1
1370,0,0.00923096,1
1154,1,0.00808268,1
1154,0,0.00950228,1
1152,1,0.010471,1
1152,0,0.0131482,1
1001,1,0.00994507,1
1001,0,0.00947327,1
1481,1,0.00606992,1
1481,0,0.00565552,1
1007,1,0.00676054,1
1007,0,0.00719822,1
1149,1,0.00771007,1
1149,0,0.00722971,1
1478_BRANCH0_1636,1,0.00643295,1
1478_BRANCH0_1636,0,0.00650317,1
1148,1,0.00721882,1
1148,0,0.008277,1
972,1,0.00990286,1
972,0,0.0107262,1
225_BRANCH0_742,1,0.00698359,1
225_BRANCH0_742,0,0.00747428,1
1207,1,0.0100499,1
1207,0,0.00980206,1
709_BRANCH0_972,1,0.00974506,1
709_BRANCH0_972,0,0.00957208,1
1131,1,0.00921386,1
1131,0,0.0060893,1
1537_BRANCH0_1593,1,0.00737287,1
1537_BRANCH0_1593,0,0.00714611,1
1129,1,0.00875865,1
1129,0,0.00619405,1
2676,1,0.0104215,1
2676,0,0.00778719,1
1128,1,0.0082695,1
1128,0,0.00659469,1
1119,1,0.00887192,1
1119,0,0.00733716,1
1054,1,0.00922429,1
1054,0,0.00721784,1
1376,1,0.00861912,1
1376,0,0.0106126,1
1484,1,0.00753127,1
1484,0,0.00551505,1
1049_BRANCH0_1242,1,0.00847157,1
1049_BRANCH0_1242,0,0.00932323,1
1049_BRANCH0_1241,1,0.00943968,1
1049_BRANCH0_1241,0,0.00962541,1
280_BRANCH0_602,1,0.00912,1
280_BRANCH0_602,0,0.0101183,1
1046_BRANCH0_1239,1,0.00930965,1
1046_BRANCH0_1239,0,0.00989762,1
2561_BRANCH0_2671,1,0.0067009,1
2561_BRANCH0_2671,0,9.56036,1
1588_BRANCH0_1701,1,0.0124774,1
1588_BRANCH0_1701,0,0.0120794,1
2883_BRANCH0_2895,1,0.00761134,1
2883_BRANCH0_2895,0,0.00666345,1
1043_BRANCH0_1229,1,0.0088123,1
1043_BRANCH0_1229,0,0.0103182,1
31_BRANCH0_229,1,0.00730591,1
31_BRANCH0_229,0,0.00712908,1
1358_BRANCH0_1448,1,0.00601752,1
1358_BRANCH0_1448,0,0.00698598,1
923,1,0.0120034,1
923,0,0.0135752,1
72,1,0.0114545,1
72,0,0.00953779,1
1043_BRANCH0_1228,1,0.00998874,1
1043_BRANCH0_1228,0,0.0100227,1
1188_BRANCH0_2620,1,0.0113099,1
1188_BRANCH0_2620,0,0.0095926,1
1055,1,0.0101892,1
1055,0,0.00819059,1
2119_BRANCH0_2614,1,0.012224,1
2119_BRANCH0_2614,0,0.0127294,1
2789_BRANCH0_2812,1,0.00813176,1
1040,1,0.0119895,1
1040,0,0.0114949,1
1683,1,0.0141497,1
1683,0,0.0131565,1
1040_BRANCH0_1226,1,0.0131138,1
1040_BRANCH0_1226,0,0.0136598,1
1028_BRANCH0_1217,1,0.0089125,1
1028_BRANCH0_1217,0,0.0084954,1
1132,1,0.00928929,1
1132,0,0.00629748,1
319_BRANCH0_655,1,0.0096846,1
319_BRANCH0_655,0,0.00898587,1
2340_BRANCH0_2628,1,0.0124437,1
2340_BRANCH0_2628,0,0.0134376,1
1037_BRANCH0_1224,1,0.0100185,1
1037_BRANCH0_1224,0,0.0104089,1
1037_BRANCH0_1223,1,0.0109162,1
1037_BRANCH0_1223,0,0.0100065,1
947_BRANCH0_1492,1,0.0105446,1
947_BRANCH0_1492,0,0.0131863,1
1034_BRANCH0_1221,1,0.0121335,1
1034_BRANCH0_1221,0,0.00945189,1
1034_BRANCH0_1220,1,0.011344,1
1034_BRANCH0_1220,0,0.0104359,1
1028_BRANCH0_1712,1,0.00844791,1
1028_BRANCH0_1712,0,0.00756045,1
2081,1,0.0112593,1
2081,0,0.0132025,1
1500,1,0.00900037,1
1500,0,0.0075258,1
1025_BRANCH0_1216,1,0.0092082,1
1025_BRANCH0_1216,0,0.00945005,1
331_BRANCH0_553,1,0.0093806,1
331_BRANCH0_553,0,0.00991042,1
1025_BRANCH0_1215,1,0.0106544,1
1025_BRANCH0_1215,0,0.00991276,1
1022,1,0.00774305,1
1022,0,0.00735384,1
1019_BRANCH0_1211,1,0.0132679,1
1019_BRANCH0_1211,0,0.013526,1
571_BRANCH0_1025,1,0.00867762,1
571_BRANCH0_1025,0,0.00749123,1
104_BRANCH0_331,1,0.00974113,1
104_BRANCH0_331,0,0.00962882,1
1600,1,0.0114252,1
1600,0,0.0127333,1
206,1,0.00836753,1
206,0,0.00648244,1
2597_BRANCH0_2745,1,0.0117921,1
2597_BRANCH0_2745,0,0.00779084,1
2783,1,0.00636365,1
2783,0,0.00868488,1
1267,1,0.0129241,1
1267,0,0.0132056,1
1016_BRANCH0_1210,1,0.0101372,1
1016_BRANCH0_1210,0,0.00981148,1
1016_BRANCH0_1209,1,0.0109041,1
1016_BRANCH0_1209,0,0.00997301,1
2129_BRANCH0_2620,1,0.0110247,1
2129_BRANCH0_2620,0,0.0142819,1
1013_BRANCH0_1208,1,0.010693,1
1013_BRANCH0_1208,0,0.00933357,1
1010,1,0.00782734,1
1010,0,0.00714151,1
379,1,0.00803032,1
379,0,0.0078052,1
2129_BRANCH0_2651,1,0.0106625,1
2129_BRANCH0_2651,0,0.0132048,1
1009,1,0.0103908,1
1009,0,0.00947959,1
2876,1,0.00773275,1
2876,0,0.00730033,1
1008,1,0.00912005,1
1008,0,0.00939446,1
1243_BRANCH0_1396,1,0.00655332,1
1243_BRANCH0_1396,0,0.00525253,1
989,1,0.00907467,1
989,0,0.00936114,1
243_BRANCH0_745,1,0.00777969,1
243_BRANCH0_745,0,0.00720453,1
1361_BRANCH0_1451,1,0.00847898,1
1361_BRANCH0_1451,0,0.0102415,1
104,1,0.00893694,1
104,0,0.00692153,1
1006,1,0.00897377,1
1006,0,0.00932489,1
1005,1,0.00966432,1
1005,0,0.00938855,1
1210,1,0.00975715,1
1210,0,0.00679254,1
1784,1,0.00661411,1
1784,0,0.00589797,1
2867,1,0.00641388,1
2867,0,0.00686368,1
1004,1,0.00728634,1
1004,0,0.0076705,1
1002,1,0.00894659,1
1002,0,0.00916195,1
1396,1,0.00567894,1
1396,0,0.00609438,1
998,1,0.00698044,1
998,0,0.00769509,1
1046_BRANCH0_1238,1,0.00836955,1
1046_BRANCH0_1238,0,0.00929289,1
1067,1,0.00984164,1
1067,0,0.00700709,1
46_BRANCH0_247,1,0.0073005,1
46_BRANCH0_247,0,0.00740021,1
998_BRANCH0_1161,1,0.00743516,1
998_BRANCH0_1161,0,0.0072369,1
619,1,0.00702272,1
619,0,0.00844148,1
1866_BRANCH0_1915,1,0.00957565,1
1866_BRANCH0_1915,0,0.00900738,1
997,1,0.00963626,1
997,0,0.0103617,1
994_BRANCH0_1504,1,0.0083423,1
994_BRANCH0_1504,0,0.00777424,1
994_BRANCH0_1240,1,0.00679297,1
994_BRANCH0_1240,0,0.00740246,1
1773,1,0.00587154,1
1773,0,0.00595467,1
2573_BRANCH0_2689,1,0.00540507,1
2573_BRANCH0_2689,0,0.0107798,1
1034,1,0.00931554,1
1034,0,0.00716732,1
343,1,0.00915907,1
343,0,0.00758704,1
592_BRANCH0_985,1,0.0198713,1
592_BRANCH0_985,0,0.0153903,1
990,1,0.00921433,1
990,0,0.00664202,1
94_BRANCH0_297,1,0.0132818,1
94_BRANCH0_297,0,0.0101619,1
2859,1,0.0126607,1
2859,0,0.0081397,1
988,1,0.00901328,1
988,0,0.00915466,1
985,1,0.0200533,1
985,0,0.0164588,1
1164_BRANCH0_2386,1,0.0156922,1
1164_BRANCH0_2386,0,0.0118811,1
1393,1,0.00773022,1
1393,0,0.00688318,1
1571_BRANCH0_2037,1,0.0064406,1
1571_BRANCH0_2037,0,0.00701126,1
2869,1,0.00615948,1
2869,0,0.00599483,1
1350,1,0.0126839,1
1350,0,0.00967007,1
981,1,0.00615972,1
981,0,0.0101283,1
981_BRANCH0_1231,1,0.00757826,1
981_BRANCH0_1231,0,0.00968257,1
981_BRANCH0_1230,1,0.0065933,1
981_BRANCH0_1230,0,0.0112142,1
980,1,0.0107348,1
980,0,0.0101653,1
2104_BRANCH0_2567,1,0.0100008,1
2104_BRANCH0_2567,0,0.0120349,1
977_BRANCH0_1496,1,0.00696737,1
977_BRANCH0_1496,0,0.0102389,1
2022,1,0.0126957,1
2022,0,0.0115839,1
1457,1,0.00752528,1
1457,0,0.00695079,1
1239,1,0.00882954,1
1239,0,0.00649708,1
1168,1,0.0129826,1
1168,0,0.0114912,1
2042,1,0.0101481,1
2042,0,0.00926321,1
973,0,0.0145969,1
1309,1,0.0105052,1
1309,0,0.00678282,1
973_BRANCH0_1227,0,0.0112213,1
1016,1,0.00860958,1
1016,0,0.00810051,1
969_BRANCH0_1156,1,0.0076498,1
969_BRANCH0_1156,0,0.0103052,1
1171_BRANCH0_2603,1,0.0102811,1
1171_BRANCH0_2603,0,0.0113948,1
1748,1,0.00691809,1
1748,0,0.00616843,1
992,1,0.0118303,1
992,0,0.0101918,1
965,1,0.00743307,1
965,0,0.00822662,1
358_BRANCH0_2758,1,0.00828285,1
358_BRANCH0_2758,0,0.00864718,1
959_BRANCH0_1837,1,0.00722117,1
959_BRANCH0_1837,0,0.00961949,1
962,0,0.0134999,1
962_BRANCH0_1825,1,0.0186341,1
962_BRANCH0_1825,0,0.012882,1
1875_BRANCH0_2036,1,0.00836751,1
1875_BRANCH0_2036,0,0.00711313,1
962_BRANCH0_1155,1,0.0177711,1
962_BRANCH0_1155,0,0.0143591,1
331_BRANCH0_554,1,0.0111791,1
331_BRANCH0_554,0,0.010283,1
2297_BRANCH0_2555,1,0.00934071,1
2297_BRANCH0_2555,0,0.0119197,1
959,1,0.00798438,1
959,0,0.00931749,1
1978,1,0.0113485,1
1978,0,0.013633,1
2286_BRANCH0_2594,1,0.0123849,1
2286_BRANCH0_2594,0,0.0122298,1
959_BRANCH0_1218,1,0.00687398,1
959_BRANCH0_1218,0,0.0105176,1
2340_BRANCH0_2648,1,0.0125229,1
2340_BRANCH0_2648,0,0.0143651,1
1493,1,0.00864533,1
1493,0,0.00683328,1
958,1,0.0104545,1
958,0,0.0099684,1
1661_BRANCH0_1727,1,0.00679132,1
1661_BRANCH0_1727,0,0.00691643,1
1546,1,0.00612504,1
1546,0,0.00592027,1
1409,1,0.00747114,1
1409,0,0.0091512,1
2052,1,0.00745789,1
2052,0,0.00640946,1
2821_BRANCH0_2860,1,0.00672985,1
2821_BRANCH0_2860,0,0.0112994,1
955,1,0.00865561,1
955,0,0.00917826,1
1459,1,0.00649375,1
1459,0,0.00605342,1
1762,1,0.00730904,1
1762,0,0.00670868,1
955_BRANCH0_1153,1,0.00722377,1
955_BRANCH0_1153,0,0.00732351,1
1537,1,0.00710942,1
1537,0,0.00692745,1
951,1,0.007249,1
951,0,0.00786821,1
951_BRANCH0_1154,1,0.00761335,1
951_BRANCH0_1154,0,0.0079198,1
1711,1,0.00747916,1
1711,0,0.00720372,1
947,1,0.00957911,1
947,0,0.0113971,1
947_BRANCH0_1152,1,0.0115035,1
947_BRANCH0_1152,0,0.0136598,1
2078_BRANCH0_2196,1,0.012802,1
2078_BRANCH0_2196,0,0.0111842,1
2720,1,0.00869827,1
2720,0,0.00626282,1
1478,1,0.00604663,1
1478,0,0.00647592,1
946,1,0.00970011,1
946,0,0.0107557,1
1685,1,0.00714409,1
1685,0,0.00622762,1
2315,1,0.00942546,1
2315,0,0.0115938,1
1643_BRANCH0_1707,1,0.0212189,1
1643_BRANCH0_1707,0,0.0200674,1
1376_BRANCH0_1471,1,0.0104541,1
1376_BRANCH0_1471,0,0.0132858,1
943_BRANCH0_1489,1,0.00877212,1
943_BRANCH0_1489,0,0.00750529,1
943_BRANCH0_1151,1,0.00790075,1
943_BRANCH0_1151,0,0.00789969,1
608_BRANCH0_903,1,0.0148323,1
608_BRANCH0_903,0,0.0119353,1
1351,1,0.0123406,1
1351,0,0.0139162,1
1958_BRANCH0_2014,1,0.00773917,1
1958_BRANCH0_2014,0,0.00701935,1
942,1,0.0101581,1
942,0,0.0103286,1
939_BRANCH0_1487,1,0.00728012,1
939_BRANCH0_1487,0,0.00768846,1
939_BRANCH0_1148,1,0.00803863,1
939_BRANCH0_1148,0,0.00754272,1
715_BRANCH0_980,1,0.00995049,1
715_BRANCH0_980,0,0.00978348,1
2757,1,0.00854495,1
2757,0,0.00603279,1
935,1,0.00803441,1
935,0,0.00708202,1
676_BRANCH0_920,1,0.0106673,1
676_BRANCH0_920,0,0.0127837,1
1249,1,0.00710768,1
1249,0,0.00599345,1
1122,1,0.00939775,1
1122,0,0.00626893,1
1188_BRANCH0_2664,1,0.0106851,1
1188_BRANCH0_2664,0,0.00796779,1
935_BRANCH0_1149,1,0.00791522,1
935_BRANCH0_1149,0,0.00788855,1
319_BRANCH0_592,1,0.0142383,1
319_BRANCH0_592,0,0.01117,1
1639,1,0.00742108,1
1639,0,0.00591158,1
556,1,0.00758208,1
556,0,0.00746457,1
926_BRANCH0_2633,1,0.0127588,1
926_BRANCH0_2633,0,0.0154836,1
918,1,0.0135242,1
918,0,0.0126261,1
388_BRANCH0_549,1,0.013565,1
388_BRANCH0_549,0,0.0140957,1
926_BRANCH0_2632,1,0.0134135,1
926_BRANCH0_2632,0,0.0124998,1
926_BRANCH0_2630,1,0.0134221,1
926_BRANCH0_2630,0,0.0153802,1
2227,1,0.0141824,1
2227,0,0.0129796,1
993,1,0.00842108,1
993,0,0.00690396,1
926_BRANCH0_2629,1,0.0117958,1
926_BRANCH0_2629,0,0.0168519,1
1675,1,0.0129007,1
1675,0,0.0112053,1
923_BRANCH0_1188,1,0.0159546,1
923_BRANCH0_1188,0,0.0119541,1
1317,1,0.0156213,1
1317,0,0.0114763,1
2272,1,0.0101944,1
2272,0,0.0102383,1
1316,1,0.0106126,1
1316,0,0.00629007,1
2353_BRANCH0_2664,1,0.0121954,1
2353_BRANCH0_2664,0,0.0135764,1
922,1,0.0129559,1
922,0,0.0106856,1
2228,1,0.011835,1
2228,0,0.0131928,1
920,1,0.01131,1
920,0,0.0120512,1
919,1,0.0108825,1
919,0,0.0127958,1
1815_BRANCH0_1855,1,0.0124026,1
1815_BRANCH0_1855,0,0.012977,1
917,1,0.013342,1
917,0,0.0134236,1
916,1,0.0140223,1
916,0,0.014007,1
915,1,0.0146472,1
915,0,0.0154634,1
913,1,0.0136481,1
913,0,0.0122614,1
688,1,0.00825414,1
688,0,0.00814742,1
2027_BRANCH0_2071,1,0.0121243,1
2027_BRANCH0_2071,0,0.0123692,1
1671,1,0.0071692,1
1671,0,0.00646891,1
1748_BRANCH0_1807,1,0.00635506,1
1748_BRANCH0_1807,0,0.0070938,1
1171_BRANCH0_2648,1,0.00981893,1
1171_BRANCH0_2648,0,0.00758828,1
1388,1,0.00664147,1
1388,0,0.00641487,1
910,1,0.00796825,1
910,0,0.0115814,1
277,1,0.00870353,1
277,0,0.00777421,1
907,1,0.00758316,1
907,0,0.0117487,1
2067,1,0.0142413,1
2067,0,0.0119632,1
907_BRANCH0_1252,1,0.00881203,1
907_BRANCH0_1252,0,0.0126375,1
216_BRANCH0_739,1,0.00801568,1
216_BRANCH0_739,0,0.00749226,1
201,1,0.00722878,1
201,0,0.00817051,1
903_BRANCH0_2279,1,0.0108277,1
903_BRANCH0_2279,0,0.0133597,1
899,1,0.0124291,1
899,0,0.0127976,1
748_BRANCH0_1008,1,0.0108222,1
748_BRANCH0_1008,0,0.00935012,1
1226,1,0.0164338,1
1226,0,0.0118596,1
910_BRANCH0_1258,1,0.00912936,1
910_BRANCH0_1258,0,0.0122698,1
586_BRANCH0_973,0,0.0160518,1
899_BRANCH0_2279,1,0.00944359,1
899_BRANCH0_2279,0,0.0130679,1
899_BRANCH0_1164,1,0.009843,1
899_BRANCH0_1164,0,0.0133342,1
1827,1,0.00736697,1
1827,0,0.00673176,1
2315_BRANCH0_2546,1,0.0106918,1
2315_BRANCH0_2546,0,0.0117606,1
2361_BRANCH0_2573,1,0.0141397,1
2361_BRANCH0_2573,0,0.0139305,1
976,1,0.0159464,1
976,0,0.0158357,1
899_BRANCH0_1163,1,0.00920527,1
2843_BRANCH0_2871,1,0.00700141,1
2843_BRANCH0_2871,0,0.010792,1
898,1,0.0084143,1
898,0,0.00878024,1
1576,1,0.00672174,1
1576,0,0.0058262,1
551,1,0.0106106,1
551,0,0.00707569,1
1451,1,0.0121958,1
1451,0,0.0107777,1
1434,1,0.00791088,1
1434,0,0.0062804,1
998_BRANCH0_1498,1,0.00756498,1
998_BRANCH0_1498,0,0.00718294,1
2897,1,0.00601363,1
2897,0,0.00674715,1
896,1,0.011237,1
896,0,0.00701975,1
2104_BRANCH0_2634,1,0.0109894,1
2104_BRANCH0_2634,0,0.0173657,1
326_BRANCH0_601,1,0.0102614,1
326_BRANCH0_601,0,0.00972988,1
28_BRANCH0_225,1,0.00849512,1
28_BRANCH0_225,0,0.00640126,1
326,1,0.00741435,1
326,0,0.00776001,1
319_BRANCH0_586,1,0.0135924,1
319_BRANCH0_586,0,0.0110808,1
306,1,0.0104052,1
306,0,0.00976282,1
306_BRANCH0_555,1,0.00980587,1
306_BRANCH0_555,0,0.00952287,1
703_BRANCH0_958,1,0.0108056,1
703_BRANCH0_958,0,0.011005,1
673_BRANCH0_2008,1,0.0358163,1
673_BRANCH0_2008,0,0.0359146,1
306_BRANCH0_554,1,0.0112753,1
306_BRANCH0_554,0,0.00969891,1
216_BRANCH0_619,1,0.0073564,1
216_BRANCH0_619,0,0.00731982,1
535,1,0.0111129,1
535,0,0.0119193,1
2634,1,0.012586,1
2634,0,0.0120351,1
685,1,0.00768977,1
685,0,0.00585564,1
595_BRANCH0_998,1,0.00694808,1
595_BRANCH0_998,0,0.00737088,1
1777,1,0.00736981,1
1777,0,0.00643871,1
306_BRANCH0_553,1,0.00979494,1
306_BRANCH0_553,0,0.00971416,1
2600_BRANCH0_2745,1,0.0123241,1
2600_BRANCH0_2745,0,0.0100151,1
664,1,0.0119249,1
664,0,0.0128088,1
697,1,0.0127934,1
697,0,0.0117554,1
1255_BRANCH0_1348,1,0.00902284,1
1255_BRANCH0_1348,0,0.0120979,1
893,1,0.0106189,1
893,0,0.00593057,1
2858,1,0.0125319,1
2858,0,0.00965537,1
712_BRANCH0_976,1,0.0151244,1
712_BRANCH0_976,0,0.0167853,1
303_BRANCH0_923,1,0.0137836,1
303_BRANCH0_923,0,0.0122267,1
194_BRANCH0_634,1,0.00885651,1
194_BRANCH0_634,0,0.00723228,1
56_BRANCH0_910,1,0.00978869,1
56_BRANCH0_910,0,0.00770239,1
290_BRANCH0_2078,1,0.0103455,1
290_BRANCH0_2078,0,0.0186114,1
25_BRANCH0_367,1,0.00918282,1
25_BRANCH0_367,0,0.00860543,1
69_BRANCH0_257,1,0.00769299,1
69_BRANCH0_257,0,0.00741846,1
34_BRANCH0_232,1,0.00746823,1
34_BRANCH0_232,0,0.00718546,1
283_BRANCH0_2815,1,0.0135055,1
283_BRANCH0_2815,0,0.013984,1
1040_BRANCH0_1225,1,0.0163855,1
1040_BRANCH0_1225,0,0.0136689,1
2129_BRANCH0_2561,1,0.0125492,1
2129_BRANCH0_2561,0,0.0121436,1
539,1,0.0143624,1
539,0,0.0126643,1
1664,1,0.0119729,1
1664,0,0.0133885,1
2658_BRANCH0_2738,1,0.00797626,1
2658_BRANCH0_2738,0,0.0113839,1
691_BRANCH0_942,1,0.0117276,1
691_BRANCH0_942,0,0.010162,1
283_BRANCH0_2812,1,0.0147032,1
283_BRANCH0_2812,0,0.0149495,1
319_BRANCH0_724,1,0.0114049,1
319_BRANCH0_724,0,0.0110079,1
2631,1,0.00944456,1
2631,0,0.00944158,1
2824,1,0.00643335,1
2824,0,0.010093,1
565,1,0.0098499,1
565,0,0.0100252,1
595_BRANCH0_994,1,0.00912038,1
595_BRANCH0_994,0,0.00731573,1
571,1,0.00765314,1
571,0,0.00776914,1
2068_BRANCH0_2104,1,0.0122652,1
2068_BRANCH0_2104,0,0.0131826,1
2785,1,0.00748235,1
2785,0,0.00933442,1
2863,1,0.013032,1
2863,0,0.00750246,1
1534,1,0.011541,1
1534,0,0.0136416,1
2673,1,0.0129771,1
2673,0,0.00724884,1
16,1,0.00755322,1
16,0,0.00756741,1
277_BRANCH0_921,1,0.0120855,1
277_BRANCH0_921,0,0.0117683,1
349,1,0.00807018,1
349,0,0.00780458,1
939,1,0.00816445,1
939,0,0.00790965,1
272_BRANCH0_679,1,0.0123976,1
272_BRANCH0_679,0,0.0122189,1
300,1,0.0100921,1
300,0,0.014006,1
1252_BRANCH0_1349,1,0.0108491,1
1252_BRANCH0_1349,0,0.0106267,1
1658_BRANCH0_1720,1,0.00844695,1
1658_BRANCH0_1720,0,0.00799272,1
266_BRANCH0_667,1,0.0141698,1
266_BRANCH0_667,0,0.0173728,1
338_BRANCH0_926,0,0.0142699,1
25,1,0.00934235,1
25,0,0.00777011,1
608_BRANCH0_910,1,0.0139465,1
608_BRANCH0_910,0,0.014309,1
297,1,0.0141233,1
297,0,0.0100626,1
1315,1,0.0147304,1
1315,0,0.00695039,1
2427_BRANCH0_2639,1,0.00950496,1
2427_BRANCH0_2639,0,0.0113926,1
730_BRANCH0_997,1,0.0102005,1
730_BRANCH0_997,0,0.0104234,1
4,1,0.0076626,1
4,0,0.00779615,1
263,1,0.0125174,1
263,0,0.0138876,1
91_BRANCH0_252,1,0.0081269,1
91_BRANCH0_252,0,0.00989361,1
2297_BRANCH0_2645,1,0.0100525,1
2297_BRANCH0_2645,0,0.0123483,1
724_BRANCH0_1122,1,0.00746739,1
724_BRANCH0_1122,0,0.00945443,1
1010_BRANCH0_1206,1,0.0101288,1
1010_BRANCH0_1206,0,0.0102332,1
252,1,0.010482,1
252,0,0.00678187,1
1688,1,0.0057214,1
1688,0,0.00614905,1
1510_BRANCH0_1569,1,0.00621293,1
1510_BRANCH0_1569,0,0.00549336,1
263_BRANCH0_661,1,0.0119265,1
263_BRANCH0_661,0,0.0129615,1
2851,1,0.0135151,1
2851,0,0.00914868,1
34,1,0.00772558,1
34,0,0.00817687,1
1723_BRANCH0_1773,1,0.005712,1
1723_BRANCH0_1773,0,0.00655672,1
37_BRANCH0_235,1,0.00788248,1
37_BRANCH0_235,0,0.00759432,1
2143,1,0.0119403,1
2143,0,0.0107862,1
2245_BRANCH0_2272,1,0.0116964,1
2245_BRANCH0_2272,0,0.011985,1
4_BRANCH0_194,1,0.00887635,1
4_BRANCH0_194,0,0.00914498,1
926_BRANCH0_2631,1,0.0126321,1
926_BRANCH0_2631,0,0.0147261,1
338_BRANCH0_2384,1,0.00934015,1
338_BRANCH0_2384,0,0.00845486,1
63,1,0.00780112,1
63,0,0.00733465,1
733_BRANCH0_1328,1,0.00969382,1
733_BRANCH0_1328,0,0.0104698,1
257,1,0.00762467,1
257,0,0.00800246,1
297_BRANCH0_921,1,0.0135349,1
297_BRANCH0_921,0,0.0119987,1
1219,1,0.0126709,1
1219,0,0.012487,1
1823,1,0.0129913,1
1823,0,0.0121569,1
253,1,0.00881488,1
253,0,0.00749221,1
1838_BRANCH0_1896,1,0.00685453,1
1838_BRANCH0_1896,0,0.00635957,1
2853,1,0.0111729,1
2853,0,0.00740987,1
253_BRANCH0_724,1,0.00970057,1
253_BRANCH0_724,0,0.00963205,1
1463,1,0.00742373,1
1463,0,0.00677475,1
1440_BRANCH0_2023,1,0.0117197,1
1440_BRANCH0_2023,0,0.0128018,1
2235,1,0.0123294,1
2235,0,0.013392,1
1188_BRANCH0_2617,1,0.0131482,1
1188_BRANCH0_2617,0,0.0123543,1
361_BRANCH0_540,1,0.012006,1
361_BRANCH0_540,0,0.0128559,1
658,1,0.0151669,1
658,0,0.0137002,1
349_BRANCH0_536,1,0.0134441,1
349_BRANCH0_536,0,0.013257,1
2361_BRANCH0_2597,1,0.0141595,1
2361_BRANCH0_2597,0,0.0137107,1
56,1,0.00935624,1
56,0,0.00822373,1
2872,1,0.00996369,1
2872,0,0.0074447,1
1249_BRANCH0_1345,1,0.00672854,1
1249_BRANCH0_1345,0,0.00610519,1
253_BRANCH0_592,1,0.0100831,1
253_BRANCH0_592,0,0.0126593,1
247_BRANCH0_700,1,0.00799809,1
247_BRANCH0_700,0,0.00757661,1
349_BRANCH0_2722,1,0.0090227,1
349_BRANCH0_2722,0,0.00831441,1
2375,1,0.0118848,1
2375,0,0.0158504,1
247_BRANCH0_595,1,0.00818458,1
247_BRANCH0_595,0,0.00730742,1
346_BRANCH0_2721,1,0.0069579,1
346_BRANCH0_2721,0,0.00814786,1
1452,1,0.0126069,1
1452,0,0.00992735,1
2236,1,0.0134503,1
2236,0,0.0130156,1
1246_BRANCH0_1398,1,0.0077347,1
1246_BRANCH0_1398,0,0.00589549,1
1019,1,0.0102411,1
1019,0,0.0125303,1
706,1,0.00872169,1
706,0,0.00823801,1
269,1,0.0384531,1
269,0,0.039796,1
306_BRANCH0_550,1,0.0120173,1
306_BRANCH0_550,0,0.0103882,1
91,1,0.00841083,1
91,0,0.00785363,1
99_BRANCH0_303,1,0.0152654,1
99_BRANCH0_303,0,0.0152738,1
1858,1,0.0392053,1
1858,0,0.0146405,1
239,1,0.00907246,1
239,0,0.00776729,1
239_BRANCH0_589,1,0.00815756,1
239_BRANCH0_589,0,0.00827192,1
903,1,0.0079013,1
903,0,0.0127551,1
79_BRANCH0_2829,1,0.0129234,1
79_BRANCH0_2829,0,0.0135207,1
1215,1,0.011379,1
1215,0,0.0107301,1
331_BRANCH0_551,1,0.0109167,1
331_BRANCH0_551,0,0.0105849,1
326_BRANCH0_921,1,0.012819,1
326_BRANCH0_921,0,0.0121742,1
1412,1,0.00989446,1
1412,0,0.00589524,1
2555_BRANCH0_2750,1,0.00958197,1
2555_BRANCH0_2750,0,0.00734469,1
313_BRANCH0_2384,1,0.00292711,0
313_BRANCH0_2384,0,0.00840614,1
1413,1,0.0072124,1
1413,0,0.00695323,1
643_BRANCH0_1706,1,0.00591455,1
643_BRANCH0_1706,0,0.00867703,1
718_BRANCH0_1120,1,0.00953295,1
718_BRANCH0_1120,0,0.00990765,1
232_BRANCH0_583,1,0.00777187,1
232_BRANCH0_583,0,0.0071648,1
2060,1,0.0177689,1
2060,0,0.0198152,1
379_BRANCH0_2765,1,0.00964231,1
379_BRANCH0_2765,0,0.00724795,1
229,1,0.00730708,1
229,0,0.0080316,1
2229,1,0.01182,1
2229,0,0.0133829,1
903_BRANCH0_1167,1,0.00833246,1
376_BRANCH0_545,1,0.0132573,1
376_BRANCH0_545,0,0.0161951,1
303_BRANCH0_926,0,0.0155917,1
1031_BRANCH0_1219,1,0.0140719,1
1031_BRANCH0_1219,0,0.0130075,1
229_BRANCH0_580,1,0.00843839,1
229_BRANCH0_580,0,0.00828875,1
541,1,0.0114999,1
541,0,0.0132327,1
326_BRANCH0_922,1,0.013907,1
326_BRANCH0_922,0,0.0121883,1
2611_BRANCH0_2750,1,0.0131611,1
2611_BRANCH0_2750,0,0.00753262,1
225,1,0.00761326,1
225,0,0.00681082,1
667_BRANCH0_2230,1,0.0135883,1
667_BRANCH0_2230,0,0.0152478,1
1010_BRANCH0_1205,1,0.0113813,1
1010_BRANCH0_1205,0,0.0105102,1
1164_BRANCH0_2266,1,0.0130438,1
1164_BRANCH0_2266,0,0.0123535,1
1216,1,0.011671,1
1216,0,0.00700102,1
1788_BRANCH0_1826,1,0.00717521,1
1788_BRANCH0_1826,0,0.00663763,1
316,1,0.00827899,1
316,0,0.00776527,1
66_BRANCH0_252,1,0.0105222,1
66_BRANCH0_252,0,0.0105011,1
225_BRANCH0_568,1,0.0100121,1
225_BRANCH0_568,0,0.00796893,1
99,1,0.00818518,1
99,0,0.00896272,1
2888,1,0.00613198,1
2888,0,0.00533149,1
676,1,0.0122309,1
676,0,0.0135791,1
1866,1,0.00802218,1
1866,0,0.00608197,1
220_BRANCH0_730,1,0.00758618,1
220_BRANCH0_730,0,0.00721516,1
247_BRANCH0_703,1,0.00730444,1
247_BRANCH0_703,0,0.00822157,1
1540_BRANCH0_1594,1,0.00685761,1
1540_BRANCH0_1594,0,0.00580159,1
2013,1,0.00638414,1
2013,0,0.00677589,1
1364,1,0.00711367,1
1364,0,0.00654503,1
2361_BRANCH0_2552,1,0.0114411,1
2361_BRANCH0_2552,0,0.0123436,1
2427_BRANCH0_2606,1,0.0117852,1
2427_BRANCH0_2606,0,0.0122717,1
1261,1,0.00920382,1
1261,0,0.0119655,1
1815_BRANCH0_1856,1,0.0136075,1
1815_BRANCH0_1856,0,0.0130299,1
2617,1,0.0127817,1
2617,0,0.00981784,1
220_BRANCH0_577,1,0.00875899,1
220_BRANCH0_577,0,0.0077582,1
697_BRANCH0_950,1,0.0127275,1
697_BRANCH0_950,0,0.0138625,1
376_BRANCH0_2764,1,0.00909251,1
376_BRANCH0_2764,0,0.00869212,1
212_BRANCH0_748,1,0.00674002,1
212_BRANCH0_748,0,0.00671495,1
1399,1,0.00639351,1
1399,0,0.00654564,1
994,1,0.00729266,1
994,0,0.0073251,1
212_BRANCH0_697,1,0.0118368,1
212_BRANCH0_697,0,0.0144695,1
1920,1,0.0125639,1
1920,0,0.0133423,1
212_BRANCH0_694,1,0.00855273,1
212_BRANCH0_694,0,0.00777403,1
603_BRANCH0_921,1,0.0126342,1
603_BRANCH0_921,0,0.00774485,1
1603,1,0.00765402,1
1603,0,0.00681398,1
1557,1,0.007886,1
1557,0,0.00718753,1
2651_BRANCH0_2732,1,0.00651356,1
2651_BRANCH0_2732,0,62.9197,1
209,1,0.0112104,1
209,0,0.00957215,1
1864,1,0.0070582,1
1864,0,0.00635104,1
1246,1,0.0066804,1
1246,0,0.00621504,1
209_BRANCH0_736,1,0.00706227,1
209_BRANCH0_736,0,0.0076539,1
1379,1,0.00762239,1
1379,0,0.00715013,1
1334_BRANCH0_1801,1,0.00627611,1
1334_BRANCH0_1801,0,0.00634039,1
220,1,0.0073399,1
220,0,0.00729697,1
2875,1,0.0060733,1
2875,0,0.00714269,1
655_BRANCH0_1067,1,0.00543325,1
655_BRANCH0_1067,0,0.00979087,1
206_BRANCH0_562,1,0.0126462,1
206_BRANCH0_562,0,0.0102165,1
206_BRANCH0_718,1,0.00789749,1
206_BRANCH0_718,0,0.00731014,1
589,1,0.00778013,1
589,0,0.00748864,1
1748_BRANCH0_1808,1,0.00700742,1
1748_BRANCH0_1808,0,0.00725485,1
739,1,0.00763885,1
739,0,0.00712912,1
1615_BRANCH0_1810,1,0.0125412,1
1615_BRANCH0_1810,0,0.0141834,1
290_BRANCH0_1802,1,0.0107497,1
290_BRANCH0_1802,0,0.0142553,1
313,1,0.0172364,1
313,0,0.0112814,1
646,1,0.00733108,1
646,0,0.00736522,1
1031_BRANCH0_1713,1,0.011593,1
1031_BRANCH0_1713,0,0.0136253,1
260_BRANCH0_608,1,0.0158355,1
260_BRANCH0_608,0,0.0144612,1
1576_BRANCH0_1639,1,0.00790399,1
1576_BRANCH0_1639,0,0.00651725,1
82,1,0.0075257,1
82,0,0.0117518,1
1678,1,0.00719914,1
1678,0,0.00676659,1
72_BRANCH0_253,1,0.00787957,1
72_BRANCH0_253,0,0.00799517,1
589_BRANCH0_1043,1,0.00774997,1
589_BRANCH0_1043,0,0.00810275,1
1682,1,0.00681566,1
1682,0,0.00705219,1
275,1,0.0134338,1
275,0,0.0117916,1
751_BRANCH0_1132,1,0.0102252,1
751_BRANCH0_1132,0,0.00966288,1
2862,1,0.0124468,1
2862,0,0.00916823,1
364_BRANCH0_541,1,0.0111864,1
364_BRANCH0_541,0,0.012957,1
2119_BRANCH0_2658,1,0.0140703,1
2119_BRANCH0_2658,0,0.0126551,1
603_BRANCH0_923,1,0.0171213,1
603_BRANCH0_923,0,0.0144824,1
1373,1,0.00824459,1
1373,0,0.00683836,1
49,1,0.00826571,1
49,0,0.00902075,1
1419,1,0.00782677,1
1419,0,0.00714299,1
1701_BRANCH0_1764,1,0.0119797,1
1701_BRANCH0_1764,0,0.0131366,1
256,1,0.0152876,1
256,0,0.0155,1
1258_BRANCH0_2025,1,0.0162396,1
1258_BRANCH0_2025,0,0.0143109,1
2427_BRANCH0_2597,1,0.0113508,1
2427_BRANCH0_2597,0,0.0123462,1
545,1,0.0142891,1
545,0,0.0136408,1
201_BRANCH0_715,1,0.00908446,1
201_BRANCH0_715,0,0.00809995,1
53,1,0.00849298,1
53,0,0.008598,1
562_BRANCH0_943,1,0.00773454,1
562_BRANCH0_943,0,0.00750753,1
1,1,0.00802956,1
1,0,0.00811837,1
99_BRANCH0_313,1,0.0105882,1
99_BRANCH0_313,0,0.0164205,1
1349,1,0.0117789,1
1349,0,0.0130055,1
2326_BRANCH0_2620,1,0.0110093,1
2326_BRANCH0_2620,0,0.0118989,1
2361_BRANCH0_2629,1,11.6074,1
2361_BRANCH0_2629,0,0.0132875,1
53_BRANCH0_724,1,0.010798,1
53_BRANCH0_724,0,0.0105954,1
622,1,0.00882114,1
622,0,0.00909502,1
977,1,0.00690857,1
977,0,0.00993016,1
31_BRANCH0_373,1,0.00841757,1
31_BRANCH0_373,0,0.00829411,1
1481_BRANCH0_1568,1,0.00661869,1
1481_BRANCH0_1568,0,0.0056013,1
562,1,0.0097933,1
562,0,0.0108134,1
643_BRANCH0_893,1,0.00804798,1
643_BRANCH0_893,0,0.0098192,1
40,1,0.00800422,1
40,0,0.00868747,1
888,1,0.00993723,1
888,0,0.0108841,1
586,1,0.0111552,1
586,0,0.0108252,1
2297_BRANCH0_2597,1,0.011953,1
2297_BRANCH0_2597,0,0.0122532,1
914,1,0.0114203,1
914,0,0.0134804,1
1591,1,0.0113417,1
1591,0,0.0130869,1
10_BRANCH0_352,1,0.00879817,1
10_BRANCH0_352,0,0.00800314,1
56_BRANCH0_643,1,0.0107979,1
56_BRANCH0_643,0,0.0103866,1
1188_BRANCH0_2655,1,0.011678,1
1188_BRANCH0_2655,0,0.00984833,1
748_BRANCH0_1133,1,0.0109688,1
748_BRANCH0_1133,0,0.0104321,1
2606_BRANCH0_2750,1,0.0127581,1
2606_BRANCH0_2750,0,0.00807381,1
216,1,0.00790459,1
216,0,0.00827043,1
1658_BRANCH0_1721,1,0.00797577,1
1658_BRANCH0_1721,0,0.00823059,1
718,1,0.00803296,1
718,0,0.0079729,1
352_BRANCH0_537,1,0.0113287,1
352_BRANCH0_537,0,0.0120445,1
104_BRANCH0_326,1,0.00992727,1
104_BRANCH0_326,0,0.00835448,1
1_BRANCH0_190,1,0.0122227,1
1_BRANCH0_190,0,0.0125446,1
2297_BRANCH0_2570,1,0.0101273,1
2297_BRANCH0_2570,0,0.0108691,1
568_BRANCH0_951,1,0.00878916,1
568_BRANCH0_951,0,0.00782793,1
649,1,0.00801313,1
649,0,0.00798885,1
37,1,0.0092224,1
37,0,0.0102069,1
46,1,0.00836272,1
46,0,0.0104767,1
25_BRANCH0_220,1,0.00864793,1
25_BRANCH0_220,0,0.00869729,1
1049,1,0.00836501,1
1049,0,0.00792967,1
269_BRANCH0_670,1,0.0133563,1
269_BRANCH0_670,0,0.0133265,1
283_BRANCH0_2829,1,0.0166843,1
283_BRANCH0_2829,0,0.0160242,1
1658,1,0.00939225,1
1658,0,0.00681914,1
239_BRANCH0_598,1,0.00770331,1
239_BRANCH0_598,0,0.00754951,1
94_BRANCH0_283,1,0.013769,1
94_BRANCH0_283,0,0.0111594,1
216_BRANCH0_721,1,0.00888601,1
216_BRANCH0_721,0,0.00795716,1
1319_BRANCH0_1852,1,0.00799788,1
1319_BRANCH0_1852,0,0.00811187,1
612_BRANCH0_897,1,0.00786454,0
612_BRANCH0_897,0,0.0117021,1
2250,1,0.0144236,1
2250,0,0.0149207,1
2269_BRANCH0_2426,1,0.0132333,1
2269_BRANCH0_2426,0,0.0126601,1
10_BRANCH0_201,1,0.00849712,1
10_BRANCH0_201,0,0.00813055,1
546,1,0.0140222,1
546,0,0.0156774,1
1517_BRANCH0_1600,1,0.0137647,1
1517_BRANCH0_1600,0,0.0133074,1
1235_BRANCH0_1389,1,0.00807176,1
1235_BRANCH0_1389,0,0.00758346,1
1961_BRANCH0_2015,1,0.00804284,1
1961_BRANCH0_2015,0,0.00787374,1
2256,1,0.0125859,1
2256,0,0.0139538,1
16_BRANCH0_358,1,0.00923842,1
16_BRANCH0_358,0,0.00818397,1
2543_BRANCH0_2747,1,0.0134065,1
2543_BRANCH0_2747,0,0.00792883,1
1361,1,0.0130191,1
1361,0,0.0122708,1
303,1,0.0165022,1
303,0,0.0147354,1
276,1,0.0147797,1
276,0,0.0136989,1
300_BRANCH0_612,1,0.0127252,1
300_BRANCH0_612,0,0.0153201,1
197_BRANCH0_691,1,0.0104188,1
197_BRANCH0_691,0,0.00822243,1
43_BRANCH0_243,1,0.00741666,1
43_BRANCH0_243,0,0.00703725,1
1327,1,0.010131,1
1327,0,0.00667489,1
2722,1,0.00813104,1
2722,0,0.00695528,1
266,1,0.0103857,1
266,0,0.0137042,1
1953_BRANCH0_2005,1,0.0136874,1
1953_BRANCH0_2005,0,0.0139557,1
631_BRANCH0_1267,1,0.0239164,1
631_BRANCH0_1267,0,0.0160349,1
2597_BRANCH0_2747,1,0.0120938,1
2597_BRANCH0_2747,0,0.00861002,1
283_BRANCH0_2818,1,0.0162159,1
283_BRANCH0_2818,0,0.0147975,1
2740,1,0.0133472,1
2740,0,0.00811446,1
373,1,0.0105224,1
373,0,0.00862679,1
2326,1,0.0102532,1
2326,0,0.0126096,1
628_BRANCH0_1322,1,0.00920199,1
628_BRANCH0_1322,0,0.00905633,1
1561_BRANCH0_1640,1,0.00764532,1
1561_BRANCH0_1640,0,0.00727783,1
31,1,0.00848412,1
31,0,0.00761883,1
2030,1,0.0127104,1
2030,0,0.012525,1
1471,1,0.0141512,1
1471,0,0.0147451,1
2664_BRANCH0_2742,1,0.00856479,1
2664_BRANCH0_2742,0,0.0124222,1
568,1,0.00912616,1
568,0,0.00848523,1
1514_BRANCH0_1615,1,0.0136356,1
1514_BRANCH0_1615,0,0.0133421,1
712_BRANCH0_1317,1,0.0184729,1
712_BRANCH0_1317,0,0.0189326,1
1013_BRANCH0_1207,1,0.0116515,1
1013_BRANCH0_1207,0,0.0108082,1
235_BRANCH0_706,1,0.0079107,1
235_BRANCH0_706,0,0.00831041,1
1734_BRANCH0_1786,1,0.0140147,1
1734_BRANCH0_1786,0,0.0147524,1
367_BRANCH0_2761,1,0.0109305,1
367_BRANCH0_2761,0,0.00812053,1
94_BRANCH0_300,1,0.016063,1
94_BRANCH0_300,0,0.00949977,1
382,1,0.00937577,1
382,0,0.00835818,1
22_BRANCH0_216,1,0.0090582,1
22_BRANCH0_216,0,0.00835178,1
1777_BRANCH0_1822,1,0.00718128,1
1777_BRANCH0_1822,0,0.0070161,1
1231,1,0.0107867,1
1231,0,0.00842354,1
1188_BRANCH0_2651,1,0.0111886,1
1188_BRANCH0_2651,0,0.00855922,1
257_BRANCH0_655,1,0.0107912,1
257_BRANCH0_655,0,0.0109286,1
586_BRANCH0_977,1,0.00836295,1
586_BRANCH0_977,0,0.0102567,1
1367_BRANCH0_1454,1,0.00965535,1
1367_BRANCH0_1454,0,0.00683537,1
640,1,0.0086803,1
640,0,0.00741856,1
2202_BRANCH0_2229,1,0.0136429,1
2202_BRANCH0_2229,0,0.0125286,1
85,1,0.0140566,1
85,0,0.012823,1
1950_BRANCH0_2007,1,0.0129361,1
1950_BRANCH0_2007,0,0.0127519,1
7_BRANCH0_349,1,0.00976502,1
7_BRANCH0_349,0,0.00973567,1
1812,1,0.00770705,1
1812,0,0.00680897,1
985_BRANCH0_1159,1,0.0199552,1
985_BRANCH0_1159,0,0.0164754,1
283,1,0.0139081,1
283,0,0.00966352,1
1968,1,0.00743325,1
1968,0,0.00722053,1
2216,1,0.0121222,1
2216,0,0.0127119,1
232_BRANCH0_646,1,0.00914545,1
232_BRANCH0_646,0,0.00764899,1
943,1,0.0077105,1
943,0,0.00833834,1
79_BRANCH0_266,1,0.014406,1
79_BRANCH0_266,0,0.0133928,1
331_BRANCH0_555,1,0.0118142,1
331_BRANCH0_555,0,0.0101808,1
346_BRANCH0_535,1,0.0114353,1
346_BRANCH0_535,0,0.0126328,1
13,1,0.0125067,1
13,0,0.00867648,1
649_BRANCH0_1412,1,0.00822898,1
649_BRANCH0_1412,0,0.00751293,1
290_BRANCH0_1889,1,0.00943658,1
290_BRANCH0_1889,0,0.0138691,1
2561,1,0.00826943,1
2561,0,0.0123916,1
79,1,0.0120046,1
79,0,0.0120804,1
243_BRANCH0_571,1,0.00967704,1
243_BRANCH0_571,0,0.00829415,1
10,1,0.00945539,1
10,0,0.00849698,1
1255_BRANCH0_2232,1,0.0206076,1
1255_BRANCH0_2232,0,0.0191073,1
2361_BRANCH0_2658,1,0.0143696,1
2361_BRANCH0_2658,0,0.0157096,1
2386_BRANCH0_2655,1,0.0131297,1
2386_BRANCH0_2655,0,0.0117125,1
72_BRANCH0_256,1,0.0156446,1
72_BRANCH0_256,0,0.015021,1
1612_BRANCH0_1682,1,0.00941045,1
1612_BRANCH0_1682,0,0.00634094,1
88_BRANCH0_277,1,0.00871151,1
88_BRANCH0_277,0,0.0085584,1
537,1,0.0124335,1
537,0,0.0138082,1
2199_BRANCH0_2222,1,0.0193238,1
2199_BRANCH0_2222,0,0.0141255,1
1151,1,0.00937895,1
1151,0,0.00907893,1
7,1,0.00822945,1
7,0,0.00909715,1
965_BRANCH0_1500,1,0.0079873,1
965_BRANCH0_1500,0,0.00890484,1
13_BRANCH0_355,1,0.0083207,1
13_BRANCH0_355,0,0.00907839,1
104_BRANCH0_275,1,0.0105062,1
104_BRANCH0_275,0,0.0132149,1
2828,1,0.00876095,1
2828,0,0.00673893,1
316_BRANCH0_685,1,0.00773876,1
316_BRANCH0_685,0,0.00829252,1
290_BRANCH0_1858,1,0.00828255,1
290_BRANCH0_1858,0,0.0433593,1
290_BRANCH0_2081,1,0.0105767,1
290_BRANCH0_2081,0,0.0138187,1
16_BRANCH0_209,1,0.00958748,1
16_BRANCH0_209,0,0.0113974,1
104_BRANCH0_316,1,0.0094762,1
104_BRANCH0_316,0,0.0081567,1
2078_BRANCH0_2199,1,0.0181439,1
2078_BRANCH0_2199,0,0.0142646,1
209_BRANCH0_565,1,0.0127703,1
209_BRANCH0_565,0,0.0126136,1
751,1,0.0089556,1
751,0,0.00748624,1
2119_BRANCH0_2570,1,0.0111869,1
2119_BRANCH0_2570,0,0.0135665,1
2385,1,0.0150846,1
2385,0,0.00992089,1
682_BRANCH0_886,1,0.00819171,1
682_BRANCH0_886,0,0.00715206,1
40_BRANCH0_239,1,0.00794811,1
40_BRANCH0_239,0,0.00920129,1
538,1,0.011567,1
538,0,0.0127375,1
534,1,0.0117612,1
534,0,0.0114188,1
220_BRANCH0_733,1,0.00867672,1
220_BRANCH0_733,0,0.00830794,1
19,1,0.00788065,1
19,0,0.00777843,1
2196_BRANCH0_2224,1,0.0123777,1
2196_BRANCH0_2224,0,0.0124928,1
547,1,0.0145014,1
547,0,0.0146358,1
69_BRANCH0_260,1,0.0121381,1
69_BRANCH0_260,0,0.00969801,1
1596,1,0.00726467,1
1596,0,0.00648857,1
694_BRANCH0_1311,1,0.0093974,1
694_BRANCH0_1311,0,0.0111553,1
625_BRANCH0_1063,1,0.0116389,1
625_BRANCH0_1063,0,0.0110692,1
667_BRANCH0_915,1,0.0150261,1
667_BRANCH0_915,0,0.0154359,1
1606_BRANCH0_1679,1,0.00782851,1
1606_BRANCH0_1679,0,0.00719965,1
2808,1,0.0111419,1
2808,0,0.00921283,1
19_BRANCH0_212,1,0.00826965,1
19_BRANCH0_212,0,0.00779106,1
1774_BRANCH0_1824,1,0.0118791,1
1774_BRANCH0_1824,0,0.0135439,1
313_BRANCH1_2384,1,0.00498921,0
313_BRANCH1_2384,0,0.00942844,1
1528,1,0.0072998,1
1528,0,0.00680824,1
688_BRANCH0_938,1,0.0105093,1
688_BRANCH0_938,0,0.0107344,1
1_BRANCH0_343,1,0.0100301,1
1_BRANCH0_343,0,0.0100788,1
2040,1,0.0132342,1
2040,0,0.0145787,1
1390_BRANCH0_1476,1,0.00842644,1
1390_BRANCH0_1476,0,0.00750082,1
1310,1,0.00959544,1
1310,0,0.00864614,1
907_BRANCH0_1255,1,0.00860174,1
907_BRANCH0_1255,0,0.0176206,1
319_BRANCH0_574,1,0.0117556,1
319_BRANCH0_574,0,0.0117342,1
283_BRANCH0_2824,1,0.0174558,1
283_BRANCH0_2824,0,0.0134381,1
2012,1,0.0136787,1
2012,0,0.0140249,1
2555,1,0.0143074,1
2555,0,0.00820596,1
2883_BRANCH0_2896,1,0.00738196,1
2883_BRANCH0_2896,0,0.00693935,1
232,1,0.00802477,1
232,0,0.0081644,1
2765,1,0.00772393,1
2765,0,0.00685834,1
2860,1,0.0118238,1
2860,0,0.00828601,1
197_BRANCH0_688,1,0.00834764,1
197_BRANCH0_688,0,0.00795652,1
703,1,0.00894123,1
703,0,0.00804583,1
297_BRANCH0_922,1,0.0140368,1
297_BRANCH0_922,0,0.0122311,1
1249_BRANCH0_1346,1,0.0078574,1
1249_BRANCH0_1346,0,0.00587292,1
1022_BRANCH0_1214,1,0.00936323,1
1022_BRANCH0_1214,0,0.0112482,1
935_BRANCH0_1488,1,0.00787717,1
935_BRANCH0_1488,0,0.00876144,1
951_BRANCH0_1494,1,0.00898404,1
951_BRANCH0_1494,0,0.00823698,1
1133,1,0.0114463,1
1133,0,0.00701883,1
751_BRANCH0_1009,1,0.00934294,1
751_BRANCH0_1009,0,0.00984021,1
2143_BRANCH0_2573,1,0.0128585,1
2143_BRANCH0_2573,0,0.0126261,1
2800,1,0.00450926,1
2800,0,0.00823407,1
1188_BRANCH0_2611,1,0.0120419,1
1188_BRANCH0_2611,0,0.00996322,1
247,1,0.00937048,1
247,0,0.00824361,1
60_BRANCH0_903,1,0.0085106,1
60_BRANCH0_903,0,0.00856034,1
85_BRANCH0_2821,1,0.0120528,1
85_BRANCH0_2821,0,0.0110992,1
260,1,0.00918802,1
260,0,0.00875608,1
721_BRANCH0_989,1,0.00977819,1
721_BRANCH0_989,0,0.0111798,1
2205,1,0.0113817,1
2205,0,0.0134594,1
1171_BRANCH0_2639,1,0.011306,1
1171_BRANCH0_2639,0,0.00919955,1
235_BRANCH0_652,1,0.0086529,1
235_BRANCH0_652,0,0.00829443,1
60,1,0.00819043,1
60,0,0.0122567,1
316_BRANCH0_682,1,0.00916309,1
316_BRANCH0_682,0,0.00874886,1
2427_BRANCH0_2603,1,0.0117634,1
2427_BRANCH0_2603,0,0.0124306,1
2878,1,0.00893067,1
2878,0,0.00697281,1
331_BRANCH0_552,1,0.010269,1
331_BRANCH0_552,0,0.0111137,1
269_BRANCH0_673,1,0.0387266,1
269_BRANCH0_673,0,0.039029,1
2297_BRANCH0_2642,1,0.01184,1
2297_BRANCH0_2642,0,0.0114623,1
1600_BRANCH0_1675,1,0.0126123,1
1600_BRANCH0_1675,0,0.0125527,1
1264_BRANCH0_1419,1,0.00794344,1
1264_BRANCH0_1419,0,0.00655026,1
306_BRANCH0_552,1,0.0106535,1
306_BRANCH0_552,0,0.0105973,1
548,1,0.0147197,1
548,0,0.014551,1
646_BRANCH0_1439,1,0.0119245,1
646_BRANCH0_1439,0,0.00763386,1
2326_BRANCH0_2555,1,0.0114805,1
2326_BRANCH0_2555,0,0.0137113,1
637_BRANCH0_1434,1,0.00872927,1
637_BRANCH0_1434,0,0.00848177,1
243,1,0.00788092,1
243,0,0.00741877,1
1383,1,0.00741259,1
1383,0,0.00664761,1
2736,1,0.0123237,1
2736,0,0.00781606,1
361_BRANCH0_2759,1,0.00851466,1
361_BRANCH0_2759,0,0.0080468,1
1975,1,0.0136815,1
1975,0,0.0375115,1
1534_BRANCH0_1591,1,0.0129394,1
1534_BRANCH0_1591,0,0.0132456,1
43_BRANCH0_385,1,0.00981483,1
43_BRANCH0_385,0,0.00808235,1
559,1,0.00867377,1
559,0,0.0090642,1
1685_BRANCH0_1741,1,0.00663259,1
1685_BRANCH0_1741,0,0.0068874,1
66_BRANCH0_586,1,0.0109353,1
66_BRANCH0_586,0,0.0108528,1
28,1,0.00852459,1
28,0,0.00874631,1
670,1,0.0119963,1
670,0,0.01381,1
34_BRANCH0_376,1,0.00975687,1
34_BRANCH0_376,0,0.00831772,1
13_BRANCH0_206,1,0.00858944,1
13_BRANCH0_206,0,0.00802749,1
2824_BRANCH0_2861,1,0.00680511,1
2824_BRANCH0_2861,0,0.0100633,1
367_BRANCH0_542,1,0.0147863,1
367_BRANCH0_542,0,0.0125511,1
1830_BRANCH0_1889,1,0.0146379,1
1830_BRANCH0_1889,0,0.0137208,1
331_BRANCH0_550,1,0.0116874,1
331_BRANCH0_550,0,0.0110289,1
1188_BRANCH0_2552,1,0.011404,1
1188_BRANCH0_2552,0,0.0126713,1
319_BRANCH0_643,1,0.0110202,1
319_BRANCH0_643,0,0.0114282,1
1188_BRANCH0_2573,1,0.0106223,1
1188_BRANCH0_2573,0,0.00921565,1
682_BRANCH0_2881,1,0.00689413,1
682_BRANCH0_2881,0,0.00692727,1
2143_BRANCH0_2648,1,0.0115304,1
2143_BRANCH0_2648,0,0.0119237,1
91_BRANCH0_280,1,0.00938923,1
91_BRANCH0_280,0,0.00848149,1
1746,1,0.0121772,1
1746,0,0.0120263,1
66,1,0.00903672,1
66,0,0.00862966,1
2129_BRANCH0_2664,1,0.0114255,1
2129_BRANCH0_2664,0,0.013924,1
2427_BRANCH0_2631,1,0.011898,1
2427_BRANCH0_2631,0,0.0119292,1
1063,1,0.0131368,1
1063,0,0.00778846,1
257_BRANCH0_643,1,0.0102033,1
257_BRANCH0_643,0,0.011131,1
1902_BRANCH0_2870,1,0.00817711,1
1902_BRANCH0_2870,0,0.00733436,1
239_BRANCH0_625,1,0.00869255,1
239_BRANCH0_625,0,0.00764195,1
2297_BRANCH0_2651,1,0.0108567,1
2297_BRANCH0_2651,0,0.0138441,1
22_BRANCH0_364,1,0.00959022,1
22_BRANCH0_364,0,0.00985577,1
2540_BRANCH0_2745,1,0.0126171,1
2540_BRANCH0_2745,0,0.00809753,1
72_BRANCH0_603,1,0.0112224,1
72_BRANCH0_603,0,0.0108501,1
1120,1,0.0113065,1
1120,0,0.00774047,1
709,1,0.00824845,1
709,0,0.00809866,1
1620,1,0.00780605,1
1620,0,0.00773421,1
99_BRANCH0_2800,0,0.0102684,1
1478_BRANCH0_1530,1,0.00710112,1
1478_BRANCH0_1530,0,0.00717737,1
2781,1,0.0066481,1
2781,0,0.00807855,1
85_BRANCH0_272,1,0.0154852,1
85_BRANCH0_272,0,0.0158165,1
1554_BRANCH0_1658,1,0.00917667,1
1554_BRANCH0_1658,0,0.00677642,1
1358,1,0.00759713,1
1358,0,0.0079002,1
2119,1,0.0134308,1
2119,0,0.0139659,1
1264_BRANCH0_1416,1,0.0105283,1
1264_BRANCH0_1416,0,0.0109508,1
2232,1,0.020726,1
2232,0,0.0143331,1
300_BRANCH0_608,1,0.0126145,1
300_BRANCH0_608,0,0.0165641,1
53_BRANCH0_899,1,0.0130583,1
53_BRANCH0_899,0,0.0114893,1
82_BRANCH0_269,1,0.0416716,1
82_BRANCH0_269,0,0.0433217,1
2024,1,0.0121609,1
2024,0,0.0134131,1
235,1,0.0101164,1
235,0,0.00784083,1
2881,1,0.00704465,1
2881,0,0.00754569,1
82_BRANCH0_2818,1,0.0125712,1
82_BRANCH0_2818,0,0.0139662,1
1531,1,0.0084827,1
1531,0,0.00680043,1
1019_BRANCH0_1212,1,0.0147901,1
1019_BRANCH0_1212,0,0.0164412,1
201_BRANCH0_649,1,0.00944787,1
201_BRANCH0_649,0,0.00768028,1
88_BRANCH0_251,1,0.00799319,1
88_BRANCH0_251,0,0.0110412,1
2540,1,0.0118988,1
2540,0,0.0104181,1
1647_BRANCH0_1708,1,0.0126821,1
1647_BRANCH0_1708,0,0.0144499,1
1456,1,0.00811555,1
1456,0,0.00720566,1
76_BRANCH0_263,1,0.0129806,1
76_BRANCH0_263,0,0.0150373,1
616_BRANCH0_888,1,0.0112304,1
616_BRANCH0_888,0,0.0106623,1
88,1,0.00862943,1
88,0,0.00838388,1
235_BRANCH0_709,1,0.00833387,1
235_BRANCH0_709,0,0.00824115,1
1638,1,0.00699062,1
1638,0,0.00679274,1
2725,1,0.0120792,1
2725,0,0.00843728,1
603,1,0.0112183,1
603,0,0.0127858,1
2648_BRANCH0_2730,1,0.00742731,1
2648_BRANCH0_2730,0,0.0122197,1
1567,1,0.00824323,1
1567,0,0.00671198,1
2222,1,0.0122367,1
2222,0,0.0180641,1
742_BRANCH0_1131,1,0.0121678,1
742_BRANCH0_1131,0,0.0101329,1
99_BRANCH0_306,1,0.010498,1
99_BRANCH0_306,0,0.0103713,1
565_BRANCH0_1019,1,0.00911551,1
565_BRANCH0_1019,0,0.0130477,1
352,1,0.0104814,1
352,0,0.00767799,1
1444,1,0.00712409,1
1444,0,0.00749879,1
574_BRANCH0_959,1,0.00715821,1
574_BRANCH0_959,0,0.0103671,1
290_BRANCH0_2062,1,0.0120282,1
290_BRANCH0_2062,0,0.0124704,1
598_BRANCH0_1046,1,0.0105141,1
598_BRANCH0_1046,0,0.00805095,1
2315_BRANCH0_2549,1,0.0116897,1
2315_BRANCH0_2549,0,0.0127794,1
894,1,0.00917386,1
894,0,0.00787302,1
104_BRANCH0_276,1,0.0122262,1
104_BRANCH0_276,0,0.0158075,1
201_BRANCH0_616,1,0.00890727,1
201_BRANCH0_616,0,0.00875365,1
197_BRANCH0_640,1,0.00836637,1
197_BRANCH0_640,0,0.00781164,1
2746,1,0.00914725,1
2746,0,0.0132542,1
1235_BRANCH0_1388,1,0.00849292,1
1235_BRANCH0_1388,0,0.00674405,1
283_BRANCH0_2821,1,0.0168055,1
283_BRANCH0_2821,0,0.0136104,1
225_BRANCH0_751,1,0.00890638,1
225_BRANCH0_751,0,0.00890173,1
1697,1,0.00834136,1
1697,0,0.00746789,1
1355_BRANCH0_1443,1,0.0083333,1
1355_BRANCH0_1443,0,0.00674026,1
640_BRANCH0_1004,1,0.00781222,1
640_BRANCH0_1004,0,0.00831402,1
94,1,0.0123096,1
94,0,0.01317,1
49_BRANCH0_592,1,0.0117011,1
49_BRANCH0_592,0,0.0111696,1
1677,1,0.00859487,1
1677,0,0.00777324,1
1527,1,0.00703752,1
1527,0,0.00708613,1
1214,1,0.010458,1
1214,0,0.00797984,1
201_BRANCH0_712,1,0.0126053,1
201_BRANCH0_712,0,0.0156425,1
950,1,0.0150002,1
950,0,0.0145356,1
104_BRANCH0_319,1,0.0101212,1
104_BRANCH0_319,0,0.00810394,1
622_BRANCH0_890,1,0.0100303,1
622_BRANCH0_890,0,0.0106794,1
331,1,0.0111791,1
331,0,0.010991,1
1672,1,0.0070514,1
1672,0,0.00595096,1
338_BRANCH0_923,1,0.0119142,1
338_BRANCH0_923,0,0.0161993,1
338,1,0.01238,1
338,0,0.00962635,1
1064,1,0.0110473,1
1064,0,0.00765899,1
49_BRANCH0_897,1,0.0120337,1
49_BRANCH0_897,0,0.0147834,1
679_BRANCH0_919,1,0.0146606,1
679_BRANCH0_919,0,0.0127284,1
373_BRANCH0_2763,1,0.0101982,1
373_BRANCH0_2763,0,0.00802404,1
612_BRANCH0_907,1,0.0143062,1
612_BRANCH0_907,0,0.0146891,1
1927,1,0.014204,1
1927,0,0.0125477,1
1150,1,0.00817799,1
1150,0,0.00720005,1
2726,1,0.0131862,1
2726,0,0.00820542,1
612_BRANCH0_899,1,0.0146839,1
612_BRANCH0_899,0,0.0132309,1
589_BRANCH0_1040,1,0.012769,1
589_BRANCH0_1040,0,0.0147699,1
343_BRANCH0_2720,1,0.0092054,1
343_BRANCH0_2720,0,0.00900058,1
346,1,0.00824508,1
346,0,0.00828449,1
1802,1,0.0147038,1
1802,0,0.0142701,1
2558,1,0.00847453,1
2558,0,0.0111538,1
712,1,0.0143798,1
712,0,0.0150708,1
969,1,0.0103274,1
969,0,0.00891616,1
1121,1,0.00866931,1
1121,0,0.00730226,1
1043,1,0.00795313,1
1043,0,0.00868946,1
1721,1,0.00853566,1
1721,0,0.00751827,1
2386_BRANCH0_2628,1,0.00894193,1
2386_BRANCH0_2628,0,0.0120063,1
277_BRANCH0_601,1,0.0114829,1
277_BRANCH0_601,0,0.010622,1
1947_BRANCH0_2002,1,0.0136771,1
1947_BRANCH0_2002,0,0.0130579,1
2780,1,0.00915692,1
2780,0,0.00817195,1
616_BRANCH0_1055,1,0.0107704,1
616_BRANCH0_1055,0,0.0111969,1
352_BRANCH0_2723,1,0.00902263,1
352_BRANCH0_2723,0,0.00772203,1
2642_BRANCH0_2727,1,0.00735951,1
2642_BRANCH0_2727,0,0.0119807,1
355_BRANCH0_538,1,0.01508,1
355_BRANCH0_538,0,0.0130343,1
355,1,0.0114908,1
355,0,0.00818297,1
926,1,0.0133293,1
926,0,0.0156154,1
358_BRANCH0_539,1,0.0150576,1
358_BRANCH0_539,0,0.0132402,1
358,1,0.00911094,1
358,0,0.00975373,1
1742_BRANCH0_1802,1,0.014101,1
1742_BRANCH0_1802,0,0.0158232,1
2002,1,0.0122961,1
2002,0,0.0151826,1
1620_BRANCH0_1714,1,0.00871935,1
1620_BRANCH0_1714,0,0.00792481,1
2620_BRANCH0_2750,1,0.0129999,1
2620_BRANCH0_2750,0,0.00823204,1
652_BRANCH0_1068,1,0.00769069,1
652_BRANCH0_1068,0,0.00909265,1
910_BRANCH0_1261,1,0.00969418,1
910_BRANCH0_1261,0,0.0133498,1
385_BRANCH0_548,1,0.0134675,1
385_BRANCH0_548,0,0.0147077,1
361,1,0.0102268,1
361,0,0.00834445,1
2023,1,0.0138314,1
2023,0,0.0148303,1
552,1,0.0121066,1
552,0,0.00784198,1
364_BRANCH0_2760,1,0.00953355,1
364_BRANCH0_2760,0,0.00928366,1
926_BRANCH0_2628,1,0.0137229,1
926_BRANCH0_2628,0,0.0159186,1
2148,1,0.0153186,1
2148,0,0.0156889,1
2882,1,0.00800638,1
2882,0,0.00703747,1
619_BRANCH0_889,1,0.0108368,1
619_BRANCH0_889,0,0.0114698,1
266_BRANCH0_664,1,0.0134177,1
266_BRANCH0_664,0,0.0135177,1
1603_BRANCH0_1747,1,0.00846466,1
1603_BRANCH0_1747,0,0.00836193,1
706_BRANCH0_968,1,0.0110092,1
706_BRANCH0_968,0,0.0108961,1
973_BRANCH0_1501,1,0.0127362,1
973_BRANCH0_1501,0,0.0172126,1
49_BRANCH0_907,1,0.0111822,1
49_BRANCH0_907,0,0.00872948,1
364,1,0.00923163,1
364,0,0.00838875,1
1188_BRANCH0_2661,1,0.0115677,1
1188_BRANCH0_2661,0,0.00909126,1
742,1,0.00893427,1
742,0,0.00794795,1
631_BRANCH0_892,1,0.0163964,1
631_BRANCH0_892,0,0.0180743,1
367,1,0.0106134,1
367,0,0.00933072,1
895,1,0.0114136,1
895,0,0.0102256,1
194,1,0.0109394,1
194,0,0.00981097,1
554,1,0.010782,1
554,0,0.00691878,1
190,1,0.012242,1
190,0,0.0134544,1
1068,1,0.00949295,1
1068,0,0.00664018,1
892,1,0.0130971,1
892,0,0.0183548,1
553,1,0.012896,1
553,0,0.00757806,1
370,1,0.00832457,1
370,0,0.00857239,1
319,1,0.00773088,1
319,0,0.00799037,1
742_BRANCH0_1005,1,0.0103708,1
742_BRANCH0_1005,0,0.0110034,1
373_BRANCH0_544,1,0.0146872,1
373_BRANCH0_544,0,0.0139294,1
2600,1,0.0125972,1
2600,0,0.0110656,1
968,1,0.0107446,1
968,0,0.0125887,1
649_BRANCH0_894,1,0.00811492,1
649_BRANCH0_894,0,0.0080931,1
2018,1,0.0115322,1
2018,0,0.0142626,1
715,1,0.00948302,1
715,0,0.00917988,1
251,1,0.011431,1
251,0,0.0073238,1
1764,1,0.013065,1
1764,0,0.0142878,1
376,1,0.0102076,1
376,0,0.00923551,1
379_BRANCH0_546,1,0.0146872,1
379_BRANCH0_546,0,0.015142,1
891,1,0.0124964,1
891,0,0.0114803,1
385,1,0.00883869,1
385,0,0.00939385,1
388_BRANCH0_2744,1,0.00842969,1
388_BRANCH0_2744,0,0.00832088,1
2651,1,0.00726636,1
2651,0,0.0124531,1
1311,1,0.0122353,1
1311,0,0.00819871,1
2340_BRANCH0_2564,1,0.0129199,1
2340_BRANCH0_2564,0,0.0163959,1
69,1,0.0100217,1
69,0,0.00893581,1
540,1,0.0134495,1
540,0,0.0143359,1
2041,1,0.0144698,1
2041,0,0.0163175,1
1651_BRANCH0_1710,1,0.00774696,1
1651_BRANCH0_1710,0,0.00707428,1
43,1,0.00860892,1
43,0,0.00831989,1
388,1,0.00827496,1
388,0,0.0098523,1
655,1,0.00758698,1
655,0,0.0100302,1
688_BRANCH0_1309,1,0.0108008,1
688_BRANCH0_1309,0,0.0114298,1
2297_BRANCH0_2600,1,0.0109713,1
2297_BRANCH0_2600,0,0.0123548,1
1526,1,0.00852925,1
1526,0,0.0080605,1
19_BRANCH0_361,1,0.00872319,1
19_BRANCH0_361,0,0.00881152,1
536,1,0.0120268,1
536,0,0.0153008,1
595,1,0.00891535,1
595,0,0.00901895,1
542,1,0.0115819,1
542,0,0.0135621,1
543,1,0.0159361,1
543,0,0.014489,1
661_BRANCH0_913,1,0.0158493,1
661_BRANCH0_913,0,0.0133041,1
1522_BRANCH0_1606,1,0.00825473,1
1522_BRANCH0_1606,0,0.00741387,1
2260_BRANCH0_2375,1,0.0126434,1
2260_BRANCH0_2375,0,0.0134232,1
727_BRANCH0_992,1,0.0136306,1
727_BRANCH0_992,0,0.0120273,1
1933_BRANCH0_2875,1,0.00745147,1
1933_BRANCH0_2875,0,0.00711837,1
544,1,0.0127664,1
544,0,0.0143816,1
1261_BRANCH0_1350,1,0.00940172,1
1261_BRANCH0_1350,0,0.0141203,1
954,1,0.011165,1
954,0,0.011615,1
1792,1,0.0139959,1
1792,0,0.0138363,1
631,1,0.0164136,1
631,0,0.0157561,1
1889_BRANCH0_1950,1,0.0154169,1
1889_BRANCH0_1950,0,0.0122963,1
1522,1,0.00912966,1
1522,0,0.0076484,1
549,1,0.0143101,1
549,0,0.0128242,1
583,1,0.00943232,1
583,0,0.00820815,1
2286_BRANCH0_2567,1,0.00994256,1
2286_BRANCH0_2567,0,0.0121544,1
555,1,0.0114857,1
555,0,0.00833884,1
923_BRANCH0_1171,1,0.0127995,1
923_BRANCH0_1171,0,0.013522,1
2898,1,0.00824146,1
2898,0,0.00767018,1
580_BRANCH0_965,1,0.00811224,1
580_BRANCH0_965,0,0.0091267,1
1879_BRANCH0_1958,1,0.00920407,1
1879_BRANCH0_1958,0,0.00787407,1
1950_BRANCH0_2006,1,0.0147388,1
1950_BRANCH0_2006,0,0.0107182,1
355_BRANCH0_2757,1,0.0091711,1
355_BRANCH0_2757,0,0.00959136,1
556_BRANCH0_935,1,0.00878537,1
556_BRANCH0_935,0,0.00850148,1
556_BRANCH0_939,1,0.00825651,1
556_BRANCH0_939,0,0.00861693,1
2104_BRANCH0_2617,1,0.010989,1
2104_BRANCH0_2617,0,0.0126579,1
2764,1,0.00995127,1
2764,0,0.00688893,1
1241,1,0.0102054,1
1241,0,0.0112174,1
559_BRANCH0_1010,1,0.00859418,1
559_BRANCH0_1010,0,0.00889867,1
977_BRANCH0_1157,1,0.00643029,1
977_BRANCH0_1157,0,0.010571,1
1818_BRANCH0_2869,1,0.00759451,1
1818_BRANCH0_2869,0,0.00701186,1
562_BRANCH0_947,1,0.012502,1
562_BRANCH0_947,0,0.0123596,1
565_BRANCH0_1016,1,0.00930737,1
565_BRANCH0_1016,0,0.00914342,1
2846_BRANCH0_2874,1,0.00719473,1
2846_BRANCH0_2874,0,0.0307362,1
965_BRANCH0_1222,1,0.00940945,1
965_BRANCH0_1222,0,0.00927381,1
2286_BRANCH0_2639,1,0.010769,1
2286_BRANCH0_2639,0,0.0133053,1
343_BRANCH0_534,1,0.0116359,1
343_BRANCH0_534,0,0.0118885,1
955_BRANCH0_1493,1,0.0103904,1
955_BRANCH0_1493,0,0.0089826,1
694,1,0.0080565,1
694,0,0.00868651,1
568_BRANCH0_955,1,0.00883328,1
568_BRANCH0_955,0,0.00909503,1
1594,1,0.00813772,1
1594,0,0.00686404,1
550,1,0.0101341,1
550,0,0.00768551,1
1714,1,0.00733476,1
1714,0,0.00699589,1
601,1,0.0102971,1
601,0,0.00775219,1
260_BRANCH0_603,1,0.0105561,1
260_BRANCH0_603,0,0.014902,1
2297,1,0.0124159,1
2297,0,0.0118539,1
63_BRANCH0_251,1,0.0129276,1
63_BRANCH0_251,0,0.0114706,1
370_BRANCH0_2734,1,0.00859964,1
370_BRANCH0_2734,0,0.00991511,1
571_BRANCH0_1022,1,0.0081378,1
571_BRANCH0_1022,0,0.00907477,1
655_BRANCH0_896,1,0.00732956,1
655_BRANCH0_896,0,0.0128703,1
1361_BRANCH0_1452,1,0.0151715,1
1361_BRANCH0_1452,0,0.0137681,1
661,1,0.0152116,1
661,0,0.0163027,1
682,1,0.00875591,1
682,0,0.00693204,1
1720,1,0.0069535,1
1720,0,0.00725588,1
229_BRANCH0_637,1,0.00856603,1
229_BRANCH0_637,0,0.00911129,1
574,1,0.00678654,1
574,0,0.0111179,1
1596_BRANCH0_1672,1,0.00706178,1
1596_BRANCH0_1672,0,0.00694169,1
1162,1,0.00677769,1
1162,0,0.00711543,1
577_BRANCH0_1028,1,0.00830476,1
577_BRANCH0_1028,0,0.00837258,1
577_BRANCH0_1031,1,0.0125419,1
577_BRANCH0_1031,0,0.0144082,1
577,1,0.00943471,1
577,0,0.00870328,1
580,1,0.0083096,1
580,0,0.00874925,1
1717_BRANCH0_1768,1,0.0137939,1
1717_BRANCH0_1768,0,0.0150058,1
1763,1,0.0226102,1
1763,0,0.0224616,1
1390,1,0.00783027,1
1390,0,0.00625911,1
190_BRANCH0_631,1,0.014766,1
190_BRANCH0_631,0,0.0164837,1
2104_BRANCH0_2558,1,0.0114121,1
2104_BRANCH0_2558,0,0.0144489,1
583_BRANCH0_1034,1,0.00988985,1
583_BRANCH0_1034,0,0.00876814,1
1398,1,0.00634859,1
1398,0,0.00682619,1
592,1,0.0118161,1
592,0,0.0122224,1
598,1,0.00810862,1
598,0,0.00875541,1
2606_BRANCH0_2746,1,0.011651,1
2606_BRANCH0_2746,0,0.009118,1
602,1,0.0109312,1
602,0,0.00782045,1
104_BRANCH0_338,1,0.00813867,1
104_BRANCH0_338,0,0.0139916,1
1977,1,0.0122102,1
1977,0,0.0145006,1
2642,1,0.00839691,1
2642,0,0.0112002,1
1530,1,0.00859287,1
1530,0,0.00760787,1
1898,1,0.0196861,1
1898,0,0.0202871,1
603_BRANCH0_926,1,0.0178567,1
603_BRANCH0_926,0,0.0164687,1
1809,1,0.00881466,1
1809,0,0.00744226,1
2691,1,0.0138756,1
2691,0,0.00964672,1
1496,1,0.0108137,1
1496,0,0.00787716,1
2326_BRANCH0_2611,1,0.0109915,1
2326_BRANCH0_2611,0,0.0139183,1
608_BRANCH0_898,1,0.0101524,0
608_BRANCH0_898,0,0.00947595,1
2737,1,0.0142142,1
2737,0,0.00812107,1
736,1,0.007851,1
736,0,0.0082343,1
76,1,0.0126183,1
76,0,0.00941973,1
382_BRANCH0_2766,1,0.00840377,1
382_BRANCH0_2766,0,0.00844526,1
2286_BRANCH0_2564,1,0.0106801,1
2286_BRANCH0_2564,0,0.0136876,1
703_BRANCH0_1314,1,0.0122163,1
703_BRANCH0_1314,0,0.0113073,1
280,1,0.009281,1
280,0,0.00820317,1
1227,1,0.01314,1
1227,0,0.0125522,1
619_BRANCH0_1054,1,0.0111967,1
619_BRANCH0_1054,0,0.0119639,1
212,1,0.00906957,1
212,0,0.00883115,1
727,1,0.00798015,1
727,0,0.00855183,1
625_BRANCH0_891,1,0.0104157,1
625_BRANCH0_891,0,0.0107089,1
1025,1,0.00924577,1
1025,0,0.00900904,1
2257,1,0.0134028,1
2257,0,0.014689,1
583_BRANCH0_1037,1,0.00931565,1
583_BRANCH0_1037,0,0.00993366,1
1937,1,0.0194608,1
1937,0,0.0222386,1
628_BRANCH0_984,1,0.0118559,1
628_BRANCH0_984,0,0.0117824,1
1153,1,0.00922393,1
1153,0,0.00821025,1
2664,1,0.00737681,1
2664,0,0.0121507,1
634_BRANCH0_990,1,0.00920092,1
634_BRANCH0_990,0,0.00851792,1
220_BRANCH0_622,1,0.00809387,1
220_BRANCH0_622,0,0.0111288,1
2759,1,0.00986175,1
2759,0,0.00807668,1
643,1,0.00704239,1
643,0,0.0101412,1
2205_BRANCH0_2227,1,0.0138906,1
2205_BRANCH0_2227,0,0.0147119,1
637_BRANCH0_993,1,0.00976005,1
637_BRANCH0_993,0,0.00828618,1
969_BRANCH0_1495,1,0.0114292,1
969_BRANCH0_1495,0,0.00952808,1
694_BRANCH0_946,1,0.0114073,1
694_BRANCH0_946,0,0.0102925,1
7_BRANCH0_197,1,0.00916891,1
7_BRANCH0_197,0,0.00875946,1
2843,1,0.00852315,1
2843,0,0.0129055,1
745,1,0.00809254,1
745,0,0.00739729,1
1821,1,0.00755579,1
1821,0,0.0066577,1
2787,1,0.00706197,1
2787,0,0.0102572,1
637,1,0.00940575,1
637,0,0.00733891,1
733,1,0.00783366,1
733,0,0.00831527,1
1965,1,0.0067912,1
1965,0,0.00725692,1
2767,1,0.00744541,1
2767,0,0.00742707,1
640_BRANCH0_1438,1,0.00853773,1
640_BRANCH0_1438,0,0.00823946,1
1445,1,0.0070498,1
1445,0,0.00709273,1
985_BRANCH0_1160,1,0.0218323,1
985_BRANCH0_1160,0,0.0167701,1
658_BRANCH0_2235,1,0.0116083,1
658_BRANCH0_2235,0,0.0126518,1
190_BRANCH0_628,1,0.00983957,1
190_BRANCH0_628,0,0.00891327,1
1965_BRANCH0_2827,1,0.00728861,1
1965_BRANCH0_2827,0,0.00908606,1
1470,1,0.010253,1
1470,0,0.0133071,1
2866,1,0.00870646,1
2866,0,0.00925937,1
652,1,0.00929096,1
652,0,0.00838715,1
715_BRANCH0_1318,1,0.01053,1
715_BRANCH0_1318,0,0.0113971,1
194_BRANCH0_559,1,0.00838572,1
194_BRANCH0_559,0,0.0082009,1
661_BRANCH0_2234,1,0.0133075,1
661_BRANCH0_2234,0,0.013818,1
1232_BRANCH0_1386,1,0.00840078,1
1232_BRANCH0_1386,0,0.00702907,1
664_BRANCH0_916,1,0.0128846,1
664_BRANCH0_916,0,0.0154548,1
664_BRANCH0_2231,1,0.012758,1
664_BRANCH0_2231,0,0.0138568,1
670_BRANCH0_918,1,0.0127276,1
670_BRANCH0_918,0,0.0129514,1
2632,1,0.0130571,1
2632,0,0.00854871,1
673_BRANCH0_917,1,0.0138686,1
673_BRANCH0_917,0,0.0145629,1
1461,1,0.00892632,1
1461,0,0.0070759,1
984,1,0.0132857,1
984,0,0.0143118,1
673,1,0.0380581,1
673,0,0.0374469,1
1130,1,0.0114088,1
1130,0,0.00676716,1
1557_BRANCH0_1661,1,0.00667769,1
1557_BRANCH0_1661,0,0.00652329,1
730_BRANCH0_1327,1,0.0101475,1
730_BRANCH0_1327,0,0.0108506,1
559_BRANCH0_1013,1,0.00883713,1
559_BRANCH0_1013,0,0.00883588,1
679_BRANCH0_1941,1,0.0131722,1
679_BRANCH0_1941,0,0.0125078,1
685_BRANCH0_887,1,0.0106615,1
685_BRANCH0_887,0,0.00716662,1
685_BRANCH0_2882,1,0.00746116,1
685_BRANCH0_2882,0,0.00704602,1
1440,1,0.0127049,1
1440,0,0.0143507,1
646_BRANCH0_1007,1,0.0092399,1
646_BRANCH0_1007,0,0.00743013,1
691_BRANCH0_1310,1,0.0102219,1
691_BRANCH0_1310,0,0.0119159,1
2215,1,0.0139816,1
2215,0,0.0149879,1
2340_BRANCH0_2603,1,0.0135195,1
2340_BRANCH0_2603,0,0.0163207,1
658_BRANCH0_914,1,0.0153928,1
658_BRANCH0_914,0,0.0123502,1
1751,1,0.0140473,1
1751,0,0.0142679,1
730,1,0.009153,1
730,0,0.0085889,1
926_BRANCH0_2627,1,0.0133226,1
926_BRANCH0_2627,0,0.0158841,1
2257_BRANCH0_2340,1,0.0136903,1
2257_BRANCH0_2340,0,0.0149823,1
706_BRANCH0_1315,1,0.0125578,1
706_BRANCH0_1315,0,0.0113683,1
1472_BRANCH0_1769,1,0.00763894,1
1472_BRANCH0_1769,0,0.00646404,1
2614_BRANCH0_2750,1,0.0118739,1
2614_BRANCH0_2750,0,0.00853165,1
382_BRANCH0_547,1,0.0130291,1
382_BRANCH0_547,0,0.0141344,1
718_BRANCH0_988,1,0.0117233,1
718_BRANCH0_988,0,0.0109296,1
1623,1,0.0074254,1
1623,0,0.00770094,1
1783,1,0.00859233,1
1783,0,0.00672403,1
721,1,0.0081359,1
721,0,0.00779867,1
2286,1,0.00942992,1
2286,0,0.0108521,1
1514,1,0.00851591,1
1514,0,0.00694927,1
733_BRANCH0_1001,1,0.00996808,1
733_BRANCH0_1001,0,0.0105703,1
197,1,0.00869899,1
197,0,0.0086469,1
736_BRANCH0_1002,1,0.0100606,1
736_BRANCH0_1002,0,0.0120713,1
598_BRANCH0_1049,1,0.00923326,1
598_BRANCH0_1049,0,0.00806639,1
736_BRANCH0_1129,1,0.00959989,1
736_BRANCH0_1129,0,0.0117913,1
739_BRANCH0_1003,1,0.0101133,1
739_BRANCH0_1003,0,0.0106069,1
2854,1,0.00845739,1
2854,0,0.00775292,1
938,1,0.010378,1
938,0,0.0108031,1
2386_BRANCH0_2614,1,0.0113776,1
2386_BRANCH0_2614,0,0.0148291,1
739_BRANCH0_1128,1,0.0114528,1
739_BRANCH0_1128,0,0.0101752,1
745_BRANCH0_1006,1,0.0111209,1
745_BRANCH0_1006,0,0.011515,1
890,1,0.0112059,1
890,0,0.0108416,1
1352_BRANCH0_1446,1,0.00838536,1
1352_BRANCH0_1446,0,0.00746581,1
679,1,0.0126577,1
679,0,0.0139113,1
745_BRANCH0_1130,1,0.0119049,1
745_BRANCH0_1130,0,0.00976875,1
2279_BRANCH0_2800,1,0.0118855,1
2279_BRANCH0_2800,0,0.00979395,1
580_BRANCH0_969,1,0.0092722,1
580_BRANCH0_969,0,0.00876082,1
622_BRANCH0_1064,1,0.0110062,1
622_BRANCH0_1064,0,0.0113613,1
748,1,0.00910954,1
748,0,0.00794,1
272,1,0.0155679,1
272,0,0.0168608,1
886,1,0.00818477,1
886,0,0.00847634,1
1680,1,0.011538,1
1680,0,0.0130172,1
1933,1,0.00793122,1
1933,0,0.00719232,1
306_BRANCH0_551,1,0.0106502,1
306_BRANCH0_551,0,0.011858,1
1727,1,0.00722836,1
1727,0,0.00766498,1
889,1,0.0109622,1
889,0,0.0109529,1
1706,1,0.0116402,1
1706,0,0.0077235,1
1707,1,0.0211671,1
1707,0,0.0220717,1
1708,1,0.0127798,1
1708,0,0.0139025,1
1709,1,0.014079,1
1709,0,0.014086,1
1710,1,0.00918008,1
1710,0,0.00873119,1
1712,1,0.00831394,1
1712,0,0.00801207,1
1713,1,0.0129448,1
1713,0,0.0133454,1
2038,1,0.0211724,1
2038,0,0.019852,1
1714_BRANCH0_1785,1,0.00922753,1
1714_BRANCH0_1785,0,0.00852003,1
1714_BRANCH0_1924,1,0.00765986,1
1714_BRANCH0_1924,0,0.00738152,1
2033_BRANCH0_2143,1,0.0126986,1
2033_BRANCH0_2143,0,0.0124885,1
1717_BRANCH0_1911,1,0.0133027,1
1717_BRANCH0_1911,0,0.0146045,1
1717,1,0.0151331,1
1717,0,0.0151404,1
1723_BRANCH0_1772,1,0.00876536,1
1723_BRANCH0_1772,0,0.00776194,1
1728,1,0.00791172,1
1728,0,0.00759106,1
2807,1,0.354824,1
2807,0,0.00828279,1
1731_BRANCH0_1784,1,0.0072848,1
1731_BRANCH0_1784,0,0.00751261,1
1731,1,0.00745093,1
1731,0,0.00719927,1
1942,1,0.0113355,1
1942,0,0.0132309,1
1734_BRANCH0_1787,1,0.0141827,1
1734_BRANCH0_1787,0,0.0150642,1
1734,1,0.0151296,1
1734,0,0.0155516,1
1741,1,0.00838269,1
1741,0,0.00613514,1
1742_BRANCH0_1818,1,0.00644879,1
1742_BRANCH0_1818,0,0.0064615,1
1807,1,0.00702622,1
1807,0,0.00772464,1
1742,1,0.00724949,1
1742,0,0.00638783,1
2617_BRANCH0_2750,1,0.0127548,1
2617_BRANCH0_2750,0,0.00829542,1
1747,1,0.00678946,1
1747,0,0.00829362,1
1751_BRANCH0_1796,1,0.0128923,1
1751_BRANCH0_1796,0,0.0140365,1
1759,1,0.0101798,1
1759,0,0.00820104,1
1761,1,0.00739641,1
1761,0,0.00810078,1
2600_BRANCH0_2747,1,0.0121167,1
2600_BRANCH0_2747,0,0.00887201,1
1768,1,0.0130306,1
1768,0,0.0144751,1
1769,1,0.00833567,1
1769,0,0.00766358,1
1772,1,0.00644781,1
1772,0,0.00732343,1
1774_BRANCH0_1823,1,0.011995,1
1774_BRANCH0_1823,0,0.0133934,1
1774,1,0.0134951,1
1774,0,0.0121058,1
1777_BRANCH0_1821,1,0.00804769,1
1777_BRANCH0_1821,0,0.00802911,1
1849,1,0.0138252,1
1849,0,0.0136474,1
1785,1,0.00744513,1
1785,0,0.00749199,1
1987_BRANCH0_2022,1,0.0136216,1
1987_BRANCH0_2022,0,0.0136638,1
1786,1,0.0148635,1
1786,0,0.0142779,1
1788_BRANCH0_1827,1,0.00978042,1
1788_BRANCH0_1827,0,0.00712794,1
1791,1,0.0072917,1
1791,0,0.00693239,1
1796,1,0.0131758,1
1796,0,0.0140626,1
1798_BRANCH0_1866,1,0.00799332,1
1798_BRANCH0_1866,0,0.00698249,1
1798,1,0.00747029,1
1798,0,0.00782209,1
2000,1,0.0197889,1
2000,0,0.0197352,1
1802_BRANCH0_1869,1,0.0157665,1
1802_BRANCH0_1869,0,0.0130739,1
1802_BRANCH0_1872,1,0.0151616,1
1802_BRANCH0_1872,0,0.0139909,1
1808,1,0.00867821,1
1808,0,0.0074423,1
1810,1,0.0134807,1
1810,0,0.0147937,1
1872,1,0.0134917,1
1872,0,0.0135701,1
1812_BRANCH0_1864,1,0.00968423,1
1812_BRANCH0_1864,0,0.00784047,1
1812_BRANCH0_1865,1,0.00743073,1
1812_BRANCH0_1865,0,0.00698484,1
1815,1,0.012769,1
1815,0,0.0143615,1
2033,1,0.0155385,1
2033,0,0.0127825,1
1818_BRANCH0_1857,1,0.00989887,1
1818_BRANCH0_1857,0,0.010648,1
1818,1,0.00779281,1
1818,0,0.00693575,1
1879,1,0.0126988,1
1879,0,0.0135022,1
1822,1,0.00951739,1
1822,0,0.00743143,1
1852,1,0.00853488,1
1852,0,0.00763969,1
1826,1,0.00747241,1
1826,0,0.00767807,1
1830_BRANCH0_1902,1,0.00725582,1
1830_BRANCH0_1902,0,0.0075241,1
2789_BRANCH0_2815,1,0.008455,1
2789_BRANCH0_2815,0,0.0166252,1
1830,1,0.00788739,1
1830,0,0.00633973,1
1837,1,0.0109626,1
1837,0,0.00863412,1
1838_BRANCH0_1895,1,0.00725193,1
1838_BRANCH0_1895,0,0.00680976,1
1838,1,0.00753956,1
1838,0,0.00701796,1
1841_BRANCH0_1882,1,0.0129044,1
1841_BRANCH0_1882,0,0.0135437,1
1841_BRANCH0_1883,1,0.014924,1
1841_BRANCH0_1883,0,0.0150819,1
1841,1,0.0148149,1
1841,0,0.0146025,1
1848,1,0.00821346,1
1848,0,0.00824901,1
1850,1,0.0203505,1
1850,0,0.0203504,1
1855,1,0.0152209,1
1855,0,0.0142481,1
1856,1,0.015691,1
1856,0,0.0145866,1
1857,1,0.0116876,1
1857,0,0.00931264,1
2129_BRANCH0_2606,1,0.0129048,1
2129_BRANCH0_2606,0,0.0143153,1
1858_BRANCH0_1927,1,0.0116999,1
1858_BRANCH0_1927,0,0.0116767,1
1858_BRANCH0_1930,1,0.0379,1
1858_BRANCH0_1930,0,0.0142325,1
1866_BRANCH0_2868,1,0.00814627,1
1866_BRANCH0_2868,0,0.00707613,1
2427_BRANCH0_2630,1,0.010271,1
2427_BRANCH0_2630,0,0.012268,1
2889,1,0.00871945,1
2889,0,0.00731887,1
1869_BRANCH0_1922,1,0.0126822,1
1869_BRANCH0_1922,0,0.0120249,1
1872_BRANCH0_1919,1,0.0131773,1
1872_BRANCH0_1919,0,0.014056,1
1872_BRANCH0_1920,1,0.012535,1
1872_BRANCH0_1920,0,0.0137378,1
1875_BRANCH0_1923,1,0.00847104,1
1875_BRANCH0_1923,0,0.00759819,1
1875,1,0.00776371,1
1875,0,0.00710983,1
1878,1,0.00753789,1
1878,0,0.00908451,1
2202_BRANCH0_2228,1,0.0142706,1
2202_BRANCH0_2228,0,0.0121511,1
1879_BRANCH0_1944,1,0.0208686,1
1879_BRANCH0_1944,0,0.0197831,1
1882,1,0.0130135,1
1882,0,0.0153378,1
1883,1,0.0148236,1
1883,0,0.0148359,1
1884,1,0.00954884,1
1884,0,0.00864689,1
2614,1,0.0127952,1
2614,0,0.00929087,1
1885,1,0.0138385,1
1885,0,0.0133082,1
1889_BRANCH0_1953,1,0.0136042,1
1889_BRANCH0_1953,0,0.0129341,1
1889,1,0.0125678,1
1889,0,0.0147403,1
1895,1,0.00852935,1
1895,0,0.00866074,1
1896,1,0.00717157,1
1896,0,0.00661237,1
1897,1,0.00691525,1
1897,0,0.00721289,1
2019,1,0.011897,1
2019,0,0.0125291,1
1898_BRANCH0_1937,1,0.0209171,1
1898_BRANCH0_1937,0,0.0205993,1
1898_BRANCH0_2020,1,0.019889,1
1898_BRANCH0_2020,0,0.0206014,1
1902_BRANCH0_1938,1,0.0137598,1
1902_BRANCH0_1938,0,0.0146888,1
2386_BRANCH0_2631,1,0.0106197,1
2386_BRANCH0_2631,0,0.013135,1
1902,1,0.00811488,1
1902,0,0.00679557,1
1910,1,0.00737379,1
1910,0,0.00760059,1
1911,1,0.0130768,1
1911,0,0.0150937,1
1912,1,0.00955495,1
1912,0,0.009193,1
1913,1,0.0127013,1
1913,0,0.0149565,1
1915,1,0.0103155,1
1915,0,0.00867128,1
1919,1,0.0135206,1
1919,0,0.0136384,1
2603_BRANCH0_2745,1,0.012968,1
2603_BRANCH0_2745,0,0.00930627,1
1921,1,0.0113509,1
1921,0,0.0144275,1
1922,1,0.0138942,1
1922,0,0.01461,1
1923,1,0.00929464,1
1923,0,0.00860787,1
1924,1,0.00750112,1
1924,0,0.00795517,1
1927_BRANCH0_1977,1,0.0116562,1
1927_BRANCH0_1977,0,0.0135478,1
1927_BRANCH0_1978,1,0.0134936,1
1927_BRANCH0_1978,0,0.0143374,1
1930_BRANCH0_1975,1,0.0383222,1
1930_BRANCH0_1975,0,0.0137538,1
2761,1,0.00980646,1
2761,0,0.00646616,1
2892,1,0.00764487,1
2892,0,0.0121981,1
1930_BRANCH0_1976,1,0.0383989,1
1930_BRANCH0_1976,0,0.0121183,1
1930,1,0.0374587,1
1930,0,0.0146222,1
2745,1,0.00872672,1
2745,0,0.0111111,1
1933_BRANCH0_1985,1,0.0117909,1
1933_BRANCH0_1985,0,0.0121769,1
2104_BRANCH0_2537,1,0.0117479,1
2104_BRANCH0_2537,0,0.0152005,1
1936,1,0.0138292,1
1936,0,0.013768,1
1938,1,0.014819,1
1938,0,0.0144175,1
1941,1,0.0138047,1
1941,0,0.0130648,1
2286_BRANCH0_2540,1,0.013312,1
2286_BRANCH0_2540,0,0.0125596,1
1944_BRANCH0_1999,1,0.0204913,1
1944_BRANCH0_1999,0,0.0196497,1
1944_BRANCH0_2000,1,0.0196681,1
1944_BRANCH0_2000,0,0.0207776,1
1944,1,0.0192554,1
1944,0,0.0199723,1
2089,1,0.0140269,1
2089,0,0.0155176,1
2286_BRANCH0_2558,1,0.00995528,1
2286_BRANCH0_2558,0,0.0113796,1
1947_BRANCH0_2003,1,0.0147787,1
1947_BRANCH0_2003,0,0.0136615,1
1947,1,0.0157055,1
1947,0,0.0128857,1
2014,1,0.00867184,1
2014,0,0.00871022,1
2361_BRANCH0_2614,1,0.0128077,1
2361_BRANCH0_2614,0,0.0150584,1
1950,1,0.0148527,1
1950,0,0.0140456,1
1953_BRANCH0_2004,1,0.016501,1
1953_BRANCH0_2004,0,0.0211607,1
1968_BRANCH0_2019,1,0.012108,1
1968_BRANCH0_2019,0,0.0131378,1
1953,1,0.0130005,1
1953,0,0.0137411,1
2890,1,0.00817579,1
2890,0,0.00707814,1
1958_BRANCH0_2013,1,0.00686328,1
1958_BRANCH0_2013,0,0.00799342,1
2241,1,0.0132623,1
2241,0,0.0146052,1
1958,1,0.0101696,1
1958,0,0.00799792,1
1961_BRANCH0_2016,1,0.00763973,1
1961_BRANCH0_2016,0,0.00746195,1
1961,1,0.0086766,1
1961,0,0.00744555,1
1965_BRANCH0_2018,1,0.0128245,1
1965_BRANCH0_2018,0,0.0135207,1
1968_BRANCH0_2828,1,0.00795291,1
1968_BRANCH0_2828,0,0.00808549,1
1979,1,0.0125521,1
1979,0,0.0136434,1
2606,1,0.0121855,1
2606,0,0.00940198,1
1980_BRANCH0_2030,1,0.0136404,1
1980_BRANCH0_2030,0,0.0132491,1
2129_BRANCH0_2576,1,0.0117955,1
2129_BRANCH0_2576,0,0.0146752,1
1980_BRANCH0_2033,1,0.0142253,1
1980_BRANCH0_2033,0,0.012255,1
1987,1,0.0127597,1
1987,0,0.0151506,1
1980,1,0.0160869,1
1980,0,0.0129414,1
1985,1,0.012027,1
1985,0,0.0128115,1
2756,1,0.00788814,1
2756,0,0.0077543,1
1987_BRANCH0_2021,1,0.0140346,1
1987_BRANCH0_2021,0,0.0136102,1
1999,1,0.0199978,1
1999,0,0.0202511,1
2003,1,0.0128805,1
2003,0,0.0142454,1
2004,1,0.021859,1
2004,0,0.0142929,1
2008,1,0.040115,1
2008,0,0.0151978,1
2009,1,0.0148078,1
2009,0,0.0136863,1
2824_BRANCH0_2854,1,0.00836838,1
2824_BRANCH0_2854,0,0.00917684,1
2015,1,0.00858658,1
2015,0,0.00805494,1
2315_BRANCH0_2564,1,0.0091868,1
2315_BRANCH0_2564,0,0.0124394,1
2811,1,0.0100804,1
2811,0,0.00458545,1
2016,1,0.00667715,1
2016,0,0.00711384,1
2020,1,0.0184926,1
2020,0,0.0201776,1
2021,1,0.0129486,1
2021,0,0.01324,1
2639_BRANCH0_2725,1,0.00884823,1
2639_BRANCH0_2725,0,0.0127776,1
2025,1,0.015691,1
2025,0,0.0148842,1
2026,1,0.0380741,1
2026,0,0.0150673,1
2027_BRANCH0_2068,1,0.0137097,1
2027_BRANCH0_2068,0,0.0125847,1
2027,1,0.0141254,1
2027,0,0.0146016,1
2630,1,0.012256,1
2630,0,0.0100161,1
2030_BRANCH0_2104,1,0.0146586,1
2030_BRANCH0_2104,0,0.0156034,1
2030_BRANCH0_2129,1,0.0139183,1
2030_BRANCH0_2129,0,0.013294,1
2033_BRANCH0_2119,1,0.0144398,1
2033_BRANCH0_2119,0,0.0142609,1
2036,1,0.00847984,1
2036,0,0.00784543,1
2039,1,0.0136092,1
2039,0,0.0149507,1
2042_BRANCH0_2086,1,0.0120885,1
2042_BRANCH0_2086,0,0.0105506,1
2042_BRANCH0_2089,1,0.0145939,1
2042_BRANCH0_2089,0,0.0170408,1
2340_BRANCH0_2634,1,0.852678,1
2340_BRANCH0_2634,0,0.811072,1
2047,1,0.012731,1
2047,0,0.0372752,1
2052_BRANCH0_2076,1,0.0127912,1
2052_BRANCH0_2076,0,0.011963,1
2620_BRANCH0_2746,1,0.0138824,1
2620_BRANCH0_2746,0,0.00908072,1
2052_BRANCH0_2866,1,0.00795026,1
2052_BRANCH0_2866,0,0.00835499,1
2055_BRANCH0_2077,1,0.0127886,1
2055_BRANCH0_2077,0,0.0131792,1
2055_BRANCH0_2867,1,0.00924693,1
2055_BRANCH0_2867,0,0.007793,1
2055,1,0.00694981,1
2055,0,0.00875135,1
2061,1,0.0133828,1
2061,0,0.0150894,1
2552_BRANCH0_2746,1,0.0128707,1
2552_BRANCH0_2746,0,0.00934187,1
2062_BRANCH0_2148,1,0.0130632,1
2062_BRANCH0_2148,0,0.0150132,1
2151_BRANCH0_2215,1,0.0151603,1
2151_BRANCH0_2215,0,0.0147639,1
2062_BRANCH0_2151,1,0.0146861,1
2062_BRANCH0_2151,0,0.0146627,1
2815,1,0.00843303,1
2815,0,0.0140643,1
2062,1,0.014818,1
2062,0,0.0156572,1
2068_BRANCH0_2119,1,0.0120964,1
2068_BRANCH0_2119,0,0.0140414,1
2068,1,0.0143244,1
2068,0,0.0135252,1
2576,1,0.00792407,1
2576,0,0.0116978,1
2071_BRANCH0_2129,1,0.0150329,1
2071_BRANCH0_2129,0,0.0130622,1
2286_BRANCH0_2537,1,0.0124426,1
2286_BRANCH0_2537,0,0.0128357,1
2071,1,0.0151833,1
2071,0,0.0121551,1
2076,1,0.0125697,1
2076,0,0.0120026,1
2078,1,0.020272,1
2078,0,0.0139056,1
2081_BRANCH0_2202,1,0.0160224,1
2081_BRANCH0_2202,0,0.0136802,1
2081_BRANCH0_2205,1,0.0149595,1
2081_BRANCH0_2205,0,0.0138288,1
2086_BRANCH0_2340,1,0.0121028,1
2086_BRANCH0_2340,0,0.010279,1
2086_BRANCH0_2361,1,0.0150293,1
2086_BRANCH0_2361,0,0.0152096,1
2143_BRANCH0_2603,1,0.0128991,1
2143_BRANCH0_2603,0,0.0116654,1
2086,1,0.0117878,1
2086,0,0.0102282,1
2089_BRANCH0_2353,1,0.0148998,1
2089_BRANCH0_2353,0,0.0170447,1
2089_BRANCH0_2375,1,0.0148599,1
2089_BRANCH0_2375,0,0.0152893,1
2253,1,0.0143505,1
2253,0,0.0182045,1
2104_BRANCH0_2546,1,0.0143194,1
2104_BRANCH0_2546,0,0.0146093,1
2104_BRANCH0_2600,1,0.0127823,1
2104_BRANCH0_2600,0,0.0144049,1
2353,1,0.0142753,1
2353,0,0.0159165,1
2627,1,0.0148586,1
2627,0,0.0108793,1
2104_BRANCH0_2627,1,0.0114703,1
2104_BRANCH0_2627,0,0.0142855,1
2104_BRANCH0_2628,1,0.0134765,1
2104_BRANCH0_2628,0,0.0144757,1
2104_BRANCH0_2629,1,0.0133712,1
2104_BRANCH0_2629,0,0.0143676,1
2104_BRANCH0_2632,1,0.0141103,1
2104_BRANCH0_2632,0,0.0140718,1
2104_BRANCH0_2633,1,0.0112372,1
2104_BRANCH0_2633,0,0.0146519,1
2104_BRANCH0_2645,1,0.0127901,1
2104_BRANCH0_2645,0,0.0144368,1
2567_BRANCH0_2675,1,0.00773234,1
2567_BRANCH0_2675,0,0.254542,1
2104_BRANCH0_2661,1,0.0113086,1
2104_BRANCH0_2661,0,0.0135365,1
2731,1,0.290505,1
2731,0,0.00822005,1
2104,1,0.0120093,1
2104,0,0.0126032,1
2119_BRANCH0_2543,1,0.0133878,1
2119_BRANCH0_2543,0,0.0138624,1
2119_BRANCH0_2564,1,0.0135515,1
2119_BRANCH0_2564,0,0.0134336,1
2846,1,0.00804056,1
2846,0,0.0115504,1
2119_BRANCH0_2642,1,0.0127145,1
2119_BRANCH0_2642,0,0.0145972,1
2129_BRANCH0_2540,1,0.0127471,1
2129_BRANCH0_2540,0,0.0142485,1
2129_BRANCH0_2555,1,0.0123205,1
2129_BRANCH0_2555,0,0.0155901,1
2129_BRANCH0_2594,1,0.0123216,1
2129_BRANCH0_2594,0,0.0150019,1
2129_BRANCH0_2611,1,0.0145573,1
2129_BRANCH0_2611,0,0.0140235,1
2129_BRANCH0_2630,1,0.0142732,1
2129_BRANCH0_2630,0,0.0133258,1
2129_BRANCH0_2639,1,0.0124166,1
2129_BRANCH0_2639,0,0.0144314,1
2129_BRANCH0_2655,1,0.0145678,1
2129_BRANCH0_2655,0,0.0147066,1
2129,1,0.0116387,1
2129,0,0.0135628,1
2143_BRANCH0_2552,1,0.0142607,1
2143_BRANCH0_2552,0,0.0139191,1
2148_BRANCH0_2216,1,0.0154969,1
2148_BRANCH0_2216,0,0.0145025,1
2874,1,0.0325838,1
2874,0,0.0081594,1
2151_BRANCH0_2214,1,0.0138779,1
2151_BRANCH0_2214,0,0.0152322,1
2151,1,0.0161594,1
2151,0,0.014819,1
2196_BRANCH0_2225,1,0.0132998,1
2196_BRANCH0_2225,0,0.0130906,1
2196,1,0.0145033,1
2196,0,0.0119779,1
2199_BRANCH0_2223,1,0.0219218,1
2199_BRANCH0_2223,0,0.014167,1
2199,1,0.0217433,1
2199,0,0.0124587,1
2202,1,0.0143069,1
2202,0,0.0129148,1
2205_BRANCH0_2226,1,0.0142793,1
2205_BRANCH0_2226,0,0.014911,1
2214,1,0.014896,1
2214,0,0.0154585,1
2217,1,0.01331,1
2217,0,0.0153751,1
2386_BRANCH0_2664,1,0.0121691,1
2386_BRANCH0_2664,0,0.0138473,1
2223,1,0.0142011,1
2223,0,0.0208165,1
2224,1,0.0142762,1
2224,0,0.0152286,1
2386_BRANCH0_2661,1,0.0128785,1
2386_BRANCH0_2661,0,0.0118055,1
2225,1,0.0106805,1
2225,0,0.0144297,1
2576_BRANCH0_2691,1,0.00858215,1
2576_BRANCH0_2691,0,0.0116808,1
2226,1,0.0138271,1
2226,0,0.0123903,1
2230,1,0.0172296,1
2230,0,0.0151252,1
2231,1,0.0145981,1
2231,0,0.0146682,1
2233,1,0.0149565,1
2233,0,0.0119126,1
2234,1,0.0146778,1
2234,0,0.0155102,1
2237_BRANCH0_2260,1,0.0159525,1
2237_BRANCH0_2260,0,0.0144852,1
2237,1,0.0154075,1
2237,0,0.0152409,1
2240,1,0.0189667,1
2240,0,0.0143466,1
2241_BRANCH0_2263,1,0.0144368,1
2241_BRANCH0_2263,0,0.0121646,1
2241_BRANCH0_2266,1,0.0132891,1
2241_BRANCH0_2266,0,0.0148737,1
2245_BRANCH0_2269,1,0.0148837,1
2245_BRANCH0_2269,0,0.011998,1
2245,1,0.0133178,1
2245,0,0.0136484,1
2257_BRANCH0_2353,1,0.0137325,1
2257_BRANCH0_2353,0,0.0156822,1
2260,1,0.0145863,1
2260,0,0.0137456,1
2263_BRANCH0_2385,1,0.0133534,1
2263_BRANCH0_2385,0,0.0117666,1
2789_BRANCH0_2829,1,0.00991315,1
2789_BRANCH0_2829,0,0.0165983,1
2263_BRANCH0_2386,1,0.013456,1
2263_BRANCH0_2386,0,0.0136728,1
2263,1,0.0137266,1
2263,0,0.0136626,1
2266_BRANCH0_2286,1,0.0104468,1
2266_BRANCH0_2286,0,0.013305,1
2266_BRANCH0_2297,1,0.0116065,1
2266_BRANCH0_2297,0,0.0141658,1
2266,1,0.0117856,1
2266,0,0.0121485,1
2776,1,0.00865805,1
2776,0,0.0132806,1
2886,1,0.00948409,1
2886,0,0.00751356,1
2269_BRANCH0_2427,1,0.011096,1
2269_BRANCH0_2427,0,0.0134765,1
2269,1,0.014068,1
2269,0,0.0133127,1
2272_BRANCH0_2315,1,0.0103531,1
2272_BRANCH0_2315,0,0.0131434,1
2272_BRANCH0_2326,1,0.0106452,1
2272_BRANCH0_2326,0,0.0126814,1
2279_BRANCH0_2384,1,0.0151668,1
2279_BRANCH0_2384,0,0.00999007,1
2286_BRANCH0_2543,1,0.0110927,1
2286_BRANCH0_2543,0,0.0118949,1
2286_BRANCH0_2546,1,0.0133416,1
2286_BRANCH0_2546,0,0.0122331,1
2286_BRANCH0_2561,1,0.0114864,1
2286_BRANCH0_2561,0,0.0132402,1
2768,1,0.00925263,1
2768,0,0.0083927,1
2297_BRANCH0_2549,1,0.0122268,1
2297_BRANCH0_2549,0,0.0115107,1
2537,1,0.0141537,1
2537,0,0.00909126,1
2297_BRANCH0_2552,1,0.0129671,1
2297_BRANCH0_2552,0,0.0122533,1
2857,1,0.0115403,1
2857,0,0.00886263,1
2297_BRANCH0_2573,1,0.00950941,1
2297_BRANCH0_2573,0,0.0132317,1
2297_BRANCH0_2603,1,0.0104715,1
2297_BRANCH0_2603,0,0.013749,1
2315_BRANCH0_2567,1,0.0123675,1
2315_BRANCH0_2567,0,0.0144005,1
2297_BRANCH0_2606,1,0.0131044,1
2297_BRANCH0_2606,0,0.0113123,1
2297_BRANCH0_2627,1,0.0110919,1
2297_BRANCH0_2627,0,0.0118314,1
2297_BRANCH0_2648,1,0.0112962,1
2297_BRANCH0_2648,0,0.0119129,1
2315_BRANCH0_2537,1,0.0129149,1
2315_BRANCH0_2537,0,0.0134655,1
2315_BRANCH0_2540,1,0.0120768,1
2315_BRANCH0_2540,0,0.0141358,1
2315_BRANCH0_2543,1,0.0133028,1
2315_BRANCH0_2543,0,0.0123301,1
2315_BRANCH0_2558,1,0.0118649,1
2315_BRANCH0_2558,0,0.0129347,1
2549_BRANCH0_2750,1,0.0144253,1
2549_BRANCH0_2750,0,0.00861795,1
2315_BRANCH0_2561,1,0.0108515,1
2315_BRANCH0_2561,0,0.012948,1
2315_BRANCH0_2570,1,0.0136945,1
2315_BRANCH0_2570,0,0.0144484,1
2326_BRANCH0_2573,1,0.0110256,1
2326_BRANCH0_2573,0,0.0129077,1
2326_BRANCH0_2576,1,0.0113434,1
2326_BRANCH0_2576,0,0.0118649,1
2326_BRANCH0_2614,1,0.0120678,1
2326_BRANCH0_2614,0,0.0130718,1
2552,1,0.0141529,1
2552,0,0.00836359,1
2326_BRANCH0_2617,1,0.010642,1
2326_BRANCH0_2617,0,0.0139581,1
2326_BRANCH0_2628,1,0.0109772,1
2326_BRANCH0_2628,0,0.0134804,1
2326_BRANCH0_2655,1,0.0122138,1
2326_BRANCH0_2655,0,0.0129664,1
2689,1,0.0137586,1
2689,0,0.0090983,1
2326_BRANCH0_2658,1,0.0114107,1
2326_BRANCH0_2658,0,0.0139729,1
2326_BRANCH0_2664,1,0.0123616,1
2326_BRANCH0_2664,0,0.0129056,1
2340_BRANCH0_2540,1,0.0141825,1
2340_BRANCH0_2540,0,0.0173537,1
2340_BRANCH0_2543,1,0.0146244,1
2340_BRANCH0_2543,0,0.0173009,1
2669,1,0.014278,1
2669,0,0.00924681,1
2340_BRANCH0_2561,1,0.0137244,1
2340_BRANCH0_2561,0,0.0157669,1
2340_BRANCH0_2627,1,0.0149721,1
2340_BRANCH0_2627,0,0.0169992,1
2340_BRANCH0_2630,1,0.0138954,1
2340_BRANCH0_2630,0,0.0151583,1
2340_BRANCH0_2631,1,0.0139076,1
2340_BRANCH0_2631,0,0.0161449,1
2340,1,0.0109586,1
2340,0,0.0112525,1
2353_BRANCH0_2546,1,0.0134935,1
2353_BRANCH0_2546,0,0.0164924,1
2353_BRANCH0_2567,1,0.0152072,1
2353_BRANCH0_2567,0,0.0173058,1
2353_BRANCH0_2606,1,0.0137513,1
2353_BRANCH0_2606,0,0.0166105,1
2353_BRANCH0_2620,1,0.0147593,1
2353_BRANCH0_2620,0,0.0167464,1
2361_BRANCH0_2611,1,0.0147889,1
2361_BRANCH0_2611,0,0.0155378,1
2361_BRANCH0_2642,1,0.0141383,1
2361_BRANCH0_2642,0,0.0162892,1
2353_BRANCH0_2632,1,0.0136558,1
2353_BRANCH0_2632,0,0.0152447,1
2353_BRANCH0_2651,1,0.0142083,1
2353_BRANCH0_2651,0,0.0153499,1
2361_BRANCH0_2558,1,0.0160108,1
2361_BRANCH0_2558,0,0.0164984,1
2361_BRANCH0_2594,1,0.0138985,1
2361_BRANCH0_2594,0,0.0140437,1
2361_BRANCH0_2639,1,0.0150943,1
2361_BRANCH0_2639,0,0.0164684,1
2361_BRANCH0_2655,1,0.0143139,1
2361_BRANCH0_2655,0,0.014564,1
2361,1,0.0140186,1
2361,0,0.0163425,1
2375_BRANCH0_2549,1,0.0175885,1
2375_BRANCH0_2549,0,0.0253414,1
2375_BRANCH0_2555,1,0.014879,1
2375_BRANCH0_2555,0,0.0158392,1
2375_BRANCH0_2570,1,0.0152091,1
2375_BRANCH0_2570,0,0.0162916,1
2375_BRANCH0_2576,1,0.0153387,1
2375_BRANCH0_2576,0,0.0179517,1
2375_BRANCH0_2600,1,0.0151624,1
2375_BRANCH0_2600,0,0.014724,1
2375_BRANCH0_2617,1,0.0152241,1
2375_BRANCH0_2617,0,0.0170273,1
2375_BRANCH0_2645,1,0.0150857,1
2375_BRANCH0_2645,0,0.0167606,1
2375_BRANCH0_2661,1,0.0138462,1
2375_BRANCH0_2661,0,0.0140983,1
2384,1,0.00554167,1
2384,0,0.00820663,1
2386_BRANCH0_2611,1,0.0130661,1
2386_BRANCH0_2611,0,0.0135902,1
2386_BRANCH0_2617,1,0.0125307,1
2386_BRANCH0_2617,0,0.0148012,1
2386_BRANCH0_2620,1,0.0119783,1
2386_BRANCH0_2620,0,0.0145909,1
2386_BRANCH0_2629,1,0.0120296,1
2386_BRANCH0_2629,0,0.0116971,1
2871,1,0.0119086,1
2871,0,0.00785269,1
2386_BRANCH0_2630,1,0.0111679,1
2386_BRANCH0_2630,0,0.0127351,1
2386_BRANCH0_2633,1,0.0123027,1
2386_BRANCH0_2633,0,0.0122958,1
2782,1,0.00926605,1
2782,0,0.00956086,1
2386_BRANCH0_2658,1,0.0102972,1
2386_BRANCH0_2658,0,0.0137539,1
2386,1,0.0123823,1
2386,0,0.0119454,1
2861,1,0.0108775,1
2861,0,0.00726083,1
2426,1,0.0143832,1
2426,0,0.00984393,1
2427_BRANCH0_2594,1,0.0123154,1
2427_BRANCH0_2594,0,0.0133246,1
2427_BRANCH0_2600,1,0.0140552,1
2427_BRANCH0_2600,0,0.0131328,1
2611_BRANCH0_2746,1,0.0150455,1
2611_BRANCH0_2746,0,0.00899611,1
2427_BRANCH0_2627,1,0.0101579,1
2427_BRANCH0_2627,0,0.0141875,1
2427_BRANCH0_2632,1,0.0127316,1
2427_BRANCH0_2632,0,0.0122177,1
2427_BRANCH0_2634,1,0.0108606,1
2427_BRANCH0_2634,0,0.0117251,1
2427_BRANCH0_2642,1,0.0106127,1
2427_BRANCH0_2642,0,0.0144383,1
2427_BRANCH0_2645,1,0.012229,1
2427_BRANCH0_2645,0,0.0131319,1
2427_BRANCH0_2648,1,0.011301,1
2427_BRANCH0_2648,0,0.0126646,1
2427_BRANCH0_2651,1,0.0118901,1
2427_BRANCH0_2651,0,0.0135272,1
2427,1,0.0111599,1
2427,0,0.0124702,1
2537_BRANCH0_2745,1,0.0136506,1
2537_BRANCH0_2745,0,0.00844906,1
2537_BRANCH0_2747,1,0.0140273,1
2537_BRANCH0_2747,0,0.00907746,1
2540_BRANCH0_2747,1,0.014267,1
2540_BRANCH0_2747,0,0.00903058,1
2543_BRANCH0_2745,1,0.0127886,1
2543_BRANCH0_2745,0,0.00898068,1
2543,1,0.010616,1
2543,0,0.00892178,1
2546_BRANCH0_2745,1,0.0132629,1
2546_BRANCH0_2745,0,0.00855772,1
2546_BRANCH0_2747,1,0.0122287,1
2546_BRANCH0_2747,0,0.00934366,1
2546,1,0.0141543,1
2546,0,0.00967378,1
2549_BRANCH0_2746,1,0.0134316,1
2549_BRANCH0_2746,0,0.00850373,1
2552_BRANCH0_2750,1,0.0130623,1
2552_BRANCH0_2750,0,0.00906783,1
2555_BRANCH0_2746,1,0.0137745,1
2555_BRANCH0_2746,0,0.00879785,1
2558_BRANCH0_2669,1,0.00721311,1
2558_BRANCH0_2669,0,4.7227,1
2558_BRANCH0_2670,1,0.00792807,1
2558_BRANCH0_2670,0,0.010348,1
2561_BRANCH0_2672,1,0.00745201,1
2561_BRANCH0_2672,0,0.0129489,1
2564_BRANCH0_2673,1,0.00824953,1
2564_BRANCH0_2673,0,0.0119505,1
2564,1,0.00805969,1
2564,0,0.0121807,1
2818_BRANCH0_2859,1,0.0084291,1
2818_BRANCH0_2859,0,0.0122192,1
2567_BRANCH0_2676,1,0.00838554,1
2567_BRANCH0_2676,0,0.0109389,1
2567,1,0.00828244,1
2567,0,0.0122396,1
2570_BRANCH0_2682,1,0.00719738,1
2570_BRANCH0_2682,0,126.136,1
2570_BRANCH0_2683,1,0.00844861,1
2570_BRANCH0_2683,0,0.0118911,1
2570,1,0.0078989,1
2570,0,0.0112384,1
2573_BRANCH0_2688,1,0.00761606,1
2573_BRANCH0_2688,0,0.012338,1
2576_BRANCH0_2690,1,0.0079868,1
2576_BRANCH0_2690,0,0.0123481,1
2594_BRANCH0_2745,1,0.0112067,1
2594_BRANCH0_2745,0,0.00820903,1
2594_BRANCH0_2747,1,0.0128951,1
2594_BRANCH0_2747,0,0.00773305,1
2594,1,0.0127421,1
2594,0,0.00843387,1
2597,1,0.0130705,1
2597,0,0.00808618,1
2603_BRANCH0_2747,1,0.0127843,1
2603_BRANCH0_2747,0,0.00909606,1
2603,1,0.0111596,1
2603,0,0.00968432,1
2611,1,0.011766,1
2611,0,0.00890912,1
2723,1,0.00953985,1
2723,0,0.0077719,1
2614_BRANCH0_2746,1,0.0120616,1
2614_BRANCH0_2746,0,0.0102241,1
2628,1,0.0134142,1
2628,0,0.00840598,1
2629,1,0.0118584,1
2629,0,0.0105007,1
2655_BRANCH0_2736,1,0.00672606,1
2655_BRANCH0_2736,0,0.0116982,1
2633,1,0.0120992,1
2633,0,0.00868596,1
2639_BRANCH0_2724,1,0.00695126,1
2639_BRANCH0_2724,0,0.578742,1
2639,1,0.00851405,1
2639,0,0.0117182,1
2642_BRANCH0_2726,1,0.00746346,1
2642_BRANCH0_2726,0,1.0923,1
2645_BRANCH0_2728,1,0.0078863,1
2645_BRANCH0_2728,0,2.24705,1
2645_BRANCH0_2729,1,0.00857494,1
2645_BRANCH0_2729,0,0.0128056,1
2648_BRANCH0_2731,1,0.0093547,1
2648_BRANCH0_2731,0,0.28724,1
2648,1,0.00794871,1
2648,0,0.0115209,1
2651_BRANCH0_2733,1,0.00738773,1
2651_BRANCH0_2733,0,0.0121232,1
2655_BRANCH0_2735,1,0.00796386,1
2655_BRANCH0_2735,0,0.0157247,1
2655,1,0.00768165,1
2655,0,0.0134535,1
2658_BRANCH0_2737,1,0.00740083,1
2658_BRANCH0_2737,0,0.0172801,1
2661_BRANCH0_2739,1,0.00796302,1
2661_BRANCH0_2739,0,0.0133681,1
2661_BRANCH0_2740,1,0.00852302,1
2661_BRANCH0_2740,0,0.0125933,1
2661,1,0.00782389,1
2661,0,0.0132298,1
2664_BRANCH0_2741,1,0.00790492,1
2664_BRANCH0_2741,0,0.0582698,1
2670,1,0.0134806,1
2670,0,0.00786866,1
2671,1,0.0101353,1
2671,0,0.00799424,1
2672,1,0.0118663,1
2672,0,0.0081592,1
2674,1,17.7105,1
2674,0,0.00776543,1
2675,1,0.0112963,1
2675,0,0.00804596,1
2682,1,0.0105518,1
2682,0,0.00739484,1
2688,1,0.0110126,1
2688,0,0.0076986,1
2710,1,0.0110041,1
2710,0,0.00849837,1
2721,1,0.00928399,1
2721,0,0.00705428,1
2724,1,0.0112026,1
2724,0,0.0085584,1
2727,1,0.0112663,1
2727,0,0.00766188,1
2728,1,0.0114553,1
2728,0,0.00787833,1
2729,1,0.0124824,1
2729,0,0.00828161,1
2730,1,0.0122612,1
2730,0,0.00785742,1
2733,1,0.00987089,1
2733,0,0.00795657,1
2734,1,0.00831833,1
2734,0,0.00643432,1
2735,1,0.0123299,1
2735,0,0.00774899,1
2738,1,0.0113715,1
2738,0,0.00785772,1
2739,1,0.011852,1
2739,0,0.00828353,1
2741,1,0.0126427,1
2741,0,0.00822954,1
2743,1,0.00919988,1
2743,0,0.00718651,1
2744,1,0.00875405,1
2744,0,0.00741432,1
2747_BRANCH0_2788,1,0.0130841,1
2747_BRANCH0_2788,0,0.00901329,1
2747_BRANCH0_2789,1,0.0146475,1
2747_BRANCH0_2789,0,0.00804515,1
2747,1,0.0116564,1
2747,0,0.00889146,1
2750_BRANCH0_2789,1,0.0189684,1
2750_BRANCH0_2789,0,0.0105092,1
2753,1,0.00725,1
2753,0,0.00871134,1
2754,1,0.00738518,1
2754,0,0.00922186,1
2755,1,0.00633928,1
2755,0,0.00998818,1
2758,1,0.00893119,1
2758,0,0.00640718,1
2760,1,0.00805249,1
2760,0,0.00715185,1
2762,1,0.0071536,1
2762,0,0.00924333,1
2763,1,0.00820949,1
2763,0,0.00710918,1
2766,1,0.00750743,1
2766,0,0.00766784,1
2818_BRANCH0_2852,1,0.00746027,1
2818_BRANCH0_2852,0,0.0122045,1
2773_BRANCH0_2807,1,0.0107416,1
2773_BRANCH0_2807,0,0.899281,1
2773_BRANCH0_2808,1,0.00771302,1
2773_BRANCH0_2808,0,0.0104099,1
2773,1,0.00807398,1
2773,0,0.0125277,1
2776_BRANCH0_2810,1,0.0103438,1
2776_BRANCH0_2810,0,0.0296946,1
2779,1,0.00718303,1
2779,0,0.00681035,1
2784,1,0.0073768,1
2784,0,0.0101394,1
2786,1,0.00632789,1
2786,0,0.0092606,1
2788,1,0.0122438,1
2788,0,0.00969349,1
2789_BRANCH0_2818,1,0.0068393,1
2789_BRANCH0_2818,0,0.0187759,1
2789_BRANCH0_2821,1,0.00835323,1
2789_BRANCH0_2821,0,0.0184612,1
2789_BRANCH0_2824,1,0.0100858,1
2789_BRANCH0_2824,0,0.0309523,1
2789,1,0.00905957,1
2789,0,0.0154533,1
2809,1,0.013551,1
2809,0,0.00790696,1
2810,1,0.0294284,1
2810,0,0.00924727,1
2812_BRANCH0_2850,1,0.00775161,1
2812_BRANCH0_2850,0,0.0136346,1
2812,1,0.00981832,1
2812,0,0.0118655,1
2815_BRANCH0_2851,1,0.00945415,1
2815_BRANCH0_2851,0,0.0134911,1
2815_BRANCH0_2858,1,0.0091207,1
2815_BRANCH0_2858,0,0.0123376,1
2818,1,0.00866587,1
2818,0,0.0126714,1
2821_BRANCH0_2853,1,0.00780076,1
2821_BRANCH0_2853,0,0.0122337,1
2821,1,0.00763808,1
2821,0,0.0122017,1
2827,1,0.00832265,1
2827,0,0.007352,1
2829_BRANCH0_2862,1,0.00779471,1
2829_BRANCH0_2862,0,0.0141486,1
2829_BRANCH0_2863,1,0.00910424,1
2829_BRANCH0_2863,0,0.0134964,1
2829,1,0.00924032,1
2829,0,0.0124053,1
2843_BRANCH0_2872,1,0.00816727,1
2843_BRANCH0_2872,0,0.0103384,1
2846_BRANCH0_2873,1,0.0076177,1
2846_BRANCH0_2873,0,0.0114881,1
2850,1,0.0132162,1
2850,0,0.00974044,1
2852,1,0.0118469,1
2852,0,0.00754709,1
2870,1,0.00731349,1
2870,0,0.00670418,1
2873,1,0.0114584,1
2873,0,0.00945318,1
2877,1,0.00707065,1
2877,0,0.00740507,1
2879,1,0.00669689,1
2879,0,0.00684861,1
2883,1,0.00715183,1
2883,0,0.00672744,1
2895,1,0.00740679,1
2895,0,0.00811653,1
2896,1,0.00670951,1
2896,0,0.00752871,1
2899,1,0.00750782,1
2899,0,0.00699506,1
