125.617
254,1,0.00305845,1
254,0,0.00419187,1
415,1,0.00393323,1
415,0,0.00312377,1
250,1,0.00268926,1
250,0,0.0038181,1
341,1,0.00318054,1
341,0,0.00244648,1
247,1,0.00254378,1
247,0,0.0026776,1
236_BRANCH0_273,1,0.00304837,1
236_BRANCH0_273,0,0.00270137,1
247_BRANCH0_282,1,0.0030568,1
247_BRANCH0_282,0,0.00295766,1
246,1,0.00345331,1
246,0,0.003058,1
157,1,0.00241526,1
157,0,0.00318725,1
30_BRANCH0_386,1,0.00454988,1
30_BRANCH0_386,0,0.00330918,1
243_BRANCH0_293,1,0.00248627,1
243_BRANCH0_293,0,0.00292338,1
273_BRANCH0_296,1,0.00321053,1
273_BRANCH0_296,0,0.00281652,1
243_BRANCH0_279,1,0.00334987,1
243_BRANCH0_279,0,0.00311854,1
239,1,0.00253981,1
239,0,0.00298093,1
239_BRANCH0_276,1,0.00288237,1
239_BRANCH0_276,0,0.00349778,1
236,1,0.00245489,1
236,0,0.00309621,1
411_BRANCH0_416,1,0.00420175,1
411_BRANCH0_416,0,0.364411,1
233_BRANCH0_270,1,0.00312438,1
233_BRANCH0_270,0,0.00324214,1
230,1,0.00266524,1
230,0,0.00260246,1
199_BRANCH0_223,1,0.00133128,1
199_BRANCH0_223,0,0.00208275,1
230_BRANCH0_289,1,0.00242474,1
230_BRANCH0_289,0,0.0027349,1
230_BRANCH0_267,1,0.00275953,1
230_BRANCH0_267,0,0.0037466,1
27,1,0.407824,1
27,0,0.408862,1
224,1,0.0032095,1
224,0,0.00314689,1
134,1,0.00311357,1
134,0,0.00382964,1
223,1,0.00256906,1
223,0,0.00105623,1
130,1,0.00297163,1
130,0,0.00306606,1
213_BRANCH0_259,1,0.00272633,1
213_BRANCH0_259,0,5.10436,0
213_BRANCH0_254,1,0.00243499,1
213_BRANCH0_254,0,0.00261577,1
213_BRANCH0_242,1,0.00323366,1
213_BRANCH0_242,0,0.00383873,1
203,1,0.00330185,1
203,0,0.00282716,1
203_BRANCH0_251,1,0.00304386,1
203_BRANCH0_251,0,0.0026429,1
191,1,0.00302259,1
191,0,0.00322488,1
203_BRANCH0_243,1,0.00293787,1
203_BRANCH0_243,0,0.00328866,1
171_BRANCH0_239,1,0.00358312,1
171_BRANCH0_239,0,0.0028035,1
416,1,0.00328886,1
416,0,0.320788,1
251_BRANCH0_295,1,0.00254662,1
251_BRANCH0_295,0,0.00256158,1
203_BRANCH0_236,1,0.00306181,1
203_BRANCH0_236,0,0.0025146,1
203_BRANCH0_230,1,0.00286666,1
203_BRANCH0_230,0,0.00264661,1
203_BRANCH0_227,1,0.00297559,1
203_BRANCH0_227,0,0.00313331,1
257,1,0.00409904,1
257,0,0.00406771,1
138,1,0.00314329,1
138,0,0.00382804,1
34_BRANCH0_185,1,0.00288565,1
34_BRANCH0_185,0,0.00295807,1
66_BRANCH0_375,1,0.0274059,1
66_BRANCH0_375,0,0.00344173,1
203_BRANCH0_224,1,0.00259351,1
203_BRANCH0_224,0,0.00323032,1
40_BRANCH0_373,1,0.313423,1
40_BRANCH0_373,0,0.321632,1
199,1,0.00125748,1
199,0,0.0024193,1
69_BRANCH0_139,1,0.00390544,1
69_BRANCH0_139,0,0.00300369,1
86_BRANCH0_345,1,0.00385145,1
86_BRANCH0_345,0,0.00305578,1
296_BRANCH0_329,1,0.00173427,1
296_BRANCH0_329,0,0.0032416,1
197,1,0.00325537,1
197,0,0.00345043,1
196,1,0.00250356,1
196,0,0.00300315,1
123_BRANCH0_184,1,0.00324141,1
123_BRANCH0_184,0,0.00439467,1
195,1,0.00341449,1
195,0,0.00341506,1
192,1,0.0025286,1
192,0,0.00304046,1
189,1,0.00314415,1
189,0,0.00350997,1
308,1,0.00315211,1
308,0,0.00285661,1
203_BRANCH0_233,1,0.00323867,1
203_BRANCH0_233,0,0.00269171,1
386_BRANCH0_416,1,0.00432394,1
386_BRANCH0_416,0,0.345392,1
386_BRANCH0_425,1,0.00337103,1
386_BRANCH0_425,0,0.00317002,1
187,1,0.00300494,1
187,0,0.00318589,1
158,1,0.00258279,1
158,0,0.00329751,1
251_BRANCH0_285,1,0.00298253,1
251_BRANCH0_285,0,0.00324492,1
184,1,0.00255403,1
184,0,0.00323777,1
285_BRANCH0_296,1,0.0033527,1
285_BRANCH0_296,0,0.00306705,1
183,1,0.00263838,1
183,0,0.00315385,1
73,1,0.0105129,1
73,0,0.0103468,1
180_BRANCH0_251,1,0.00340633,1
180_BRANCH0_251,0,0.00310106,1
263,1,0.00340425,1
263,0,0.00267526,1
180_BRANCH0_199,1,0.00338866,1
180_BRANCH0_199,0,0.00249853,1
177,1,0.00315319,1
177,0,0.00230031,1
139,1,0.00333561,1
139,0,0.00415775,1
309_BRANCH0_337,1,0.00290319,1
309_BRANCH0_337,0,0.0024877,1
227_BRANCH0_264,1,0.0033663,1
227_BRANCH0_264,0,0.00326696,1
168_BRANCH0_199,1,0.00370304,1
168_BRANCH0_199,0,0.0026904,1
174,1,0.00411468,1
174,0,0.00235241,1
34_BRANCH0_338,1,0.053116,1
34_BRANCH0_338,0,0.00313016,1
174_BRANCH0_199,1,0.00321285,1
174_BRANCH0_199,0,0.00251114,1
171,1,0.00325956,1
171,0,0.00224923,1
95_BRANCH0_411,1,0.00440663,1
95_BRANCH0_411,0,0.00496887,1
174_BRANCH0_243,1,0.00371273,1
174_BRANCH0_243,0,0.00307819,1
224_BRANCH0_263,1,0.00273972,1
224_BRANCH0_263,0,0.00275248,1
180,1,0.00320023,1
180,0,0.00224942,1
168,1,0.00334616,1
168,0,0.00246157,1
165,1,0.0036857,1
165,0,0.00230461,1
162,1,0.00335111,1
162,0,0.0024381,1
159_BRANCH0_227,1,0.00395868,1
159_BRANCH0_227,0,0.0030593,1
21_BRANCH0_183,1,0.00304175,1
21_BRANCH0_183,0,0.00310249,1
213_BRANCH0_256,1,0.00298169,1
213_BRANCH0_256,0,0.0031808,1
4,1,0.00381456,1
4,0,0.00351696,1
154,1,0.00373141,1
154,0,0.00255254,1
159_BRANCH0_199,1,0.00380853,1
159_BRANCH0_199,0,0.00274294,1
194,1,0.00253911,1
194,0,0.00313736,1
154_BRANCH0_199,1,0.00353177,1
154_BRANCH0_199,0,0.00276371,1
151,1,0.00297282,1
151,0,0.00394518,1
47_BRANCH0_340,1,0.00291847,1
47_BRANCH0_340,0,0.00303296,1
122,1,0.00287977,1
122,0,0.00403758,1
151_BRANCH0_198,1,0.00311411,1
151_BRANCH0_198,0,0.00426402,1
1_BRANCH0_242,1,0.00299013,1
1_BRANCH0_242,0,0.00378877,1
47_BRANCH0_187,1,0.00361449,1
47_BRANCH0_187,0,0.00379601,1
150,1,0.00295293,1
150,0,0.00312635,1
147,1,0.00341909,1
147,0,0.00390184,1
147_BRANCH0_195,1,0.00359391,1
147_BRANCH0_195,0,0.00419401,1
233_BRANCH0_290,1,0.00285012,1
233_BRANCH0_290,0,0.00261051,1
146,1,0.00394806,1
146,0,0.00346169,1
360,1,0.00349088,1
360,0,0.00302996,1
171_BRANCH0_199,1,0.00334017,1
171_BRANCH0_199,0,0.00268258,1
143_BRANCH0_194,1,0.00305131,1
143_BRANCH0_194,0,0.00464567,1
255,1,0.00324549,1
255,0,0.00395394,1
139_BRANCH0_191,1,0.00371369,1
139_BRANCH0_191,0,0.00425331,1
213_BRANCH0_255,1,0.00296358,1
213_BRANCH0_255,0,0.00303294,1
79_BRANCH0_192,1,0.00296905,1
79_BRANCH0_192,0,0.00324215,1
199_BRANCH0_213,1,0.00371213,1
199_BRANCH0_213,0,0.00316887,1
340,1,0.00292502,1
340,0,0.00431964,1
348,1,0.00287897,1
348,0,0.00362787,1
135,1,0.00329155,1
135,0,0.00423672,1
213_BRANCH0_250,1,0.00365071,1
213_BRANCH0_250,0,0.00302145,1
151_BRANCH0_197,1,0.00379838,1
151_BRANCH0_197,0,0.00427735,1
360_BRANCH0_373,1,0.00465812,1
360_BRANCH0_373,0,0.00355131,1
135_BRANCH0_190,1,0.00316837,1
135_BRANCH0_190,0,0.00479148,1
309_BRANCH0_332,1,0.00366738,1
309_BRANCH0_332,0,0.00227467,1
350,1,0.00274513,1
350,0,0.00343964,1
135_BRANCH0_189,1,0.00347989,1
135_BRANCH0_189,0,0.0041402,1
131,1,0.00335691,1
131,0,0.00421417,1
127,1,0.00353638,1
127,0,0.00440452,1
335,1,0.00345001,1
335,0,0.00272757,1
227,1,0.00295083,1
227,0,0.00305454,1
213_BRANCH0_246,1,0.00371097,1
213_BRANCH0_246,0,0.00290946,1
79,1,0.0101804,1
79,0,0.0101531,1
177_BRANCH0_247,1,0.00382464,1
177_BRANCH0_247,0,0.0029458,1
56,1,0.00345832,1
56,0,0.00315818,1
56_BRANCH0_168,1,0.00315754,1
56_BRANCH0_168,0,0.00413745,1
53,1,0.00287342,1
53,0,0.00271972,1
159,1,0.00412622,1
159,0,0.00244485,1
8_BRANCH0_334,1,0.00298814,1
8_BRANCH0_334,0,0.0029968,1
53_BRANCH0_188,1,0.00295832,1
53_BRANCH0_188,0,0.00312335,1
50,1,0.0027378,1
50,0,0.00277085,1
50_BRANCH0_255,1,0.00448542,1
50_BRANCH0_255,0,0.00394188,1
227_BRANCH0_288,1,0.00311587,1
227_BRANCH0_288,0,0.00291325,1
393_BRANCH0_429,1,11.7011,0
393_BRANCH0_429,0,0.00279066,1
50_BRANCH0_134,1,0.0027658,1
50_BRANCH0_134,0,0.00388393,1
27_BRANCH0_184,1,0.00287162,1
27_BRANCH0_184,0,0.00309523,1
40,1,0.00276393,1
40,0,0.390868,1
309_BRANCH0_335,1,0.00372818,1
309_BRANCH0_335,0,0.00250558,1
73_BRANCH0_191,1,0.00311334,1
73_BRANCH0_191,0,0.00344012,1
247_BRANCH0_294,1,0.00265594,1
247_BRANCH0_294,0,0.00271009,1
37_BRANCH0_254,1,0.00381311,1
37_BRANCH0_254,0,0.00386799,1
224_BRANCH0_260,1,0.00329656,1
224_BRANCH0_260,0,0.0025442,1
239_BRANCH0_292,1,0.00255079,1
239_BRANCH0_292,0,0.00292557,1
108_BRANCH0_414,1,0.332935,1
108_BRANCH0_414,0,0.00474783,1
199_BRANCH0_203,1,0.00301841,1
199_BRANCH0_203,0,0.00278038,1
119,1,0.00378942,1
119,0,0.00412551,1
258,1,0.0035439,1
258,0,0.00346414,1
177_BRANCH0_199,1,0.00328598,1
177_BRANCH0_199,0,0.00249038,1
14,1,0.00283476,1
14,0,0.00288993,1
30,1,0.00277701,1
30,0,0.0025191,1
319_BRANCH0_338,1,0.003812,1
319_BRANCH0_338,0,0.00264778,1
56_BRANCH0_399,1,0.00444746,1
56_BRANCH0_399,0,0.00486396,1
127_BRANCH0_186,1,0.002992,1
127_BRANCH0_186,0,0.00423349,1
43_BRANCH0_393,1,0.00441019,1
43_BRANCH0_393,0,0.00497447,1
17,1,0.00322987,1
17,0,0.00254722,1
11,1,0.00281173,1
11,0,0.00299934,1
236_BRANCH0_291,1,0.0026125,1
236_BRANCH0_291,0,0.00273652,1
69_BRANCH0_404,1,0.00450252,1
69_BRANCH0_404,0,0.00471604,1
37_BRANCH0_130,1,0.00300104,1
37_BRANCH0_130,0,0.00310707,1
233,1,0.00238105,1
233,0,0.00304994,1
11_BRANCH0_122,1,0.00399216,1
11_BRANCH0_122,0,0.00317681,1
360_BRANCH0_376,1,0.00432432,1
360_BRANCH0_376,0,0.00838986,1
213_BRANCH0_257,1,0.00260406,1
213_BRANCH0_257,0,0.00314979,1
17_BRANCH0_123,1,0.00419892,1
17_BRANCH0_123,0,0.0029398,1
294,1,0.00281214,1
294,0,0.00256635,1
30_BRANCH0_127,1,0.00408827,1
30_BRANCH0_127,0,0.00362759,1
162_BRANCH0_199,1,0.00341651,1
162_BRANCH0_199,0,0.00257036,1
60,1,0.00313118,1
60,0,0.0247177,1
105_BRANCH0_196,1,0.0031583,1
105_BRANCH0_196,0,0.00302085,1
267_BRANCH0_296,1,0.00355267,1
267_BRANCH0_296,0,0.00254386,1
56_BRANCH0_135,1,0.00415604,1
56_BRANCH0_135,0,0.0028566,1
418,1,0.00246798,1
418,0,0.00373025,1
24,1,0.00252719,1
24,0,0.00297688,1
63_BRANCH0_256,1,0.00427062,1
63_BRANCH0_256,0,0.00373741,1
168_BRANCH0_236,1,0.00321402,1
168_BRANCH0_236,0,0.00311881,1
347,1,7.16698,0
347,0,0.00332969,1
60_BRANCH0_189,1,0.00346765,1
60_BRANCH0_189,0,0.00339205,1
24_BRANCH0_250,1,0.00292126,1
24_BRANCH0_250,0,0.00316982,1
127_BRANCH0_185,1,0.00292575,1
127_BRANCH0_185,0,0.00426933,1
213_BRANCH0_258,1,0.00305789,1
213_BRANCH0_258,0,0.00276956,1
256,1,0.00283543,1
256,0,0.00399008,1
34,1,0.00274272,1
34,0,0.0615804,1
259,1,5.62626,0
259,0,0.00337461,1
37,1,0.00253592,1
37,0,0.00238448,1
89_BRANCH0_146,1,0.00375286,1
89_BRANCH0_146,0,0.00391528,1
119_BRANCH0_158,1,0.00306655,1
119_BRANCH0_158,0,0.00424668,1
1,1,0.00362148,1
1,0,0.00348631,1
76_BRANCH0_257,1,0.00436392,1
76_BRANCH0_257,0,0.00380441,1
43_BRANCH0_131,1,0.00422659,1
43_BRANCH0_131,0,0.00363469,1
17_BRANCH0_381,1,0.00399044,1
17_BRANCH0_381,0,0.00298445,1
4_BRANCH0_154,1,0.00323646,1
4_BRANCH0_154,0,0.00273284,1
63,1,0.00254487,1
63,0,0.00296493,1
123,1,0.00290709,1
123,0,0.00445679,1
14_BRANCH0_371,1,0.00354228,1
14_BRANCH0_371,0,0.00365446,1
147_BRANCH0_196,1,0.00309389,1
147_BRANCH0_196,0,0.0046084,1
99_BRANCH0_346,1,0.00315217,1
99_BRANCH0_346,0,0.00310902,1
353,1,0.00267513,1
353,0,0.00326907,1
82_BRANCH0_143,1,0.00418666,1
82_BRANCH0_143,0,0.00280253,1
354,1,0.00238305,1
354,0,0.00391869,1
126,1,0.00354343,1
126,0,0.00344323,1
30_BRANCH0_162,1,0.00361325,1
30_BRANCH0_162,0,0.00302075,1
165_BRANCH0_199,1,0.00333869,1
165_BRANCH0_199,0,0.0026563,1
285_BRANCH0_343,1,0.00281558,1
285_BRANCH0_343,0,0.00331887,1
53_BRANCH0_374,1,0.00299044,1
53_BRANCH0_374,0,0.00325449,1
1_BRANCH0_118,1,0.00392942,1
1_BRANCH0_118,0,0.00331212,1
143,1,0.00337102,1
143,0,0.00432854,1
304,1,0.00233362,1
304,0,0.00238507,1
112_BRANCH0_347,1,0.00302326,1
112_BRANCH0_347,0,6.91206,0
60_BRANCH0_342,1,0.0228203,1
60_BRANCH0_342,0,0.00311271,1
330,1,0.00385566,1
330,0,0.00252243,1
86,1,0.00467375,1
86,0,0.00472355,1
243,1,0.00259037,1
243,0,0.00266679,1
17_BRANCH0_159,1,0.00339613,1
17_BRANCH0_159,0,0.00267059,1
92_BRANCH0_194,1,0.00320439,1
92_BRANCH0_194,0,0.00314714,1
43,1,0.00380952,1
43,0,0.00310811,1
8_BRANCH0_157,1,0.00284761,1
8_BRANCH0_157,0,0.00362204,1
198,1,0.0026149,1
198,0,0.00313375,1
8,1,0.00280656,1
8,0,0.00305015,1
21_BRANCH0_336,1,0.0186216,1
21_BRANCH0_336,0,0.00304478,1
21,1,0.0589613,1
21,0,0.0577908,1
339,1,0.00321693,1
339,0,0.00266942,1
105,1,0.0037504,1
105,0,0.00384752,1
43_BRANCH0_165,1,0.00341468,1
43_BRANCH0_165,0,0.0028311,1
143_BRANCH0_193,1,0.00352815,1
143_BRANCH0_193,0,0.00426455,1
82,1,0.00264503,1
82,0,0.00259319,1
24_BRANCH0_126,1,0.00391431,1
24_BRANCH0_126,0,0.00295157,1
92_BRANCH0_377,1,0.00476999,1
92_BRANCH0_377,0,0.0035622,1
4_BRANCH0_119,1,0.00419561,1
4_BRANCH0_119,0,0.00303014,1
260_BRANCH0_296,1,0.00275748,1
260_BRANCH0_296,0,0.00309426,1
289,1,0.00280095,1
289,0,0.00319044,1
27_BRANCH0_372,1,0.326007,1
27_BRANCH0_372,0,0.322618,1
407_BRANCH0_429,1,0.00369526,1
407_BRANCH0_429,0,0.00261111,1
193,1,0.00319991,1
193,0,0.00338087,1
190,1,0.00274086,1
190,0,0.00309269,1
139_BRANCH0_192,1,0.00308094,1
139_BRANCH0_192,0,0.00448018,1
306,1,0.00351735,1
306,0,0.00254956,1
404_BRANCH0_418,1,0.00415287,1
404_BRANCH0_418,0,0.00271008,1
432,1,0.00339111,1
432,0,0.00366615,1
63_BRANCH0_138,1,0.00405263,1
63_BRANCH0_138,0,0.00296723,1
47,1,0.00317018,1
47,0,0.00296072,1
105_BRANCH0_378,1,0.00395289,1
105_BRANCH0_378,0,0.00318184,1
203_BRANCH0_239,1,0.00286878,1
203_BRANCH0_239,0,0.00276995,1
102_BRANCH0_259,1,0.00381951,1
102_BRANCH0_259,0,5.62957,0
66_BRANCH0_190,1,0.00307896,1
66_BRANCH0_190,0,0.0029698,1
273_BRANCH0_335,1,0.00293559,1
273_BRANCH0_335,0,0.00339087,1
142,1,0.00304033,1
142,0,0.00309867,1
307,1,0.00240886,1
307,0,0.00255276,1
393,1,0.00427113,1
393,0,0.00264204,1
66,1,0.0272557,1
66,0,0.027264,1
186,1,0.0028632,1
186,0,0.00322442,1
108_BRANCH0_180,1,0.00343967,1
108_BRANCH0_180,0,0.00308379,1
99_BRANCH0_195,1,0.00359903,1
99_BRANCH0_195,0,0.00336911,1
112_BRANCH0_197,1,0.00326067,1
112_BRANCH0_197,0,0.00369307,1
11_BRANCH0_246,1,0.0027717,1
11_BRANCH0_246,0,0.00324299,1
185,1,0.00365775,1
185,0,0.00306045,1
273,1,0.00310371,1
273,0,0.00292638,1
213,1,0.00299346,1
213,0,0.00361432,1
345,1,0.0029149,1
345,0,0.00413137,1
131_BRANCH0_188,1,0.0032044,1
131_BRANCH0_188,0,0.0043227,1
69_BRANCH0_171,1,0.00346248,1
69_BRANCH0_171,0,0.0029465,1
69,1,0.00305347,1
69,0,0.00371118,1
404,1,0.00421044,1
404,0,0.00293184,1
14_BRANCH0_158,1,0.00303701,1
14_BRANCH0_158,0,0.00302758,1
95,1,0.00308923,1
95,0,0.00324323,1
73_BRANCH0_344,1,0.00324846,1
73_BRANCH0_344,0,0.00322974,1
99,1,0.00357776,1
99,0,0.00349672,1
162_BRANCH0_230,1,0.00390749,1
162_BRANCH0_230,0,0.00286817,1
360_BRANCH0_378,1,0.00412217,1
360_BRANCH0_378,0,0.00346039,1
76_BRANCH0_142,1,0.00380912,1
76_BRANCH0_142,0,0.00361004,1
346,1,0.00279348,1
346,0,0.00401112,1
4_BRANCH0_380,1,0.00287635,1
4_BRANCH0_380,0,0.00328312,1
92,1,0.00465073,1
92,0,0.00489202,1
82_BRANCH0_174,1,0.0033041,1
82_BRANCH0_174,0,0.00340459,1
89_BRANCH0_258,1,0.00444832,1
89_BRANCH0_258,0,0.00379467,1
381_BRANCH0_416,1,0.00335766,1
381_BRANCH0_416,0,0.316637,1
82_BRANCH0_407,1,0.00466279,1
82_BRANCH0_407,0,0.00490069,1
301,1,0.00231417,1
301,0,0.00274012,1
86_BRANCH0_193,1,0.00374675,1
86_BRANCH0_193,0,0.0034414,1
309_BRANCH0_341,1,0.00353267,1
309_BRANCH0_341,0,0.00243955,1
89,1,0.00292753,1
89,0,0.00300935,1
260_BRANCH0_330,1,0.00290244,1
260_BRANCH0_330,0,0.0037122,1
285,1,0.00326732,1
285,0,0.00248778,1
309_BRANCH0_331,1,0.00360354,1
309_BRANCH0_331,0,0.0478182,1
251,1,0.0026781,1
251,0,0.00269604,1
386,1,0.00404367,1
386,0,0.00279869,1
95_BRANCH0_147,1,0.00361109,1
95_BRANCH0_147,0,0.00287534,1
276_BRANCH0_337,1,0.00277791,1
276_BRANCH0_337,0,0.0033774,1
102,1,0.00287173,1
102,0,0.00314748,1
379,1,25.2416,0
379,0,0.00324054,1
95_BRANCH0_177,1,0.00319687,1
95_BRANCH0_177,0,0.00395283,1
319_BRANCH0_336,1,0.00357415,1
319_BRANCH0_336,0,0.00276289,1
404_BRANCH0_416,1,0.00400543,1
404_BRANCH0_416,0,0.341297,1
154_BRANCH0_224,1,0.00337375,1
154_BRANCH0_224,0,0.00292893,1
242,1,0.00350754,1
242,0,0.00296556,1
342,1,0.00284102,1
342,0,0.00427951,1
360_BRANCH0_377,1,0.00429693,1
360_BRANCH0_377,0,0.00471823,1
102_BRANCH0_150,1,0.00318025,1
102_BRANCH0_150,0,0.00430654,1
381_BRANCH0_432,1,0.00355568,1
381_BRANCH0_432,0,0.00346283,1
188,1,0.00279196,1
188,0,0.00292528,1
333,1,0.00369813,1
333,0,0.00255234,1
108_BRANCH0_151,1,0.00423314,1
108_BRANCH0_151,0,0.00330308,1
115_BRANCH0_198,1,0.00331172,1
115_BRANCH0_198,0,0.00322126,1
203_BRANCH0_247,1,0.00371587,1
203_BRANCH0_247,0,0.00350856,1
131_BRANCH0_187,1,0.00381347,1
131_BRANCH0_187,0,0.00438418,1
76,1,0.00332124,1
76,0,0.00313689,1
108,1,0.00326835,1
108,0,0.00329815,1
112,1,0.00296361,1
112,0,0.00322327,1
115_BRANCH0_379,1,0.00356247,1
115_BRANCH0_379,0,16.4269,0
319_BRANCH0_334,1,0.00355401,1
319_BRANCH0_334,0,0.00268288,1
378,1,0.00335234,1
378,0,0.0033018,1
115,1,0.00337095,1
115,0,0.00336728,1
118,1,0.00292747,1
118,0,0.003288,1
332,1,0.00292989,1
332,0,0.00273771,1
386_BRANCH0_431,1,0.00348876,1
386_BRANCH0_431,0,0.00299872,1
119_BRANCH0_157,1,0.00291489,1
119_BRANCH0_157,0,0.0042225,1
79_BRANCH0_376,1,0.00962391,1
79_BRANCH0_376,0,0.00330059,1
393_BRANCH0_425,1,0.00474493,1
393_BRANCH0_425,0,0.00264089,1
123_BRANCH0_183,1,0.00295475,1
123_BRANCH0_183,0,0.00443508,1
165_BRANCH0_233,1,0.00378148,1
165_BRANCH0_233,0,0.00338858,1
334,1,0.00295844,1
334,0,0.00311407,1
40_BRANCH0_186,1,0.00318052,1
40_BRANCH0_186,0,0.00310893,1
422_BRANCH0_432,1,0.00299006,1
422_BRANCH0_432,0,0.00303792,1
260,1,0.0030566,1
260,0,0.00299133,1
264_BRANCH0_296,1,0.00302273,1
264_BRANCH0_296,0,0.00289318,1
300,1,0.00315212,1
300,0,0.00337163,1
264_BRANCH0_331,1,0.00280046,1
264_BRANCH0_331,0,0.00350075,1
264,1,0.00311536,1
264,0,0.00348284,1
357,1,0.00227346,1
357,0,0.00351374,1
267_BRANCH0_332,1,0.00238802,1
267_BRANCH0_332,0,0.00352335,1
267,1,0.00273408,1
267,0,0.0028748,1
270_BRANCH0_296,1,0.00298137,1
270_BRANCH0_296,0,0.00267325,1
352,1,0.00280684,1
352,0,0.00391887,1
270_BRANCH0_333,1,0.00277118,1
270_BRANCH0_333,0,0.00365464,1
425_BRANCH0_432,1,0.00327395,1
425_BRANCH0_432,0,0.00425402,1
270,1,0.00307227,1
270,0,0.00281139,1
276_BRANCH0_296,1,0.00327448,1
276_BRANCH0_296,0,0.00356217,1
276,1,0.00323307,1
276,0,0.00354687,1
309_BRANCH0_330,1,0.00388883,1
309_BRANCH0_330,0,0.00283475,1
411_BRANCH0_420,1,0.00484631,1
411_BRANCH0_420,0,0.00290247,1
279_BRANCH0_296,1,0.00307421,1
279_BRANCH0_296,0,0.00292391,1
279_BRANCH0_339,1,0.00296357,1
279_BRANCH0_339,0,0.00359754,1
279,1,0.0030931,1
279,0,0.00262687,1
282_BRANCH0_296,1,0.00355379,1
282_BRANCH0_296,0,0.00357664,1
282_BRANCH0_341,1,0.00284291,1
282_BRANCH0_341,0,0.00303292,1
282,1,0.00316788,1
282,0,0.00291595,1
288,1,0.00281636,1
288,0,0.00238226,1
290,1,0.00277344,1
290,0,0.00251155,1
291,1,0.00292597,1
291,0,0.00298243,1
292,1,0.00294503,1
292,0,0.00268785,1
293,1,0.00295156,1
293,0,0.00267811,1
295,1,0.00303038,1
295,0,0.00328126,1
296_BRANCH0_309,1,0.00249258,1
296_BRANCH0_309,0,0.00389533,1
296_BRANCH0_319,1,0.00279249,1
296_BRANCH0_319,0,0.0047935,1
296,1,0.00242207,1
296,0,0.00317895,1
302,1,0.0033273,1
302,0,0.00249261,1
303,1,0.00247903,1
303,0,0.00278625,1
305,1,0.00258265,1
305,0,0.00296999,1
309_BRANCH0_333,1,0.00407883,1
309_BRANCH0_333,0,0.00270644,1
309_BRANCH0_339,1,0.00407015,1
309_BRANCH0_339,0,0.00259628,1
399_BRANCH0_428,1,0.00440246,1
399_BRANCH0_428,0,0.0032645,1
309_BRANCH0_343,1,0.00391526,1
309_BRANCH0_343,0,0.00255228,1
319_BRANCH0_345,1,0.00429286,1
319_BRANCH0_345,0,0.00307679,1
309,1,0.00374458,1
309,0,0.0025457,1
319_BRANCH0_340,1,0.00473889,1
319_BRANCH0_340,0,0.00306529,1
319_BRANCH0_342,1,0.00428766,1
319_BRANCH0_342,0,0.00327041,1
319_BRANCH0_344,1,0.00445319,1
319_BRANCH0_344,0,0.00308453,1
319_BRANCH0_346,1,0.00436407,1
319_BRANCH0_346,0,0.00312983,1
319_BRANCH0_347,1,0.00375314,1
319_BRANCH0_347,0,7.22166,0
331,1,0.0028982,1
331,0,0.00300972,1
319,1,0.00430794,1
319,0,0.0029599,1
329,1,0.00289429,1
329,0,0.00216779,1
336,1,0.00268238,1
336,0,0.00387068,1
357_BRANCH0_360,1,0.00308873,1
357_BRANCH0_360,0,0.00319612,1
337,1,0.0032179,1
337,0,0.00256887,1
338,1,0.00282387,1
338,0,0.00409116,1
343,1,0.00337239,1
343,0,0.00243075,1
344,1,0.00283034,1
344,0,0.00340733,1
386_BRANCH0_422,1,0.00419698,1
386_BRANCH0_422,0,0.00362679,1
349,1,0.00269211,1
349,0,0.00335585,1
351,1,0.00265064,1
351,0,0.00347364,1
355,1,0.00271742,1
355,0,0.00286676,1
356,1,0.00243222,1
356,0,0.00301421,1
357_BRANCH0_370,1,0.00234977,1
357_BRANCH0_370,0,0.00343541,1
360_BRANCH0_371,1,0.00426399,1
360_BRANCH0_371,0,0.0033258,1
360_BRANCH0_372,1,0.00316396,1
360_BRANCH0_372,0,0.363892,1
360_BRANCH0_374,1,0.19745,1
360_BRANCH0_374,0,0.00320653,1
360_BRANCH0_375,1,0.00430433,1
360_BRANCH0_375,0,0.0311319,1
360_BRANCH0_379,1,0.00469617,1
360_BRANCH0_379,0,24.4844,0
370,1,0.00315001,1
370,0,0.00223048,1
371,1,0.0036433,1
371,0,0.00389776,1
372,1,0.354981,1
372,0,0.0033967,1
373,1,0.00315558,1
373,0,0.00440581,1
374,1,0.00315636,1
374,0,0.00474148,1
375,1,0.0311621,1
375,0,0.00443607,1
376,1,0.00893112,1
376,0,0.0034683,1
377,1,0.00461394,1
377,0,0.00449805,1
380,1,0.00408975,1
380,0,0.00438754,1
381_BRANCH0_430,1,0.00484639,1
381_BRANCH0_430,0,0.00257086,1
381_BRANCH0_431,1,0.00321873,1
381_BRANCH0_431,0,0.00359398,1
381,1,0.00289796,1
381,0,0.00233926,1
386_BRANCH0_429,1,0.00444832,1
386_BRANCH0_429,0,0.00347279,1
386_BRANCH0_430,1,0.00408945,1
386_BRANCH0_430,0,0.00265944,1
393_BRANCH0_416,1,0.00477329,1
393_BRANCH0_416,0,0.345248,1
393_BRANCH0_417,1,0.00447352,1
393_BRANCH0_417,0,0.00267352,1
393_BRANCH0_428,1,0.00468855,1
393_BRANCH0_428,0,0.00345724,1
399_BRANCH0_416,1,0.00435501,1
399_BRANCH0_416,0,0.344923,1
399_BRANCH0_425,1,0.00428008,1
399_BRANCH0_425,0,0.00263264,1
399_BRANCH0_430,1,0.00399,1
399_BRANCH0_430,0,0.00247366,1
399,1,0.00425566,1
399,0,0.00242945,1
407_BRANCH0_416,1,0.0040169,1
407_BRANCH0_416,0,0.347868,1
407_BRANCH0_419,1,0.0032545,1
407_BRANCH0_419,0,0.00264769,1
407,1,0.00406932,1
407,0,0.00260303,1
411,1,0.00460494,1
411,0,0.0029572,1
414,1,0.00438164,1
414,0,0.404292,1
417,1,0.00326485,1
417,0,0.00419552,1
419,1,0.00259252,1
419,0,0.0039331,1
420,1,0.00276874,1
420,0,0.00432625,1
421,1,0.00261328,1
421,0,0.00349665,1
422_BRANCH0_430,1,0.00293325,1
422_BRANCH0_430,0,0.00254184,1
422,1,0.00269443,1
422,0,0.0042191,1
425_BRANCH0_431,1,0.00290098,1
425_BRANCH0_431,0,0.00414551,1
425,1,0.00333212,1
425,0,0.00427844,1
428,1,0.00345384,1
428,0,0.00390557,1
429,1,0.00319989,1
429,0,0.00355278,1
430,1,0.00257106,1
430,0,0.0035605,1
431,1,0.00354584,1
431,0,0.00399741,1
