0.00528589
m_BRANCH0_q,1,0.000104914,1
m_BRANCH0_q,0,9.4729e-05,0
m_BRANCH0_Z,1,0.000114818,1
m_BRANCH0_Z,0,0.000120971,1
d_BRANCH0_X,1,9.0234e-05,1
d_BRANCH0_X,0,8.4034e-05,0
d_BRANCH0_r,1,0.000120365,1
d_BRANCH0_r,0,8.7927e-05,1
X,1,8.6045e-05,0
X,0,7.3922e-05,1
m_BRANCH0_r,1,9.2543e-05,1
m_BRANCH0_r,0,9.205e-05,1
B,1,0.000110703,1
B,0,0.000122801,1
d,1,9.1151e-05,1
d,0,0.000119806,1
d_BRANCH0_m,1,0.000155339,1
d_BRANCH0_m,0,8.3452e-05,1
s_BRANCH0_v,1,0.000127355,0
s_BRANCH0_v,0,0.000100008,1
B_BRANCH0_m,1,5.5348e-05,0
B_BRANCH0_m,0,8.1338e-05,1
B_BRANCH0_v,1,5.2856e-05,0
B_BRANCH0_v,0,0.0001046,1
C,1,0.000160739,1
C,0,0.000162713,1
s_BRANCH0_Y,1,0.000132522,0
s_BRANCH0_Y,0,7.687e-05,1
B_BRANCH0_d,1,8.5944e-05,1
B_BRANCH0_d,0,0.00011605,1
A,1,0.000112464,1
A,0,0.000112845,1
m,1,9.6671e-05,1
m,0,0.000113289,1
r_BRANCH0_s,1,8.9619e-05,1
r_BRANCH0_s,0,0.000126293,0
Y,1,0.000117962,0
Y,0,7.6564e-05,1
r_BRANCH0_X,1,0.000128162,1
r_BRANCH0_X,0,0.000124231,0
Z,1,0.000148034,1
Z,0,8.9445e-05,1
r,1,8.4023e-05,1
r,0,0.000124828,0
q,1,8.1335e-05,0
q,0,8.2725e-05,1
s,1,0.000126499,0
s,0,7.6827e-05,1
v,1,0.000127364,0
v,0,0.000144563,1
