0.00276686
16_BRANCH0_22,1,0.000216703,1
16_BRANCH0_22,0,7.6339e-05,1
11,1,0.00011308,1
11,0,9.668e-05,1
11_BRANCH0_19,1,8.0703e-05,1
11_BRANCH0_19,0,8.5565e-05,1
11_BRANCH0_16,1,7.4519e-05,1
11_BRANCH0_16,0,5.9975e-05,1
7,1,7.6318e-05,1
7,0,7.6422e-05,1
6,1,0.000100069,1
6,0,8.9903e-05,1
19,1,8.2624e-05,1
19,0,6.0262e-05,1
3_BRANCH0_11,1,9.4962e-05,1
3_BRANCH0_11,0,9.7822e-05,1
16_BRANCH0_23,1,7.4727e-05,1
16_BRANCH0_23,0,7.7374e-05,1
10,1,6.7744e-05,1
10,0,4.9502e-05,1
3_BRANCH0_10,1,6.9895e-05,1
3_BRANCH0_10,0,7.0884e-05,1
2,1,6.8195e-05,1
2,0,6.98e-05,1
3,1,9.4348e-05,1
3,0,9.6052e-05,1
16,1,7.442e-05,1
16,0,7.4855e-05,1
1,1,6.8059e-05,1
1,0,9.351e-05,1
22,1,5.1607e-05,1
22,0,5.6556e-05,1
23,1,7.4936e-05,1
23,0,5.245e-05,1
