0.49174
16_BRANCH0_22,1,0.032731,1
16_BRANCH0_22,0,0.0208537,1
11,1,0.0416416,1
11,0,0.0208688,1
11_BRANCH0_19,1,0.0312506,1
11_BRANCH0_19,0,0.0372911,1
11_BRANCH0_16,1,0.0208432,1
11_BRANCH0_16,0,0.0415758,1
7,1,0.0208623,1
7,0,0.0416046,1
6,1,0.0208861,1
6,0,0.0416166,1
19,1,0.0208831,1
19,0,0.041453,1
3_BRANCH0_11,1,0.0208892,1
3_BRANCH0_11,0,0.0271059,1
16_BRANCH0_23,1,0.00810154,1
16_BRANCH0_23,0,9.4368e-05,1
10,1,7.8253e-05,1
10,0,6.2005e-05,1
3_BRANCH0_10,1,7.1519e-05,1
3_BRANCH0_10,0,7.5943e-05,1
2,1,7.6941e-05,1
2,0,7.7994e-05,1
3,1,0.000102125,1
3,0,0.000108062,1
16,1,5.5463e-05,1
16,0,8.0738e-05,1
1,1,7.0128e-05,1
1,0,7.2261e-05,1
22,1,5.6387e-05,1
22,0,5.5666e-05,1
23,1,8.0882e-05,1
23,0,6.2781e-05,1
