0.00198606
16_BRANCH0_22,1,0.000187336,1
16_BRANCH0_22,0,6.0209e-05,1
11,1,7.2708e-05,1
11,0,7.4666e-05,1
11_BRANCH0_19,1,6.1245e-05,1
11_BRANCH0_19,0,5.2159e-05,1
11_BRANCH0_16,1,4.2104e-05,1
11_BRANCH0_16,0,4.665e-05,1
7,1,6.4482e-05,1
7,0,6.0292e-05,1
6,1,5.7997e-05,1
6,0,6.3991e-05,1
19,1,5.4268e-05,1
19,0,4.1447e-05,1
3_BRANCH0_11,1,6.6422e-05,1
3_BRANCH0_11,0,6.2682e-05,1
16_BRANCH0_23,1,6.0852e-05,1
16_BRANCH0_23,0,5.9981e-05,1
10,1,5.4925e-05,1
10,0,5.4975e-05,1
3_BRANCH0_10,1,5.7101e-05,1
3_BRANCH0_10,0,3.6697e-05,1
2,1,3.4289e-05,1
2,0,3.9108e-05,1
3,1,6.4993e-05,1
3,0,6.1203e-05,1
16,1,3.734e-05,1
16,0,4.4985e-05,1
1,1,5.7089e-05,1
1,0,5.5928e-05,1
22,1,5.7788e-05,1
22,0,3.8287e-05,1
23,1,5.8217e-05,1
23,0,4.3647e-05,1
