0.00183518
m_BRANCH0_q,1,2.2911e-05,1
m_BRANCH0_q,0,6.6721e-05,0
m_BRANCH0_Z,1,1.4037e-05,1
m_BRANCH0_Z,0,3.289e-05,1
d_BRANCH0_X,1,2.2684e-05,1
d_BRANCH0_X,0,5.3237e-05,0
d_BRANCH0_r,1,2.1129e-05,1
d_BRANCH0_r,0,2.1454e-05,1
X,1,5.3567e-05,0
X,0,6.857e-06,1
m_BRANCH0_r,1,4.1876e-05,1
m_BRANCH0_r,0,3.1028e-05,1
B,1,2.4003e-05,1
B,0,2.2989e-05,1
d,1,2.3524e-05,1
d,0,3.1455e-05,1
d_BRANCH0_m,1,2.9738e-05,1
d_BRANCH0_m,0,2.2614e-05,1
s_BRANCH0_v,1,7.4438e-05,0
s_BRANCH0_v,0,5.0433e-05,1
B_BRANCH0_m,1,3.0645e-05,0
B_BRANCH0_m,0,1.3573e-05,1
B_BRANCH0_v,1,3.0833e-05,0
B_BRANCH0_v,0,1.4157e-05,1
C,1,3.1053e-05,1
C,0,3.0185e-05,1
s_BRANCH0_Y,1,7.4251e-05,0
s_BRANCH0_Y,0,4.9429e-05,1
B_BRANCH0_d,1,2.0574e-05,1
B_BRANCH0_d,0,2.1828e-05,1
A,1,2.2352e-05,1
A,0,2.1586e-05,1
m,1,4.6825e-05,1
m,0,3.1708e-05,1
r_BRANCH0_s,1,5.8351e-05,1
r_BRANCH0_s,0,7.1913e-05,0
Y,1,6.6755e-05,0
Y,0,1.4333e-05,1
r_BRANCH0_X,1,2.2268e-05,1
r_BRANCH0_X,0,7.2341e-05,0
Z,1,2.3107e-05,1
Z,0,2.2679e-05,1
r,1,2.1249e-05,1
r,0,7.1621e-05,0
q,1,5.326e-05,0
q,0,1.2295e-05,1
s,1,7.3744e-05,0
s,0,4.9321e-05,1
v,1,7.3375e-05,0
v,0,2.198e-05,1
