0.00441031
m_BRANCH0_q,1,9.2414e-05,1
m_BRANCH0_q,0,9.7069e-05,0
m_BRANCH0_Z,1,7.1066e-05,1
m_BRANCH0_Z,0,9.3592e-05,1
d_BRANCH0_X,1,6.5499e-05,1
d_BRANCH0_X,0,8.2325e-05,0
d_BRANCH0_r,1,0.000116537,1
d_BRANCH0_r,0,8.6822e-05,1
X,1,8.5345e-05,0
X,0,4.301e-05,1
m_BRANCH0_r,1,7.2331e-05,1
m_BRANCH0_r,0,9.2829e-05,1
B,1,8.8666e-05,1
B,0,9.6497e-05,1
d,1,5.743e-05,1
d,0,9.5033e-05,1
d_BRANCH0_m,1,0.000126018,1
d_BRANCH0_m,0,8.3355e-05,1
s_BRANCH0_v,1,0.000122656,0
s_BRANCH0_v,0,4.8519e-05,1
B_BRANCH0_m,1,7.3555e-05,0
B_BRANCH0_m,0,8.1462e-05,1
B_BRANCH0_v,1,5.2079e-05,0
B_BRANCH0_v,0,8.3269e-05,1
C,1,0.000128124,1
C,0,0.000125432,1
s_BRANCH0_Y,1,0.000122822,0
s_BRANCH0_Y,0,4.7322e-05,1
B_BRANCH0_d,1,8.3087e-05,1
B_BRANCH0_d,0,9.6551e-05,1
A,1,8.7826e-05,1
A,0,8.857e-05,1
m,1,7.5302e-05,1
m,0,9.0527e-05,1
r_BRANCH0_s,1,5.5719e-05,1
r_BRANCH0_s,0,0.000118366,0
Y,1,0.000113372,0
Y,0,4.7761e-05,1
r_BRANCH0_X,1,0.00011145,1
r_BRANCH0_X,0,0.000121013,0
Z,1,0.000119918,1
Z,0,5.8259e-05,1
r,1,5.1745e-05,1
r,0,0.00011608,0
q,1,8.1107e-05,0
q,0,7.3768e-05,1
s,1,0.000116275,0
s,0,4.6079e-05,1
v,1,0.000105681,0
v,0,0.000120772,1
