10.5933
539,1,0.00882994,1
539,0,0.00574201,1
298_BRANCH0_356,1,0.0027873,1
298_BRANCH0_356,0,0.00259981,1
530,1,0.00509228,1
530,0,0.00515664,1
530_BRANCH0_552,1,0.00520883,1
530_BRANCH0_552,0,0.00517871,1
529,1,0.00840202,1
529,0,0.00483522,1
201_BRANCH0_654,1,0.00573505,1
201_BRANCH0_654,0,0.00578261,1
665_BRANCH0_830,1,0.00570169,1
665_BRANCH0_830,0,0.00557912,1
525,1,0.00474597,1
525,0,0.00813009,1
521,1,0.00616338,1
521,0,0.00529995,1
483_BRANCH0_516,1,0.00566712,1
483_BRANCH0_516,0,0.00578524,1
632,1,0.00668932,1
632,0,0.00507319,1
518,1,0.00542047,1
518,0,0.00535158,1
512,1,0.00488104,1
512,0,0.00568508,1
511,1,0.00484033,1
511,0,0.0082977,1
270_BRANCH0_344,1,0.0063399,1
270_BRANCH0_344,0,0.00536939,1
505,1,0.00817687,1
505,0,0.00490579,1
219_BRANCH0_794,1,0.00532367,1
219_BRANCH0_794,0,0.00522328,1
654_BRANCH0_727,1,0.00478824,1
654_BRANCH0_727,0,0.00540731,1
708,1,0.00502067,1
708,0,0.00557872,1
504,1,0.00475746,1
504,0,0.00825298,1
503,1,0.00827462,1
503,0,0.00489134,1
382_BRANCH0_416,1,0.0053923,1
382_BRANCH0_416,0,0.00531935,1
644_BRANCH0_733,1,0.00494743,1
644_BRANCH0_733,0,0.00558196,1
502,1,0.00474157,1
502,0,0.00822305,1
501,1,0.00523666,1
501,0,0.00507298,1
814,1,0.00633462,1
814,0,0.00490889,1
498,1,0.00529626,1
498,0,0.00522031,1
301,1,0.00513747,1
301,0,0.00515997,1
495_BRANCH0_521,1,0.00520915,1
495_BRANCH0_521,0,0.00526457,1
491,1,0.00908405,1
491,0,0.0059994,1
13_BRANCH0_280,1,0.00631345,1
13_BRANCH0_280,0,0.00610904,1
489,1,0.00741529,1
489,0,0.00571178,1
460_BRANCH0_498,1,0.00519341,1
460_BRANCH0_498,0,0.00509449,1
417,1,0.00535309,1
417,0,0.00535617,1
770,1,0.0055898,1
770,0,0.00553236,1
488,1,0.00761838,1
488,0,0.00600825,1
875,1,0.00546421,1
875,0,0.00457868,1
483,1,0.00563255,1
483,0,0.00581454,1
483_BRANCH0_510,1,0.00596146,1
483_BRANCH0_510,0,0.00567269,1
310_BRANCH0_369,1,0.00566438,1
310_BRANCH0_369,0,0.00561046,1
298_BRANCH0_355,1,0.00288718,1
298_BRANCH0_355,0,0.00267208,1
481,1,0.00473821,1
481,0,0.00794613,1
476,1,0.0052949,1
476,0,0.00796438,1
412,1,0.00621844,1
412,0,0.00539026,1
466,1,0.00480283,1
466,0,0.00764657,1
466_BRANCH0_517,1,0.00496449,1
466_BRANCH0_517,0,0.00849776,1
632_BRANCH0_708,1,0.00664913,1
632_BRANCH0_708,0,0.00519666,1
849,1,0.00473991,1
849,0,0.00558275,1
466_BRANCH0_508,1,0.0049157,1
466_BRANCH0_508,0,0.0083802,1
403,1,0.00285676,1
403,0,0.00266699,1
451_BRANCH0_528,1,0.00463061,1
451_BRANCH0_528,0,0.00847775,1
449,1,0.00560036,1
449,0,0.00608766,1
146,1,0.00547258,1
146,0,0.00557113,1
447,1,0.00321062,1
447,0,0.0030131,1
183_BRANCH0_526,1,0.00832562,1
183_BRANCH0_526,0,0.00900775,1
445,1,0.00629004,1
445,0,0.00535033,1
865,1,0.00582584,1
865,0,0.00494163,1
443,1,0.00785221,1
443,0,0.00611538,1
357_BRANCH0_406,1,0.00563715,1
357_BRANCH0_406,0,0.00548958,1
543,1,0.00775042,1
543,0,0.0053031,1
451_BRANCH0_522,1,0.0051241,1
451_BRANCH0_522,0,0.00851982,1
437,1,0.00923428,1
437,0,0.00500352,1
499,1,0.00546318,1
499,0,0.00526464,1
483_BRANCH0_514,1,0.0057217,1
483_BRANCH0_514,0,0.00568385,1
839,1,0.00579144,1
839,0,0.00467823,1
444,1,0.00540159,1
444,0,0.00540667,1
713_BRANCH0_762,1,0.00511612,1
713_BRANCH0_762,0,0.00673758,1
437_BRANCH0_490,1,0.00788023,1
437_BRANCH0_490,0,0.00581855,1
553_BRANCH0_596,1,0.00558274,1
553_BRANCH0_596,0,0.0067253,1
450,1,0.00293456,1
450,0,0.00270967,1
437_BRANCH0_489,1,0.00750573,1
437_BRANCH0_489,0,0.00589937,1
325,1,0.00544911,1
325,0,0.00544933,1
437_BRANCH0_488,1,0.0076876,1
437_BRANCH0_488,0,0.00591963,1
111_BRANCH0_305,1,0.00537674,1
111_BRANCH0_305,0,0.00535796,1
432_BRANCH0_482,1,0.00487342,1
432_BRANCH0_482,0,0.00778981,1
577_BRANCH0_644,1,0.0060927,1
577_BRANCH0_644,0,0.00685531,1
432_BRANCH0_480,1,0.00523302,1
432_BRANCH0_480,0,0.00777065,1
357,1,0.00630547,1
357,0,0.00569744,1
135,1,0.00541975,1
135,0,0.00531888,1
189_BRANCH0_632,1,0.00659643,1
189_BRANCH0_632,0,0.00690234,1
644_BRANCH0_761,1,0.00530194,1
644_BRANCH0_761,0,0.0059225,1
442,1,0.00780936,1
442,0,0.00499505,1
432_BRANCH0_478,1,0.00509269,1
432_BRANCH0_478,0,0.0079759,1
17_BRANCH0_432,1,0.00866268,1
17_BRANCH0_432,0,0.00860809,1
427,1,0.00670305,1
427,0,0.0076792,1
513,1,0.00494626,1
513,0,0.00842222,1
427_BRANCH0_481,1,0.00594267,1
427_BRANCH0_481,0,0.00809364,1
135_BRANCH0_501,1,0.00594602,1
135_BRANCH0_501,0,0.00550893,1
752,1,0.0052675,1
752,0,0.0067245,1
427_BRANCH0_479,1,0.006191,1
427_BRANCH0_479,0,0.00777034,1
427_BRANCH0_477,1,0.00587532,1
427_BRANCH0_477,0,0.00762242,1
267,1,0.00591949,1
267,0,0.00575203,1
286,1,0.00606028,1
286,0,0.00673697,1
533_BRANCH0_551,1,0.00537158,1
533_BRANCH0_551,0,0.00530978,1
177_BRANCH0_525,1,0.00846665,1
177_BRANCH0_525,0,0.00920293,1
121,1,0.00648529,1
121,0,0.00555846,1
507,1,0.00844696,1
507,0,0.00515977,1
425,1,0.00546584,1
425,0,0.00542223,1
510,1,0.00493584,1
510,0,0.00576801,1
171_BRANCH0_606,1,0.00693035,1
171_BRANCH0_606,0,0.00687916,1
781,1,0.00598234,1
781,0,0.00505773,1
424,1,0.00851777,1
424,0,0.00588741,1
423,1,0.00285516,1
423,0,0.00276413,1
828,1,0.00544239,1
828,0,0.00585492,1
492_BRANCH0_518,1,0.00561754,1
492_BRANCH0_518,0,0.00545055,1
422,1,0.00284403,1
422,0,0.00301377,1
354,1,0.00275423,1
354,0,0.00303807,1
421,1,0.00276252,1
421,0,0.00301404,1
420,1,0.00276144,1
420,0,0.00299949,1
843,1,0.00478066,1
843,0,0.00572487,1
419,1,0.0061745,1
419,0,0.00585529,1
414,1,0.00542048,1
414,0,0.00548851,1
727_BRANCH0_759,1,0.00499013,1
727_BRANCH0_759,0,0.0055572,1
495,1,0.00551573,1
495,0,0.00542913,1
80,1,0.00730794,1
80,0,0.00755932,1
682_BRANCH0_834,1,0.00574998,1
682_BRANCH0_834,0,0.00582572,1
722_BRANCH0_763,1,0.00536526,1
722_BRANCH0_763,0,0.00690571,1
411,1,0.00576898,1
411,0,0.00548854,1
410,1,0.00760165,1
410,0,0.00618346,1
687_BRANCH0_766,1,0.00588465,1
687_BRANCH0_766,0,0.00694845,1
409,1,0.00558382,1
409,0,0.00538706,1
407,1,0.00537636,1
407,0,0.00537115,1
219_BRANCH0_852,1,0.00568004,1
219_BRANCH0_852,0,0.0057817,1
237_BRANCH0_749,1,0.00667617,1
237_BRANCH0_749,0,0.00658558,1
406,1,0.00561169,1
406,0,0.00532062,1
390,1,0.00296317,1
390,0,0.00284396,1
319_BRANCH0_443,1,0.00701021,1
319_BRANCH0_443,0,0.00811871,1
479,1,0.00512952,1
479,0,0.00751654,1
404,1,0.0055877,1
404,0,0.00522961,1
446,1,0.00588746,1
446,0,0.00530653,1
402,1,0.00470814,1
402,0,0.0058334,1
297,1,0.00249117,1
297,0,0.0019055,1
393_BRANCH0_443,1,0.00657768,1
393_BRANCH0_443,0,0.00742756,1
393_BRANCH0_437,1,0.00822431,1
393_BRANCH0_437,0,0.00802582,1
392,1,0.00731937,1
392,0,0.00459421,1
873,1,0.00462391,1
873,0,0.00553438,1
451_BRANCH0_526,1,0.00490764,1
451_BRANCH0_526,0,0.00846302,1
773,1,0.0061373,1
773,0,0.00583635,1
389,1,0.00317889,1
389,0,0.00283591,1
385,1,0.00545406,1
385,0,0.0054009,1
385_BRANCH0_416,1,0.00546892,1
385_BRANCH0_416,0,0.00547421,1
478,1,0.00506226,1
478,0,0.00779094,1
541,1,0.00835761,1
541,0,0.00513556,1
379,1,0.00566192,1
379,0,0.00544599,1
51,1,0.00484366,1
51,0,0.00479607,1
379_BRANCH0_412,1,0.00554146,1
379_BRANCH0_412,0,0.00551661,1
514,1,0.00502942,1
514,0,0.00566902,1
376_BRANCH0_413,1,0.00572921,1
376_BRANCH0_413,0,0.0055233,1
523,1,0.00489918,1
523,0,0.00838149,1
369,1,0.00663672,1
369,0,0.00573522,1
1,1,0.00316933,1
1,0,0.00279828,1
90,1,0.00280043,1
90,0,0.00292039,1
366_BRANCH0_408,1,0.00516116,1
366_BRANCH0_408,0,0.00541588,1
696,1,0.00825058,1
696,0,0.00558729,1
363,1,0.00546136,1
363,0,0.00545368,1
363_BRANCH0_409,1,0.00536085,1
363_BRANCH0_409,0,0.00535889,1
356,1,0.00285411,1
356,0,0.00269784,1
353,1,0.00282951,1
353,0,0.00300568,1
189_BRANCH0_635,1,0.00583606,1
189_BRANCH0_635,0,0.00614383,1
207_BRANCH0_520,1,0.00568627,1
207_BRANCH0_520,0,0.00552012,1
352,1,0.00795871,1
352,0,0.00835209,1
600_BRANCH0_673,1,0.00588493,1
600_BRANCH0_673,0,0.00593783,1
349,1,0.00567492,1
349,0,0.00478826,1
569,1,0.00496479,1
569,0,0.00664832,1
347,1,0.00594519,1
347,0,0.00738265,1
346,1,0.00380907,1
346,0,0.00304019,1
298,1,0.00369428,1
298,0,0.00358404,1
463_BRANCH0_500,1,0.00534952,1
463_BRANCH0_500,0,0.00541897,1
345,1,0.00670548,1
345,0,0.00633993,1
528,1,0.00854805,1
528,0,0.00597133,1
344,1,0.00641934,1
344,0,0.00551825,1
1_BRANCH0_280,1,0.00589474,1
1_BRANCH0_280,0,0.0064101,1
343,1,0.00638463,1
343,0,0.00702369,1
811,1,0.00576846,1
811,0,0.00489258,1
348,1,0.00492436,1
348,0,0.0086216,1
228_BRANCH0_736,1,0.00660009,1
228_BRANCH0_736,0,0.00539635,1
544,1,0.0057939,1
544,0,0.00571479,1
340,1,0.00579063,1
340,0,0.00572736,1
466_BRANCH0_513,1,0.00526069,1
466_BRANCH0_513,0,0.00880243,1
673_BRANCH0_833,1,0.00592535,1
673_BRANCH0_833,0,0.00674532,1
768,1,0.00494428,1
768,0,0.0047138,1
339,1,0.00578895,1
339,0,0.00598539,1
809,1,0.00520042,1
809,0,0.00566262,1
337,1,0.00602273,1
337,0,0.00576417,1
336,1,0.00612883,1
336,0,0.00575515,1
334,1,0.0059279,1
334,0,0.00560355,1
777,1,0.00594162,1
777,0,0.00510984,1
519,1,0.00548643,1
519,0,0.00563022,1
379_BRANCH0_413,1,0.00551722,1
379_BRANCH0_413,0,0.00551241,1
333,1,0.00562658,1
333,0,0.00540629,1
332,1,0.00576396,1
332,0,0.00541175,1
437_BRANCH0_491,1,0.00798594,1
437_BRANCH0_491,0,0.00599402,1
733,1,0.00568934,1
733,0,0.00531701,1
331,1,0.00561186,1
331,0,0.0055352,1
328,1,0.00537201,1
328,0,0.00573901,1
382,1,0.00556493,1
382,0,0.00553173,1
237_BRANCH0_737,1,0.0067116,1
237_BRANCH0_737,0,0.00666869,1
788,1,0.00504328,1
788,0,0.00520377,1
330,1,0.00541547,1
330,0,0.00570658,1
537,1,0.00747439,1
537,0,0.00593855,1
326,1,0.00537506,1
326,0,0.00579217,1
619_BRANCH0_814,1,0.00574896,1
619_BRANCH0_814,0,0.00591587,1
526,1,0.0051271,1
526,0,0.00852944,1
261_BRANCH0_733,1,0.00676939,1
261_BRANCH0_733,0,0.0058783,1
520,1,0.00568074,1
520,0,0.00552927,1
322,1,0.00767544,1
322,0,0.00789146,1
600_BRANCH0_765,1,0.00695004,1
600_BRANCH0_765,0,0.00754387,1
319,1,0.00761219,1
319,0,0.00771034,1
318,1,0.00572253,1
318,0,0.00578216,1
317,1,0.00573231,1
317,0,0.00556548,1
748,1,0.00525815,1
748,0,0.00554751,1
310,1,0.005727,1
310,0,0.00583946,1
310_BRANCH0_478,1,0.00791833,1
310_BRANCH0_478,0,0.00863336,1
219_BRANCH0_851,1,0.00649347,1
219_BRANCH0_851,0,0.00554484,1
651_BRANCH0_722,1,0.00675901,1
651_BRANCH0_722,0,0.00549635,1
385_BRANCH0_415,1,0.00573052,1
385_BRANCH0_415,0,0.00557884,1
682,1,0.00572996,1
682,0,0.0057975,1
466_BRANCH0_511,1,0.00507765,1
466_BRANCH0_511,0,0.00874818,1
89,1,0.0030517,1
89,0,0.00279727,1
293,1,0.00283738,1
293,0,0.00290797,1
309,1,0.00570225,1
309,0,0.00560277,1
68_BRANCH0_286,1,0.00611702,1
68_BRANCH0_286,0,0.00658357,1
418,1,0.00435636,1
418,0,0.00367474,1
195_BRANCH0_528,1,0.00863395,1
195_BRANCH0_528,0,0.00931329,1
393,1,0.00691423,1
393,0,0.00703073,1
17_BRANCH0_443,1,0.00749659,1
17_BRANCH0_443,0,0.0081621,1
307,1,0.00550514,1
307,0,0.0054326,1
644_BRANCH0_734,1,0.00506489,1
644_BRANCH0_734,0,0.00599114,1
432,1,0.00518572,1
432,0,0.00787019,1
306,1,0.00639514,1
306,0,0.0053231,1
268,1,0.00562449,1
268,0,0.00568956,1
305,1,0.00546516,1
305,0,0.00558139,1
793,1,0.00508553,1
793,0,0.00575417,1
482,1,0.00520006,1
482,0,0.00789388,1
538,1,0.00965631,1
538,0,0.00592727,1
360_BRANCH0_405,1,0.00555097,1
360_BRANCH0_405,0,0.0053998,1
581,1,0.00500236,1
581,0,0.00664527,1
303,1,0.00561794,1
303,0,0.00539466,1
408,1,0.00540623,1
408,0,0.00538849,1
557_BRANCH0_597,1,0.00582612,1
557_BRANCH0_597,0,0.00692795,1
310_BRANCH0_480,1,0.00802866,1
310_BRANCH0_480,0,0.00864554,1
432_BRANCH0_476,1,0.00610126,1
432_BRANCH0_476,0,0.00775437,1
451_BRANCH0_524,1,0.00592561,1
451_BRANCH0_524,0,0.00834485,1
138,1,0.00695354,1
138,0,0.00583531,1
747,1,0.00697848,1
747,0,0.00540845,1
296,1,0.00321568,1
296,0,0.00280626,1
363_BRANCH0_407,1,0.00551844,1
363_BRANCH0_407,0,0.00543379,1
75_BRANCH0_287,1,0.00791419,1
75_BRANCH0_287,0,0.00900789,1
294,1,0.00764665,1
294,0,0.00857385,1
765,1,0.007548,1
765,0,0.00593944,1
366,1,0.00553954,1
366,0,0.00538045,1
290,1,0.00309866,1
290,0,0.00293283,1
195_BRANCH0_641,1,0.00651493,1
195_BRANCH0_641,0,0.00691418,1
287_BRANCH0_437,1,0.00777583,1
287_BRANCH0_437,0,0.0078168,1
287_BRANCH0_432,1,0.008414,1
287_BRANCH0_432,0,0.00779625,1
17_BRANCH0_317,1,0.00665038,1
17_BRANCH0_317,0,0.00570772,1
280,1,0.00634682,1
280,0,0.00539341,1
279,1,0.00723282,1
279,0,0.006381,1
515,1,0.00503271,1
515,0,0.00854606,1
159_BRANCH0_593,1,0.00607962,1
159_BRANCH0_593,0,0.00597403,1
276,1,0.003209,1
276,0,0.00323458,1
276_BRANCH0_346,1,0.00326022,1
276_BRANCH0_346,0,0.00306466,1
276_BRANCH0_345,1,0.00588885,1
276_BRANCH0_345,0,0.00682588,1
273,1,0.00706864,1
273,0,0.00594881,1
273_BRANCH0_344,1,0.00687344,1
273_BRANCH0_344,0,0.00593334,1
273_BRANCH0_343,1,0.00689151,1
273_BRANCH0_343,0,0.00592976,1
840,1,0.00625616,1
840,0,0.00492223,1
270,1,0.00457478,1
270,0,0.00507724,1
270_BRANCH0_392,1,0.00593687,1
270_BRANCH0_392,0,0.00695523,1
36,1,0.00452811,1
36,0,0.00466188,1
338,1,0.00586079,1
338,0,0.00575743,1
228_BRANCH0_759,1,0.00582065,1
228_BRANCH0_759,0,0.00590664,1
625_BRANCH0_700,1,0.00671137,1
625_BRANCH0_700,0,0.00531208,1
269,1,0.00387681,1
269,0,0.00411575,1
195_BRANCH0_331,1,0.00534375,1
195_BRANCH0_331,0,0.00556308,1
448,1,0.00500235,1
448,0,0.00513559,1
357_BRANCH0_404,1,0.00578857,1
357_BRANCH0_404,0,0.00543655,1
319_BRANCH0_427,1,0.00703238,1
319_BRANCH0_427,0,0.00823412,1
261_BRANCH0_758,1,0.00657132,1
261_BRANCH0_758,0,0.00640034,1
466_BRANCH0_502,1,0.00506041,1
466_BRANCH0_502,0,0.00870531,1
80_BRANCH0_293,1,0.00314827,1
80_BRANCH0_293,0,0.00286003,1
302,1,0.00536692,1
302,0,0.00546851,1
261_BRANCH0_734,1,0.00570973,1
261_BRANCH0_734,0,0.00609405,1
530_BRANCH0_550,1,0.00584359,1
530_BRANCH0_550,0,0.00543229,1
815_BRANCH0_841,1,0.00572787,1
815_BRANCH0_841,0,0.00669553,1
516,1,0.00534475,1
516,0,0.00566874,1
261_BRANCH0_732,1,0.00582635,1
261_BRANCH0_732,0,0.00589369,1
401,1,0.00511288,1
401,0,0.00524094,1
260,1,0.00600512,1
260,0,0.00599218,1
255,1,0.0058005,1
255,0,0.00561162,1
116_BRANCH0_513,1,0.00880093,1
116_BRANCH0_513,0,0.00884017,1
483_BRANCH0_512,1,0.00606794,1
483_BRANCH0_512,0,0.00575992,1
101_BRANCH0_303,1,0.00564198,1
101_BRANCH0_303,0,0.00526788,1
149_BRANCH0_479,1,0.00780115,1
149_BRANCH0_479,0,0.00781736,1
287,1,0.00668985,1
287,0,0.00807424,1
165,1,0.00652962,1
165,0,0.00587704,1
116_BRANCH0_306,1,0.00546542,1
116_BRANCH0_306,0,0.00545556,1
121_BRANCH0_307,1,0.00544627,1
121_BRANCH0_307,0,0.00548965,1
640,1,0.00523463,1
640,0,0.00660178,1
143_BRANCH0_510,1,0.0060084,1
143_BRANCH0_510,0,0.00601586,1
376,1,0.00594565,1
376,0,0.00558421,1
376_BRANCH0_411,1,0.00557575,1
376_BRANCH0_411,0,0.00560481,1
111,1,0.00551711,1
111,0,0.0056662,1
616_BRANCH0_687,1,0.00702875,1
616_BRANCH0_687,0,0.00596726,1
490,1,0.00801234,1
490,0,0.00615162,1
106,1,0.00564807,1
106,0,0.00569212,1
261_BRANCH0_757,1,0.0058105,1
261_BRANCH0_757,0,0.00589682,1
156,1,0.00764316,1
156,0,0.00786224,1
88,1,0.00378475,1
88,0,0.00359603,1
101_BRANCH0_334,1,0.00542558,1
101_BRANCH0_334,0,0.00584242,1
324,1,0.00571875,1
324,0,0.00580363,1
323,1,0.00864077,1
323,0,0.00872258,1
480,1,0.00528975,1
480,0,0.00778718,1
619,1,0.00686297,1
619,0,0.00593618,1
853,1,0.00516703,1
853,0,0.00584192,1
138_BRANCH0_309,1,0.00550805,1
138_BRANCH0_309,0,0.00589707,1
237,1,0.0058991,1
237,0,0.00581681,1
561_BRANCH0_606,1,0.00607253,1
561_BRANCH0_606,0,0.00706888,1
96_BRANCH0_333,1,0.00559877,1
96_BRANCH0_333,0,0.00565021,1
451_BRANCH0_529,1,0.00522111,1
451_BRANCH0_529,0,0.00864808,1
755,1,0.00625349,1
755,0,0.00673024,1
116,1,0.00580041,1
116,0,0.00547833,1
463_BRANCH0_501,1,0.00566568,1
463_BRANCH0_501,0,0.00542131,1
177_BRANCH0_327,1,0.00535734,1
177_BRANCH0_327,0,0.00558996,1
17,1,0.00590521,1
17,0,0.00588025,1
369_BRANCH0_490,1,0.00808189,1
369_BRANCH0_490,0,0.00869643,1
36_BRANCH0_292,1,0.00405978,1
36_BRANCH0_292,0,0.00284846,1
195_BRANCH0_644,1,0.00599045,1
195_BRANCH0_644,0,0.00621773,1
717_BRANCH0_754,1,0.00538188,1
717_BRANCH0_754,0,0.00568349,1
388,1,0.00313715,1
388,0,0.00284758,1
171,1,0.00567846,1
171,0,0.00583003,1
740,1,0.00588155,1
740,0,0.00649938,1
210_BRANCH0_417,1,0.00571851,1
210_BRANCH0_417,0,0.00565417,1
86,1,0.00230814,1
86,0,0.00224273,1
451_BRANCH0_523,1,0.00478399,1
451_BRANCH0_523,0,0.00859826,1
846,1,0.0059108,1
846,0,0.00582964,1
85,1,0.00227526,1
85,0,0.00190039,1
593,1,0.00580298,1
593,0,0.0058927,1
466_BRANCH0_515,1,0.00516012,1
466_BRANCH0_515,0,0.00886942,1
80_BRANCH0_291,1,0.00319943,1
80_BRANCH0_291,0,0.00288111,1
495_BRANCH0_520,1,0.00537789,1
495_BRANCH0_520,0,0.00558616,1
665,1,0.00576122,1
665,0,0.00581364,1
285,1,0.0057347,1
285,0,0.00559626,1
8,1,0.00690889,1
8,0,0.00732566,1
29_BRANCH0_287,1,0.0084005,1
29_BRANCH0_287,0,0.00930033,1
369_BRANCH0_488,1,0.00865747,1
369_BRANCH0_488,0,0.00796987,1
171_BRANCH0_326,1,0.00668702,1
171_BRANCH0_326,0,0.00566134,1
17_BRANCH0_323,1,0.00855384,1
17_BRANCH0_323,0,0.00884446,1
327,1,0.00583243,1
327,0,0.00562016,1
644_BRANCH0_763,1,0.00531816,1
644_BRANCH0_763,0,0.00603345,1
75,1,0.00766965,1
75,0,0.0077297,1
106_BRANCH0_303,1,0.00566028,1
106_BRANCH0_303,0,0.00529441,1
228_BRANCH0_739,1,0.00640482,1
228_BRANCH0_739,0,0.00666788,1
59_BRANCH0_284,1,0.00890585,1
59_BRANCH0_284,0,0.010472,1
138_BRANCH0_318,1,0.00586493,1
138_BRANCH0_318,0,0.00571544,1
68_BRANCH0_284,1,0.00839057,1
68_BRANCH0_284,0,0.00943517,1
156_BRANCH0_319,1,0.0087886,1
156_BRANCH0_319,0,0.0076765,1
59_BRANCH0_442,1,0.00779439,1
59_BRANCH0_442,0,0.00777536,1
59_BRANCH0_319,1,0.0078188,1
59_BRANCH0_319,0,0.00721983,1
665_BRANCH0_831,1,0.00651011,1
665_BRANCH0_831,0,0.00577449,1
101,1,0.00568219,1
101,0,0.00565272,1
1_BRANCH0_269,1,0.00383597,1
1_BRANCH0_269,0,0.00397086,1
237_BRANCH0_760,1,0.00670452,1
237_BRANCH0_760,0,0.00677386,1
246_BRANCH0_640,1,0.00680275,1
246_BRANCH0_640,0,0.00674577,1
827,1,0.00596456,1
827,0,0.00591372,1
524,1,0.00515429,1
524,0,0.00847914,1
59_BRANCH0_296,1,0.00419283,1
59_BRANCH0_296,0,0.00289093,1
351,1,0.00296307,1
351,0,0.00288315,1
106_BRANCH0_335,1,0.00561376,1
106_BRANCH0_335,0,0.00589571,1
17_BRANCH0_279,1,0.00756293,1
17_BRANCH0_279,0,0.00824265,1
59_BRANCH0_294,1,0.0079266,1
59_BRANCH0_294,0,0.00929988,1
237_BRANCH0_743,1,0.00670732,1
237_BRANCH0_743,0,0.00668386,1
159_BRANCH0_522,1,0.00845182,1
159_BRANCH0_522,0,0.0103474,1
557_BRANCH0_605,1,0.00594476,1
557_BRANCH0_605,0,0.00683397,1
393_BRANCH0_432,1,0.00791077,1
393_BRANCH0_432,0,0.00816499,1
292,1,0.00409859,1
292,0,0.00291967,1
29_BRANCH0_273,1,0.00630047,1
29_BRANCH0_273,0,0.00649755,1
26,1,0.00550071,1
26,0,0.00595652,1
405,1,0.00565529,1
405,0,0.00547829,1
228_BRANCH0_751,1,0.00552347,1
228_BRANCH0_751,0,0.00572828,1
589,1,0.00499259,1
589,0,0.00564488,1
360,1,0.00552321,1
360,0,0.00550234,1
29_BRANCH0_291,1,0.00286386,1
29_BRANCH0_291,0,0.00304565,1
466_BRANCH0_506,1,0.00510987,1
466_BRANCH0_506,0,0.00901861,1
1_BRANCH0_483,1,0.00620884,1
1_BRANCH0_483,0,0.00605198,1
138_BRANCH0_316,1,0.00569549,1
138_BRANCH0_316,0,0.00595539,1
8_BRANCH0_279,1,0.0076201,1
8_BRANCH0_279,0,0.00831994,1
492,1,0.00571262,1
492,0,0.00561322,1
13_BRANCH0_269,1,0.00388678,1
13_BRANCH0_269,0,0.00375719,1
130_BRANCH0_498,1,0.00558338,1
130_BRANCH0_498,0,0.00553254,1
210_BRANCH0_336,1,0.00570578,1
210_BRANCH0_336,0,0.00596181,1
13,1,0.00583523,1
13,0,0.00573542,1
116_BRANCH0_305,1,0.00551903,1
116_BRANCH0_305,0,0.00547278,1
427_BRANCH0_475,1,0.00603656,1
427_BRANCH0_475,0,0.00781412,1
210_BRANCH0_335,1,0.00598517,1
210_BRANCH0_335,0,0.00584792,1
342,1,0.00418582,1
342,0,0.00362382,1
246_BRANCH0_659,1,0.00673288,1
246_BRANCH0_659,0,0.00680475,1
101_BRANCH0_304,1,0.0055951,1
101_BRANCH0_304,0,0.00549798,1
116_BRANCH0_338,1,0.00584448,1
116_BRANCH0_338,0,0.00596888,1
210_BRANCH0_340,1,0.00613577,1
210_BRANCH0_340,0,0.00594296,1
74,1,0.00632934,1
74,0,0.00647995,1
310_BRANCH0_482,1,0.00831776,1
310_BRANCH0_482,0,0.00880823,1
369_BRANCH0_417,1,0.00671681,1
369_BRANCH0_417,0,0.00553684,1
874,1,0.00580793,1
874,0,0.00494283,1
246_BRANCH0_605,1,0.00661281,1
246_BRANCH0_605,0,0.00695014,1
517,1,0.00542641,1
517,0,0.0087236,1
17_BRANCH0_270,1,0.00522032,1
17_BRANCH0_270,0,0.00431998,1
207_BRANCH0_521,1,0.00589533,1
207_BRANCH0_521,0,0.00562464,1
261,1,0.00557901,1
261,0,0.00555453,1
228,1,0.00582118,1
228,0,0.00598758,1
577_BRANCH0_650,1,0.00539395,1
577_BRANCH0_650,0,0.0067922,1
1_BRANCH0_279,1,0.00737097,1
1_BRANCH0_279,0,0.00853862,1
350,1,0.00617117,1
350,0,0.00539734,1
246_BRANCH0_650,1,0.00655233,1
246_BRANCH0_650,0,0.00687395,1
451,1,0.00524603,1
451,0,0.00865768,1
55,1,0.00861444,1
55,0,0.00742534,1
29,1,0.00725607,1
29,0,0.00709255,1
96_BRANCH0_301,1,0.00573932,1
96_BRANCH0_301,0,0.00542149,1
790,1,0.00496147,1
790,0,0.00528518,1
29_BRANCH0_290,1,0.00298419,1
29_BRANCH0_290,0,0.00303541,1
460,1,0.00565695,1
460,0,0.00550657,1
1_BRANCH0_276,1,0.00296834,1
1_BRANCH0_276,0,0.00323019,1
153_BRANCH0_481,1,0.00771997,1
153_BRANCH0_481,0,0.0079098,1
75_BRANCH0_293,1,0.00314845,1
75_BRANCH0_293,0,0.00304672,1
75_BRANCH0_290,1,0.00302347,1
75_BRANCH0_290,0,0.00272325,1
785,1,0.00588207,1
785,0,0.00524279,1
195,1,0.00608471,1
195,0,0.00635378,1
72,1,0.00884036,1
72,0,0.0105448,1
91_BRANCH0_302,1,0.00574508,1
91_BRANCH0_302,0,0.00551853,1
721,1,0.00568496,1
721,0,0.0061832,1
341,1,0.00604607,1
341,0,0.00589828,1
26_BRANCH0_276,1,0.00347766,1
26_BRANCH0_276,0,0.00324148,1
210,1,0.00568308,1
210,0,0.0058352,1
669,1,0.00884821,1
669,0,0.00578743,1
509,1,0.00873567,1
509,0,0.00532695,1
590,1,0.00680907,1
590,0,0.00504642,1
13_BRANCH0_270,1,0.00449615,1
13_BRANCH0_270,0,0.00484545,1
126_BRANCH0_307,1,0.00562229,1
126_BRANCH0_307,0,0.00550596,1
59_BRANCH0_293,1,0.00332032,1
59_BRANCH0_293,0,0.00270017,1
280_BRANCH0_350,1,0.00610327,1
280_BRANCH0_350,0,0.00708544,1
727_BRANCH0_757,1,0.00514462,1
727_BRANCH0_757,0,0.006588,1
871,1,0.00498244,1
871,0,0.00573893,1
201_BRANCH0_330,1,0.00550241,1
201_BRANCH0_330,0,0.00572455,1
237_BRANCH0_752,1,0.00689226,1
237_BRANCH0_752,0,0.00689489,1
36_BRANCH0_291,1,0.00340104,1
36_BRANCH0_291,0,0.00265461,1
751,1,0.00523723,1
751,0,0.00565972,1
761,1,0.00613848,1
761,0,0.00549205,1
80_BRANCH0_295,1,0.00305953,1
80_BRANCH0_295,0,0.00302544,1
654_BRANCH0_733,1,0.00542241,1
654_BRANCH0_733,0,0.00603173,1
295,1,0.00323152,1
295,0,0.0031426,1
36_BRANCH0_296,1,0.0027049,1
36_BRANCH0_296,0,0.00307559,1
156_BRANCH0_442,1,0.00782409,1
156_BRANCH0_442,0,0.00800433,1
654,1,0.0053929,1
654,0,0.00573479,1
1_BRANCH0_270,1,0.00495535,1
1_BRANCH0_270,0,0.00506113,1
527,1,0.00835451,1
527,0,0.00629733,1
739,1,0.00576826,1
739,0,0.00667338,1
201_BRANCH0_529,1,0.0085261,1
201_BRANCH0_529,0,0.0105784,1
400,1,0.00513997,1
400,0,0.00835606,1
210_BRANCH0_333,1,0.00683786,1
210_BRANCH0_333,0,0.00556103,1
121_BRANCH0_308,1,0.00543929,1
121_BRANCH0_308,0,0.00535252,1
59,1,0.00571952,1
59,0,0.0057658,1
460_BRANCH0_499,1,0.00576884,1
460_BRANCH0_499,0,0.00550786,1
825,1,0.00504288,1
825,0,0.0051228,1
80_BRANCH0_287,1,0.00806438,1
80_BRANCH0_287,0,0.00940646,1
8_BRANCH0_280,1,0.00660517,1
8_BRANCH0_280,0,0.00644983,1
36_BRANCH0_295,1,0.00306814,1
36_BRANCH0_295,0,0.00273562,1
42_BRANCH0_284,1,0.00853353,1
42_BRANCH0_284,0,0.00962818,1
413,1,0.00690264,1
413,0,0.00570848,1
606_BRANCH0_678,1,0.00679757,1
606_BRANCH0_678,0,0.0059764,1
737,1,0.00574206,1
737,0,0.00667533,1
393_BRANCH0_442,1,0.00704307,1
393_BRANCH0_442,0,0.00768691,1
26_BRANCH0_270,1,0.00538961,1
26_BRANCH0_270,0,0.0044285,1
316,1,0.00619454,1
316,0,0.0057874,1
126_BRANCH0_308,1,0.0057278,1
126_BRANCH0_308,0,0.00558314,1
466_BRANCH0_504,1,0.00537046,1
466_BRANCH0_504,0,0.00898435,1
42_BRANCH0_322,1,0.00880649,1
42_BRANCH0_322,0,0.00884773,1
366_BRANCH0_409,1,0.00573012,1
366_BRANCH0_409,0,0.00549326,1
177_BRANCH0_619,1,0.00601384,1
177_BRANCH0_619,0,0.00590867,1
451_BRANCH0_525,1,0.00540969,1
451_BRANCH0_525,0,0.00867749,1
329,1,0.0068869,1
329,0,0.00555194,1
246_BRANCH0_624,1,0.0068196,1
246_BRANCH0_624,0,0.00675343,1
391,1,0.002392,1
391,0,0.00199417,1
42_BRANCH0_323,1,0.00783843,1
42_BRANCH0_323,0,0.00968925,1
291,1,0.00321948,1
291,0,0.00300498,1
153,1,0.00565929,1
153,0,0.00552754,1
810,1,0.00539383,1
810,0,0.00574141,1
55_BRANCH0_437,1,0.0080469,1
55_BRANCH0_437,0,0.00886141,1
841,1,0.00775653,1
841,0,0.00598768,1
416,1,0.00564052,1
416,0,0.0056423,1
91,1,0.0057725,1
91,0,0.00548905,1
237_BRANCH0_740,1,0.00678462,1
237_BRANCH0_740,0,0.00696425,1
876,1,0.00601511,1
876,0,0.00492057,1
189_BRANCH0_328,1,0.00548321,1
189_BRANCH0_328,0,0.00570135,1
111_BRANCH0_306,1,0.00560811,1
111_BRANCH0_306,0,0.00552458,1
121_BRANCH0_340,1,0.00586917,1
121_BRANCH0_340,0,0.00600225,1
426,1,0.00588353,1
426,0,0.00552109,1
101_BRANCH0_506,1,0.00878118,1
101_BRANCH0_506,0,0.00931289,1
29_BRANCH0_285,1,0.0059677,1
29_BRANCH0_285,0,0.00549903,1
822_BRANCH0_834,1,0.00587399,1
822_BRANCH0_834,0,0.00603743,1
492_BRANCH0_519,1,0.00595126,1
492_BRANCH0_519,0,0.00573254,1
126_BRANCH0_517,1,0.00863634,1
126_BRANCH0_517,0,0.0089281,1
705_BRANCH0_750,1,0.005443,1
705_BRANCH0_750,0,0.00682902,1
29_BRANCH0_292,1,0.00320665,1
29_BRANCH0_292,0,0.00286447,1
96,1,0.00568887,1
96,0,0.0057197,1
159_BRANCH0_324,1,0.00564085,1
159_BRANCH0_324,0,0.00570077,1
399,1,0.00384933,1
399,0,0.0032553,1
36_BRANCH0_273,1,0.00623646,1
36_BRANCH0_273,0,0.00670237,1
42,1,0.00685076,1
42,0,0.00651972,1
522,1,0.0052103,1
522,0,0.00869617,1
360_BRANCH0_406,1,0.00681848,1
360_BRANCH0_406,0,0.00556631,1
644_BRANCH0_717,1,0.00526218,1
644_BRANCH0_717,0,0.00587643,1
96_BRANCH0_504,1,0.00887671,1
96_BRANCH0_504,0,0.00887505,1
210_BRANCH0_338,1,0.00614087,1
210_BRANCH0_338,0,0.00594637,1
111_BRANCH0_336,1,0.00584426,1
111_BRANCH0_336,0,0.00600976,1
750,1,0.00709588,1
750,0,0.00545388,1
68,1,0.00651717,1
68,0,0.00648106,1
369_BRANCH0_491,1,0.00801533,1
369_BRANCH0_491,0,0.00885857,1
335,1,0.00693663,1
335,0,0.00600665,1
59_BRANCH0_295,1,0.00323221,1
59_BRANCH0_295,0,0.00301232,1
8_BRANCH0_309,1,0.00533727,1
8_BRANCH0_309,0,0.00591341,1
593_BRANCH0_841,1,0.00625482,1
593_BRANCH0_841,0,0.00595151,1
42_BRANCH0_273,1,0.00624311,1
42_BRANCH0_273,0,0.00668177,1
246_BRANCH0_596,1,0.00723501,1
246_BRANCH0_596,0,0.00693624,1
717_BRANCH0_792,1,0.00541747,1
717_BRANCH0_792,0,0.00596264,1
201,1,0.00619127,1
201,0,0.0061933,1
850,1,0.00622332,1
850,0,0.00508714,1
96_BRANCH0_302,1,0.00549642,1
96_BRANCH0_302,0,0.00559369,1
165_BRANCH0_523,1,0.00876473,1
165_BRANCH0_523,0,0.00988057,1
533_BRANCH0_552,1,0.00678441,1
533_BRANCH0_552,0,0.00550077,1
138_BRANCH0_317,1,0.00574518,1
138_BRANCH0_317,0,0.00572958,1
451_BRANCH0_527,1,0.00537199,1
451_BRANCH0_527,0,0.00862534,1
536,1,0.00884302,1
536,0,0.0060458,1
111_BRANCH0_511,1,0.00897031,1
111_BRANCH0_511,0,0.00884639,1
544_BRANCH0_585,1,0.00573129,1
544_BRANCH0_585,0,0.00561569,1
183_BRANCH0_628,1,0.00622006,1
183_BRANCH0_628,0,0.00631323,1
259,1,0.00602192,1
259,0,0.00608999,1
705,1,0.00566358,1
705,0,0.00690253,1
836,1,0.00519279,1
836,0,0.00586935,1
51_BRANCH0_276,1,0.00335316,1
51_BRANCH0_276,0,0.00341918,1
17_BRANCH0_322,1,0.00795237,1
17_BRANCH0_322,0,0.00886463,1
91_BRANCH0_332,1,0.00703857,1
91_BRANCH0_332,0,0.00562721,1
310_BRANCH0_476,1,0.00800638,1
310_BRANCH0_476,0,0.00903999,1
106_BRANCH0_304,1,0.00679649,1
106_BRANCH0_304,0,0.00545234,1
475,1,0.00520893,1
475,0,0.00774653,1
59_BRANCH0_286,1,0.00621685,1
59_BRANCH0_286,0,0.0065779,1
17_BRANCH0_269,1,0.00435747,1
17_BRANCH0_269,0,0.00402877,1
727_BRANCH0_758,1,0.00534087,1
727_BRANCH0_758,0,0.00659798,1
55_BRANCH0_280,1,0.00623597,1
55_BRANCH0_280,0,0.00662667,1
87,1,0.00414545,1
87,0,0.00362359,1
769,1,0.00589782,1
769,0,0.00585124,1
143_BRANCH0_475,1,0.00779005,1
143_BRANCH0_475,0,0.00781568,1
845,1,0.00604008,1
845,0,0.00593424,1
51_BRANCH0_279,1,0.00757452,1
51_BRANCH0_279,0,0.00792397,1
146_BRANCH0_477,1,0.00822016,1
146_BRANCH0_477,0,0.0078568,1
165_BRANCH0_325,1,0.00575229,1
165_BRANCH0_325,0,0.00574299,1
246_BRANCH0_615,1,0.00686275,1
246_BRANCH0_615,0,0.00684511,1
55_BRANCH0_427,1,0.00765931,1
55_BRANCH0_427,0,0.00790396,1
183_BRANCH0_625,1,0.00698974,1
183_BRANCH0_625,0,0.00699914,1
42_BRANCH0_290,1,0.00331083,1
42_BRANCH0_290,0,0.00309891,1
255_BRANCH0_341,1,0.00579599,1
255_BRANCH0_341,0,0.00606481,1
42_BRANCH0_296,1,0.00331149,1
42_BRANCH0_296,0,0.00331847,1
375,1,0.00757892,1
375,0,0.008019,1
51_BRANCH0_316,1,0.00577403,1
51_BRANCH0_316,0,0.00595545,1
662_BRANCH0_735,1,0.0062347,1
662_BRANCH0_735,0,0.00709749,1
130_BRANCH0_518,1,0.00579884,1
130_BRANCH0_518,0,0.00572164,1
126,1,0.00570495,1
126,0,0.00575291,1
771,1,0.00603075,1
771,0,0.00594527,1
782_BRANCH0_793,1,0.00544369,1
782_BRANCH0_793,0,0.00602815,1
369_BRANCH0_489,1,0.00820271,1
369_BRANCH0_489,0,0.00894395,1
708_BRANCH0_791,1,0.00635632,1
708_BRANCH0_791,0,0.00594568,1
228_BRANCH0_754,1,0.00569259,1
228_BRANCH0_754,0,0.005993,1
130_BRANCH0_519,1,0.00572086,1
130_BRANCH0_519,0,0.005813,1
130,1,0.0055939,1
130,0,0.0057441,1
670_BRANCH0_740,1,0.00663228,1
670_BRANCH0_740,0,0.00678704,1
146_BRANCH0_512,1,0.00593022,1
146_BRANCH0_512,0,0.00596565,1
149_BRANCH0_514,1,0.00604606,1
149_BRANCH0_514,0,0.00596158,1
149,1,0.00594568,1
149,0,0.00598778,1
219_BRANCH0_809,1,0.00598227,1
219_BRANCH0_809,0,0.00594942,1
587,1,0.00511452,1
587,0,0.00570475,1
135_BRANCH0_500,1,0.00552996,1
135_BRANCH0_500,0,0.00556137,1
152,1,0.00567527,1
152,0,0.00591661,1
153_BRANCH0_516,1,0.00596192,1
153_BRANCH0_516,0,0.00587191,1
393_BRANCH0_427,1,0.00703639,1
393_BRANCH0_427,0,0.00764263,1
847,1,0.00542026,1
847,0,0.00599606,1
864,1,0.00608605,1
864,0,0.00503974,1
68_BRANCH0_285,1,0.00534359,1
68_BRANCH0_285,0,0.00590688,1
159_BRANCH0_325,1,0.00590901,1
159_BRANCH0_325,0,0.00573556,1
712,1,0.00605119,1
712,0,0.00606847,1
159_BRANCH0_590,1,0.0068832,1
159_BRANCH0_590,0,0.00699285,1
813,1,0.00625138,1
813,0,0.00540646,1
246_BRANCH0_631,1,0.00681601,1
246_BRANCH0_631,0,0.00687164,1
284,1,0.00898722,1
284,0,0.00794438,1
159,1,0.00501539,1
159,0,0.0048343,1
508,1,0.00515423,1
508,0,0.00872198,1
165_BRANCH0_324,1,0.00601318,1
165_BRANCH0_324,0,0.00559033,1
91_BRANCH0_502,1,0.00867535,1
91_BRANCH0_502,0,0.00898743,1
228_BRANCH0_742,1,0.00585937,1
228_BRANCH0_742,0,0.00571864,1
791,1,0.00529607,1
791,0,0.00593673,1
219_BRANCH0_808,1,0.00589546,1
219_BRANCH0_808,0,0.00597023,1
832,1,0.00610039,1
832,0,0.00613646,1
165_BRANCH0_597,1,0.00689507,1
165_BRANCH0_597,0,0.00704994,1
121_BRANCH0_515,1,0.00909144,1
121_BRANCH0_515,0,0.00898567,1
8_BRANCH0_269,1,0.00423737,1
8_BRANCH0_269,0,0.00387845,1
165_BRANCH0_600,1,0.00577412,1
165_BRANCH0_600,0,0.00627011,1
815,1,0.00622744,1
815,0,0.00688249,1
171_BRANCH0_327,1,0.00570988,1
171_BRANCH0_327,0,0.00577594,1
500,1,0.00583348,1
500,0,0.00561532,1
171_BRANCH0_609,1,0.00581369,1
171_BRANCH0_609,0,0.00620605,1
183_BRANCH0_328,1,0.00584324,1
183_BRANCH0_328,0,0.00574977,1
304,1,0.00565772,1
304,0,0.00581136,1
143,1,0.00580139,1
143,0,0.00617345,1
177_BRANCH0_326,1,0.00582414,1
177_BRANCH0_326,0,0.00576356,1
577,1,0.00547088,1
577,0,0.00686745,1
848,1,0.00502112,1
848,0,0.00602191,1
177_BRANCH0_616,1,0.00696604,1
177_BRANCH0_616,0,0.00710054,1
73,1,0.00907196,1
73,0,0.00973884,1
177,1,0.0073084,1
177,0,0.0060803,1
255_BRANCH0_339,1,0.00610943,1
255_BRANCH0_339,0,0.00589481,1
506,1,0.00540804,1
506,0,0.00902812,1
130_BRANCH0_499,1,0.0060995,1
130_BRANCH0_499,0,0.00546445,1
183_BRANCH0_329,1,0.00549282,1
183_BRANCH0_329,0,0.00579347,1
826,1,0.00603543,1
826,0,0.00601773,1
533,1,0.00572628,1
533,0,0.00557731,1
763,1,0.00589458,1
763,0,0.0055109,1
872,1,0.00502562,1
872,0,0.00576799,1
183,1,0.00617082,1
183,0,0.00655685,1
189_BRANCH0_329,1,0.00587595,1
189_BRANCH0_329,0,0.00579003,1
606,1,0.00721401,1
606,0,0.00606818,1
731,1,0.00599411,1
731,0,0.00606135,1
280_BRANCH0_349,1,0.00550821,1
280_BRANCH0_349,0,0.006192,1
189_BRANCH0_527,1,0.00869982,1
189_BRANCH0_527,0,0.0108263,1
308,1,0.00577207,1
308,0,0.00548787,1
189,1,0.00602043,1
189,0,0.00592517,1
822_BRANCH0_835,1,0.00635977,1
822_BRANCH0_835,0,0.00616745,1
195_BRANCH0_330,1,0.00570789,1
195_BRANCH0_330,0,0.00574347,1
219_BRANCH0_810,1,0.00601127,1
219_BRANCH0_810,0,0.00598586,1
201_BRANCH0_331,1,0.00578036,1
201_BRANCH0_331,0,0.00575361,1
565_BRANCH0_624,1,0.00607924,1
565_BRANCH0_624,0,0.00706302,1
807,1,0.0051813,1
807,0,0.00594946,1
201_BRANCH0_651,1,0.00684156,1
201_BRANCH0_651,0,0.00695474,1
540,1,0.00800642,1
540,0,0.00541136,1
106_BRANCH0_508,1,0.00867593,1
106_BRANCH0_508,0,0.00898491,1
207,1,0.0059199,1
207,0,0.00573238,1
75_BRANCH0_294,1,0.00785615,1
75_BRANCH0_294,0,0.00961056,1
210_BRANCH0_332,1,0.00587382,1
210_BRANCH0_332,0,0.00564108,1
382_BRANCH0_414,1,0.00576288,1
382_BRANCH0_414,0,0.00571909,1
678_BRANCH0_765,1,0.00590049,1
678_BRANCH0_765,0,0.00707855,1
796_BRANCH0_806,1,0.00542987,1
796_BRANCH0_806,0,0.00602642,1
210_BRANCH0_334,1,0.00580231,1
210_BRANCH0_334,0,0.00596911,1
280_BRANCH0_348,1,0.00902667,1
280_BRANCH0_348,0,0.00801644,1
42_BRANCH0_292,1,0.00314988,1
42_BRANCH0_292,0,0.00303856,1
219_BRANCH0_836,1,0.00557031,1
219_BRANCH0_836,0,0.00593475,1
219_BRANCH0_853,1,0.0059222,1
219_BRANCH0_853,0,0.00593687,1
857,1,0.00616126,1
857,0,0.00516384,1
477,1,0.00523869,1
477,0,0.00782884,1
171_BRANCH0_524,1,0.00881609,1
171_BRANCH0_524,0,0.0107975,1
219,1,0.00613164,1
219,0,0.0060522,1
778_BRANCH0_791,1,0.00546945,1
778_BRANCH0_791,0,0.00602028,1
228_BRANCH0_745,1,0.00585858,1
228_BRANCH0_745,0,0.00586006,1
228_BRANCH0_748,1,0.00606356,1
228_BRANCH0_748,0,0.0059149,1
237_BRANCH0_746,1,0.00697049,1
237_BRANCH0_746,0,0.00699078,1
415,1,0.00596078,1
415,0,0.00572847,1
91_BRANCH0_301,1,0.00546546,1
91_BRANCH0_301,0,0.00562074,1
237_BRANCH0_755,1,0.00690588,1
237_BRANCH0_755,0,0.00697357,1
42_BRANCH0_294,1,0.0082651,1
42_BRANCH0_294,0,0.00964488,1
246,1,0.00601906,1
246,0,0.00612262,1
463,1,0.00566575,1
463,0,0.00564241,1
700_BRANCH0_748,1,0.00516501,1
700_BRANCH0_748,0,0.00580549,1
355,1,0.00321764,1
355,0,0.00286683,1
255_BRANCH0_337,1,0.00569457,1
255_BRANCH0_337,0,0.00611688,1
713_BRANCH0_753,1,0.00567526,1
713_BRANCH0_753,0,0.00707842,1
542,1,0.00800497,1
542,0,0.00536919,1
544_BRANCH0_587,1,0.00589941,1
544_BRANCH0_587,0,0.00572598,1
547_BRANCH0_586,1,0.00572877,1
547_BRANCH0_586,0,0.00575593,1
856,1,0.00601951,1
856,0,0.00507144,1
547_BRANCH0_587,1,0.00579495,1
547_BRANCH0_587,0,0.00570864,1
547,1,0.00573558,1
547,0,0.00573944,1
550,1,0.00565271,1
550,0,0.00562499,1
569_BRANCH0_625,1,0.00526524,1
569_BRANCH0_625,0,0.00700631,1
792,1,0.00526409,1
792,0,0.00535676,1
551,1,0.00569204,1
551,0,0.00562059,1
552,1,0.00483919,1
552,0,0.00567975,1
553_BRANCH0_590,1,0.00608036,1
553_BRANCH0_590,0,0.00723585,1
553_BRANCH0_593,1,0.00615446,1
553_BRANCH0_593,0,0.00711905,1
553,1,0.00599739,1
553,0,0.00712194,1
557_BRANCH0_600,1,0.0061307,1
557_BRANCH0_600,0,0.00707804,1
557,1,0.0062615,1
557,0,0.00692002,1
561_BRANCH0_609,1,0.00622095,1
561_BRANCH0_609,0,0.00722507,1
561_BRANCH0_615,1,0.00611086,1
561_BRANCH0_615,0,0.00696724,1
837,1,0.00606156,1
837,0,0.00506389,1
561,1,0.00595388,1
561,0,0.00710973,1
565_BRANCH0_616,1,0.00601227,1
565_BRANCH0_616,0,0.00723266,1
593_BRANCH0_665,1,0.00622946,1
593_BRANCH0_665,0,0.00610604,1
565_BRANCH0_619,1,0.00608408,1
565_BRANCH0_619,0,0.00722138,1
565,1,0.0061191,1
565,0,0.00711333,1
569_BRANCH0_628,1,0.00555111,1
569_BRANCH0_628,0,0.00719839,1
569_BRANCH0_631,1,0.00545886,1
569_BRANCH0_631,0,0.00686313,1
717_BRANCH0_793,1,0.0054226,1
717_BRANCH0_793,0,0.00590283,1
573_BRANCH0_632,1,0.00544971,1
573_BRANCH0_632,0,0.00701049,1
573_BRANCH0_635,1,0.00561367,1
573_BRANCH0_635,0,0.00715009,1
573_BRANCH0_640,1,0.0054531,1
573_BRANCH0_640,0,0.00685573,1
628,1,0.00555084,1
628,0,0.00625775,1
717,1,0.00555986,1
717,0,0.0059844,1
760,1,0.00535803,1
760,0,0.00676083,1
573,1,0.00547545,1
573,0,0.00687399,1
682_BRANCH0_742,1,0.00678922,1
682_BRANCH0_742,0,0.00588541,1
577_BRANCH0_641,1,0.0053916,1
577_BRANCH0_641,0,0.00703084,1
581_BRANCH0_651,1,0.00544874,1
581_BRANCH0_651,0,0.00694459,1
581_BRANCH0_654,1,0.00545072,1
581_BRANCH0_654,0,0.00698865,1
660,1,0.00496358,1
660,0,0.0048066,1
581_BRANCH0_659,1,0.00526922,1
581_BRANCH0_659,0,0.00688614,1
585,1,0.0058404,1
585,0,0.00580834,1
586,1,0.00577225,1
586,0,0.00576824,1
588,1,0.004852,1
588,0,0.00564257,1
590_BRANCH0_662,1,0.00692767,1
590_BRANCH0_662,0,0.00593183,1
590_BRANCH0_665,1,0.00703574,1
590_BRANCH0_665,0,0.00592944,1
619_BRANCH0_812,1,0.00606125,1
619_BRANCH0_812,0,0.0062088,1
596,1,0.00611586,1
596,0,0.00686642,1
597_BRANCH0_670,1,0.00704607,1
597_BRANCH0_670,0,0.00616334,1
735,1,0.00715425,1
735,0,0.0062641,1
597_BRANCH0_673,1,0.006759,1
597_BRANCH0_673,0,0.00612803,1
597,1,0.00695082,1
597,0,0.00613501,1
600_BRANCH0_766,1,0.00644184,1
600_BRANCH0_766,0,0.00790031,1
665_BRANCH0_736,1,0.006804,1
665_BRANCH0_736,0,0.00578267,1
708_BRANCH0_790,1,0.00527102,1
708_BRANCH0_790,0,0.00608965,1
600_BRANCH0_814,1,0.00616992,1
600_BRANCH0_814,0,0.00708971,1
600,1,0.00633991,1
600,0,0.00613517,1
697_BRANCH0_749,1,0.00546873,1
697_BRANCH0_749,0,0.00695311,1
605,1,0.00610297,1
605,0,0.00688377,1
606_BRANCH0_682,1,0.00732071,1
606_BRANCH0_682,0,0.00607992,1
609_BRANCH0_682,1,0.00611988,1
609_BRANCH0_682,0,0.00605952,1
794,1,0.00542095,1
794,0,0.00550747,1
609_BRANCH0_764,1,0.00794913,1
609_BRANCH0_764,0,0.00623683,1
609_BRANCH0_766,1,0.00806507,1
609_BRANCH0_766,0,0.00616722,1
670_BRANCH0_738,1,0.00608347,1
670_BRANCH0_738,0,0.0070223,1
834,1,0.00531526,1
834,0,0.00604801,1
609_BRANCH0_813,1,0.00617256,1
609_BRANCH0_813,0,0.00629557,1
609_BRANCH0_814,1,0.00620795,1
609_BRANCH0_814,0,0.00620725,1
631,1,0.00541653,1
631,0,0.00672213,1
819,1,0.00628967,1
819,0,0.00610923,1
862,1,0.00514284,1
862,0,0.00591786,1
609,1,0.00611829,1
609,0,0.00616361,1
615,1,0.00613527,1
615,0,0.00685703,1
616_BRANCH0_692,1,0.00726356,1
616_BRANCH0_692,0,0.00619232,1
766,1,0.00791413,1
766,0,0.00615294,1
616,1,0.00713438,1
616,0,0.00629572,1
844,1,0.00541687,1
844,0,0.00512686,1
619_BRANCH0_692,1,0.00609584,1
619_BRANCH0_692,0,0.00610595,1
866,1,0.00609269,1
866,0,0.00507713,1
619_BRANCH0_813,1,0.00614125,1
619_BRANCH0_813,0,0.00628722,1
624,1,0.00616977,1
624,0,0.00696995,1
625_BRANCH0_697,1,0.00710391,1
625_BRANCH0_697,0,0.00536757,1
625,1,0.00694365,1
625,0,0.00549681,1
628_BRANCH0_700,1,0.00546318,1
628_BRANCH0_700,0,0.00604867,1
628_BRANCH0_795,1,0.00562052,1
628_BRANCH0_795,0,0.0062605,1
632_BRANCH0_705,1,0.00715239,1
632_BRANCH0_705,0,0.00539117,1
641_BRANCH0_717,1,0.00702212,1
641_BRANCH0_717,0,0.0055119,1
635_BRANCH0_708,1,0.00544064,1
635_BRANCH0_708,0,0.0059931,1
635_BRANCH0_734,1,0.00555446,1
635_BRANCH0_734,0,0.00613159,1
773_BRANCH0_795,1,0.00570193,1
773_BRANCH0_795,0,0.00629663,1
635_BRANCH0_762,1,0.00570177,1
635_BRANCH0_762,0,0.00613288,1
635_BRANCH0_763,1,0.00562935,1
635_BRANCH0_763,0,0.00612395,1
635,1,0.00564786,1
635,0,0.0061446,1
641_BRANCH0_713,1,0.00718159,1
641_BRANCH0_713,0,0.00562134,1
641,1,0.00713171,1
641,0,0.00552214,1
822,1,0.00622275,1
822,0,0.00619878,1
644,1,0.0056432,1
644,0,0.00616753,1
650,1,0.00542312,1
650,0,0.00679682,1
651_BRANCH0_727,1,0.00719187,1
651_BRANCH0_727,0,0.0054008,1
651,1,0.00694318,1
651,0,0.00550398,1
654_BRANCH0_732,1,0.00553388,1
654_BRANCH0_732,0,0.00613972,1
654_BRANCH0_734,1,0.00567741,1
654_BRANCH0_734,0,0.00615719,1
659,1,0.00541706,1
659,0,0.00676837,1
661,1,0.00536017,1
661,0,0.0048828,1
662_BRANCH0_737,1,0.00659909,1
662_BRANCH0_737,0,0.00701466,1
819_BRANCH0_833,1,0.00607219,1
819_BRANCH0_833,0,0.00612037,1
662,1,0.00603278,1
662,0,0.00701951,1
670,1,0.00604115,1
670,0,0.00697681,1
673_BRANCH0_739,1,0.00692116,1
673_BRANCH0_739,0,0.00683303,1
673_BRANCH0_832,1,0.00617836,1
673_BRANCH0_832,0,0.00618891,1
673,1,0.00615341,1
673,0,0.00605143,1
677,1,0.00901708,1
677,0,0.00603558,1
678_BRANCH0_741,1,0.00605169,1
678_BRANCH0_741,0,0.00718389,1
678_BRANCH0_743,1,0.00666084,1
678_BRANCH0_743,0,0.00693053,1
678,1,0.00594992,1
678,0,0.00707082,1
682_BRANCH0_835,1,0.0060993,1
682_BRANCH0_835,0,0.00601198,1
686,1,0.00895123,1
686,0,0.00596019,1
852,1,0.00514867,1
852,0,0.00613529,1
687_BRANCH0_744,1,0.00639525,1
687_BRANCH0_744,0,0.00718836,1
687_BRANCH0_746,1,0.00669973,1
687_BRANCH0_746,0,0.00700581,1
687_BRANCH0_764,1,0.00595687,1
687_BRANCH0_764,0,0.00730035,1
687,1,0.00605805,1
687,0,0.00722574,1
692_BRANCH0_745,1,0.00684531,1
692_BRANCH0_745,0,0.00586521,1
692_BRANCH0_806,1,0.00619573,1
692_BRANCH0_806,0,0.00603871,1
692_BRANCH0_807,1,0.00614719,1
692_BRANCH0_807,0,0.00606915,1
692,1,0.0060773,1
692,0,0.0060945,1
697_BRANCH0_747,1,0.0055247,1
697_BRANCH0_747,0,0.00717369,1
697,1,0.00553205,1
697,0,0.00687206,1
700_BRANCH0_788,1,0.00557335,1
700_BRANCH0_788,0,0.00609056,1
700_BRANCH0_789,1,0.00550039,1
700_BRANCH0_789,0,0.00601888,1
758,1,0.00538644,1
758,0,0.00674816,1
700,1,0.00544615,1
700,0,0.0060142,1
704,1,0.00904765,1
704,0,0.00531707,1
705_BRANCH0_752,1,0.00528123,1
705_BRANCH0_752,0,0.00695052,1
708_BRANCH0_751,1,0.00532861,1
708_BRANCH0_751,0,0.00581997,1
713_BRANCH0_755,1,0.00534503,1
713_BRANCH0_755,0,0.00695406,1
713,1,0.00552121,1
713,0,0.00718272,1
722_BRANCH0_756,1,0.00557301,1
722_BRANCH0_756,0,0.0070452,1
722_BRANCH0_760,1,0.00547952,1
722_BRANCH0_760,0,0.00690648,1
722_BRANCH0_761,1,0.0055434,1
722_BRANCH0_761,0,0.00706988,1
722,1,0.00567222,1
722,0,0.00719595,1
727,1,0.00549006,1
727,0,0.00581531,1
732,1,0.00603223,1
732,0,0.0055169,1
734,1,0.00612682,1
734,0,0.00556967,1
736,1,0.00598018,1
736,0,0.00564821,1
738,1,0.00708809,1
738,0,0.00631446,1
741,1,0.00704009,1
741,0,0.00614686,1
812,1,0.00617748,1
812,0,0.00550441,1
742,1,0.0060891,1
742,0,0.00582546,1
743,1,0.00600283,1
743,0,0.00669018,1
870,1,0.00613718,1
870,0,0.00506829,1
744,1,0.00709961,1
744,0,0.00634652,1
745,1,0.00600337,1
745,0,0.00577568,1
746,1,0.00593997,1
746,0,0.00678029,1
749,1,0.00554809,1
749,0,0.00672892,1
753,1,0.0071877,1
753,0,0.00561513,1
754,1,0.00534294,1
754,0,0.00603233,1
756,1,0.00711758,1
756,0,0.0055139,1
757,1,0.0058875,1
757,0,0.00525977,1
759,1,0.00524934,1
759,0,0.00578334,1
762,1,0.0062292,1
762,0,0.00560567,1
764,1,0.00615845,1
764,0,0.00627719,1
767,1,0.00512123,1
767,0,0.00483829,1
772,1,0.00590262,1
772,0,0.00599745,1
773_BRANCH0_788,1,0.00550322,1
773_BRANCH0_788,0,0.00597284,1
808,1,0.00545301,1
808,0,0.00586433,1
773_BRANCH0_789,1,0.00563563,1
773_BRANCH0_789,0,0.00610993,1
789,1,0.00551034,1
789,0,0.00603257,1
879,1,0.00610466,1
879,0,0.0050834,1
778_BRANCH0_790,1,0.00563938,1
778_BRANCH0_790,0,0.00605753,1
778,1,0.00573089,1
778,0,0.00617248,1
782_BRANCH0_792,1,0.00553082,1
782_BRANCH0_792,0,0.00601375,1
782,1,0.00555019,1
782,0,0.00616374,1
786,1,0.00542756,1
786,0,0.00576485,1
787,1,0.00604854,1
787,0,0.00540111,1
795,1,0.00614674,1
795,0,0.00569129,1
796_BRANCH0_807,1,0.00550709,1
796_BRANCH0_807,0,0.00616896,1
796_BRANCH0_812,1,0.00565548,1
796_BRANCH0_812,0,0.00627095,1
796_BRANCH0_813,1,0.00571606,1
796_BRANCH0_813,0,0.00629522,1
796_BRANCH0_814,1,0.00573125,1
796_BRANCH0_814,0,0.00628158,1
796,1,0.0057163,1
796,0,0.00629288,1
802,1,0.00561078,1
802,0,0.00523818,1
803,1,0.0054922,1
803,0,0.00520306,1
804,1,0.00548982,1
804,0,0.00531562,1
805,1,0.00584504,1
805,0,0.00606229,1
806,1,0.00520346,1
806,0,0.00613579,1
815_BRANCH0_830,1,0.0062456,1
815_BRANCH0_830,0,0.00701353,1
815_BRANCH0_831,1,0.00629192,1
815_BRANCH0_831,0,0.00715178,1
819_BRANCH0_832,1,0.00620315,1
819_BRANCH0_832,0,0.00611188,1
829,1,0.00519402,1
829,0,0.006055,1
830,1,0.00511791,1
830,0,0.00620167,1
831,1,0.00627825,1
831,0,0.00602128,1
833,1,0.00614775,1
833,0,0.00696,1
835,1,0.00624104,1
835,0,0.00612162,1
838,1,0.00601442,1
838,0,0.00512495,1
842,1,0.0060539,1
842,0,0.00510916,1
851,1,0.00513097,1
851,0,0.005825,1
854,1,0.00607639,1
854,0,0.00507216,1
855,1,0.00601921,1
855,0,0.00512729,1
858,1,0.00597644,1
858,0,0.00509243,1
859,1,0.00598384,1
859,0,0.00594399,1
860,1,0.00590849,1
860,0,0.00599922,1
861,1,0.00587803,1
861,0,0.00587276,1
863,1,0.00604707,1
863,0,0.00511168,1
867,1,0.00585311,1
867,0,0.00498815,1
868,1,0.00586407,1
868,0,0.00499061,1
869,1,0.0058136,1
869,0,0.00499205,1
877,1,0.00583609,1
877,0,0.00498994,1
878,1,0.0058708,1
878,0,0.00500246,1
880,1,0.00585807,1
880,0,0.00501197,1
