0.00288976
16_BRANCH0_22,1,0.000188287,1
16_BRANCH0_22,0,7.0238e-05,1
11,1,0.00010623,1
11,0,8.8567e-05,1
11_BRANCH0_19,1,8.0226e-05,1
11_BRANCH0_19,0,8.5476e-05,1
11_BRANCH0_16,1,8.099e-05,1
11_BRANCH0_16,0,6.3237e-05,1
7,1,7.6698e-05,1
7,0,7.3967e-05,1
6,1,9.6015e-05,1
6,0,0.000101492,1
19,1,8.4969e-05,1
19,0,5.8985e-05,1
3_BRANCH0_11,1,9.6273e-05,1
3_BRANCH0_11,0,9.3477e-05,1
16_BRANCH0_23,1,8.2498e-05,1
16_BRANCH0_23,0,9.3426e-05,1
10,1,8.0579e-05,1
10,0,6.0894e-05,1
3_BRANCH0_10,1,7.2942e-05,1
3_BRANCH0_10,0,7.2106e-05,1
2,1,7.2871e-05,1
2,0,7.5332e-05,1
3,1,0.000117888,1
3,0,0.000123616,1
16,1,8.5017e-05,1
16,0,7.734e-05,1
1,1,7.0736e-05,1
1,0,7.3008e-05,1
22,1,5.765e-05,1
22,0,6.8622e-05,1
23,1,9.3296e-05,1
23,0,6.6811e-05,1
