427.143
254,1,0.0059946,1
254,0,0.00523552,1
415,1,0.00481566,1
415,0,0.00593983,1
250,1,0.00482718,1
250,0,0.0315404,1
341,1,0.00478621,1
341,0,0.00444816,1
247,1,0.00516749,1
247,0,0.00425677,1
236_BRANCH0_273,1,0.00503505,1
236_BRANCH0_273,0,0.00464252,1
247_BRANCH0_282,1,0.00503337,1
247_BRANCH0_282,0,0.00464551,1
246,1,0.00473632,1
246,0,0.00513288,1
157,1,0.00464378,1
157,0,0.0046554,1
30_BRANCH0_386,1,0.0311466,1
30_BRANCH0_386,0,0.0315138,1
243_BRANCH0_293,1,0.00494604,1
243_BRANCH0_293,0,0.00484392,1
273_BRANCH0_296,1,0.00472044,1
273_BRANCH0_296,0,0.0046367,1
243_BRANCH0_279,1,0.00508132,1
243_BRANCH0_279,0,0.00467493,1
239,1,0.00506319,1
239,0,0.00429381,1
239_BRANCH0_276,1,0.00506649,1
239_BRANCH0_276,0,0.00467503,1
236,1,0.00508075,1
236,0,0.00430434,1
411_BRANCH0_416,1,0.649265,1
411_BRANCH0_416,0,0.358106,1
233_BRANCH0_270,1,0.00516977,1
233_BRANCH0_270,0,0.00468921,1
230,1,0.00508872,1
230,0,0.00429999,1
199_BRANCH0_223,1,0.00426623,1
199_BRANCH0_223,0,0.00563744,1
230_BRANCH0_289,1,0.00494343,1
230_BRANCH0_289,0,0.00491288,1
230_BRANCH0_267,1,0.00516915,1
230_BRANCH0_267,0,0.00471663,1
27,1,0.00481095,1
27,0,0.00489576,1
224,1,0.187811,1
224,0,0.00434353,1
134,1,0.00509229,1
134,0,0.00519399,1
223,1,0.00562412,1
223,0,0.00434559,1
130,1,0.00512896,1
130,0,0.00514038,1
213_BRANCH0_259,1,0.00574022,1
213_BRANCH0_259,0,13.6353,0
213_BRANCH0_254,1,0.0231324,1
213_BRANCH0_254,0,0.00491084,1
213_BRANCH0_242,1,0.188593,1
213_BRANCH0_242,0,0.00524947,1
203,1,0.00570078,1
203,0,0.00489023,1
203_BRANCH0_251,1,0.00574799,1
203_BRANCH0_251,0,0.00484212,1
191,1,0.00475053,1
191,0,0.00475672,1
203_BRANCH0_243,1,0.00699028,1
203_BRANCH0_243,0,0.00486046,1
171_BRANCH0_239,1,0.0051086,1
171_BRANCH0_239,0,0.187484,1
416,1,0.00483671,1
416,0,0.34344,1
251_BRANCH0_295,1,0.00503992,1
251_BRANCH0_295,0,0.00494744,1
203_BRANCH0_236,1,0.0133549,1
203_BRANCH0_236,0,0.00486965,1
203_BRANCH0_230,1,0.0454207,1
203_BRANCH0_230,0,0.00487618,1
203_BRANCH0_227,1,0.0916422,1
203_BRANCH0_227,0,0.00484606,1
257,1,0.00486006,1
257,0,0.0063955,1
138,1,0.00527023,1
138,0,0.00525388,1
34_BRANCH0_185,1,0.0047934,1
34_BRANCH0_185,0,0.00477452,1
66_BRANCH0_375,1,0.0239192,1
66_BRANCH0_375,0,0.00956188,1
203_BRANCH0_224,1,0.18895,1
203_BRANCH0_224,0,0.00492085,1
40_BRANCH0_373,1,0.152733,1
40_BRANCH0_373,0,0.0130369,1
199,1,0.0043729,1
199,0,0.0057113,1
69_BRANCH0_139,1,0.00468638,1
69_BRANCH0_139,0,0.00510883,1
86_BRANCH0_345,1,0.00603342,1
86_BRANCH0_345,0,0.0049531,1
296_BRANCH0_329,1,0.00443408,1
296_BRANCH0_329,0,0.00466641,1
197,1,0.00473956,1
197,0,0.00476217,1
196,1,0.00521989,1
196,0,0.00499122,1
123_BRANCH0_184,1,0.00500716,1
123_BRANCH0_184,0,0.00528246,1
195,1,0.00526241,1
195,0,0.00476172,1
192,1,0.0052677,1
192,0,0.00501214,1
189,1,0.00489587,1
189,0,0.00472815,1
308,1,0.00463744,1
308,0,0.00494543,1
203_BRANCH0_233,1,0.0233632,1
203_BRANCH0_233,0,0.00492299,1
386_BRANCH0_416,1,0.619444,1
386_BRANCH0_416,0,0.329116,1
386_BRANCH0_425,1,0.00571244,1
386_BRANCH0_425,0,0.00740281,1
187,1,0.00475389,1
187,0,0.0047303,1
158,1,0.00531013,1
158,0,0.00491681,1
251_BRANCH0_285,1,0.00533537,1
251_BRANCH0_285,0,0.00476898,1
184,1,0.00516047,1
184,0,0.0049445,1
285_BRANCH0_296,1,0.00492242,1
285_BRANCH0_296,0,0.00471078,1
183,1,0.00476817,1
183,0,0.00470302,1
73,1,0.00489584,1
73,0,0.00494066,1
180_BRANCH0_251,1,0.00518508,1
180_BRANCH0_251,0,0.18929,1
263,1,0.00491197,1
263,0,0.0051436,1
180_BRANCH0_199,1,0.00610207,1
180_BRANCH0_199,0,0.00584483,1
177,1,0.00529317,1
177,0,0.00571773,1
139,1,0.00512488,1
139,0,0.00472868,1
309_BRANCH0_337,1,0.0176915,1
309_BRANCH0_337,0,0.00459956,1
227_BRANCH0_264,1,0.00522563,1
227_BRANCH0_264,0,0.00482773,1
168_BRANCH0_199,1,0.00635093,1
168_BRANCH0_199,0,0.00573973,1
174,1,0.00539574,1
174,0,0.00578012,1
34_BRANCH0_338,1,0.0848521,1
34_BRANCH0_338,0,0.00500915,1
174_BRANCH0_199,1,0.00605907,1
174_BRANCH0_199,0,0.00580003,1
171,1,0.00524189,1
171,0,0.0058013,1
95_BRANCH0_411,1,0.0059408,1
95_BRANCH0_411,0,0.00579865,1
174_BRANCH0_243,1,0.00526472,1
174_BRANCH0_243,0,0.188457,1
224_BRANCH0_263,1,0.189111,1
224_BRANCH0_263,0,0.00501175,1
180,1,0.00523372,1
180,0,0.00582556,1
168,1,0.00530117,1
168,0,0.00574139,1
165,1,0.0052847,1
165,0,0.00571802,1
162,1,0.00523706,1
162,0,0.00575314,1
159_BRANCH0_227,1,0.00523016,1
159_BRANCH0_227,0,0.188826,1
21_BRANCH0_183,1,0.00484914,1
21_BRANCH0_183,0,0.00472517,1
213_BRANCH0_256,1,0.00908817,1
213_BRANCH0_256,0,0.00501509,1
4,1,0.0102983,1
4,0,0.0103733,1
154,1,0.00523323,1
154,0,0.00578885,1
159_BRANCH0_199,1,0.00603767,1
159_BRANCH0_199,0,0.00581538,1
194,1,0.00519032,1
194,0,0.0051222,1
154_BRANCH0_199,1,0.00607619,1
154_BRANCH0_199,0,0.0058112,1
151,1,0.00481071,1
151,0,0.00476908,1
47_BRANCH0_340,1,0.0348422,1
47_BRANCH0_340,0,0.00501592,1
122,1,0.00527123,1
122,0,0.00526198,1
151_BRANCH0_198,1,0.00506957,1
151_BRANCH0_198,0,0.00530433,1
1_BRANCH0_242,1,0.153069,1
1_BRANCH0_242,0,0.00536566,1
47_BRANCH0_187,1,0.00479853,1
47_BRANCH0_187,0,0.00483003,1
150,1,0.00522409,1
150,0,0.00527959,1
147,1,0.00523352,1
147,0,0.00477851,1
147_BRANCH0_195,1,0.00483941,1
147_BRANCH0_195,0,0.00478506,1
233_BRANCH0_290,1,0.00511013,1
233_BRANCH0_290,0,0.00501451,1
146,1,0.0052813,1
146,0,0.00531439,1
360,1,0.0247359,1
360,0,2.53492,1
171_BRANCH0_199,1,0.00612478,1
171_BRANCH0_199,0,0.00583194,1
143_BRANCH0_194,1,0.00504737,1
143_BRANCH0_194,0,0.00521094,1
255,1,0.00507248,1
255,0,0.0206389,1
139_BRANCH0_191,1,0.00488507,1
139_BRANCH0_191,0,0.00470194,1
213_BRANCH0_255,1,0.013486,1
213_BRANCH0_255,0,0.00502636,1
79_BRANCH0_192,1,0.00497358,1
79_BRANCH0_192,0,0.00513506,1
199_BRANCH0_213,1,0.00512644,1
199_BRANCH0_213,0,0.00591454,1
340,1,0.00477287,1
340,0,0.00640992,1
348,1,0.00497163,1
348,0,0.00501217,1
135,1,0.00515657,1
135,0,0.00483483,1
213_BRANCH0_250,1,0.0453957,1
213_BRANCH0_250,0,0.00503516,1
151_BRANCH0_197,1,0.00484337,1
151_BRANCH0_197,0,0.00484379,1
360_BRANCH0_373,1,0.402951,1
360_BRANCH0_373,0,0.161829,1
135_BRANCH0_190,1,0.00501786,1
135_BRANCH0_190,0,0.00533929,1
309_BRANCH0_332,1,0.282723,1
309_BRANCH0_332,0,0.00462714,1
350,1,0.0047341,1
350,0,0.00506149,1
135_BRANCH0_189,1,0.0048835,1
135_BRANCH0_189,0,0.0048058,1
131,1,0.00520203,1
131,0,0.00480297,1
127,1,0.00511293,1
127,0,0.00481061,1
335,1,0.00498486,1
335,0,0.00474718,1
227,1,0.00534175,1
227,0,0.00445061,1
213_BRANCH0_246,1,0.0930243,1
213_BRANCH0_246,0,0.0053184,1
79,1,0.0132688,1
79,0,0.0132158,1
177_BRANCH0_247,1,0.00525658,1
177_BRANCH0_247,0,0.18977,1
56,1,0.00645862,1
56,0,0.00648648,1
56_BRANCH0_168,1,0.00625587,1
56_BRANCH0_168,0,0.00543803,1
53,1,0.068671,1
53,0,0.0694489,1
159,1,0.00531978,1
159,0,0.00588309,1
8_BRANCH0_334,1,0.0437892,1
8_BRANCH0_334,0,0.00502486,1
53_BRANCH0_188,1,0.0050958,1
53_BRANCH0_188,0,0.00514941,1
50,1,0.0165642,1
50,0,0.016502,1
50_BRANCH0_255,1,0.0152053,1
50_BRANCH0_255,0,0.00533956,1
227_BRANCH0_288,1,0.00516992,1
227_BRANCH0_288,0,0.00504951,1
393_BRANCH0_429,1,31.9037,0
393_BRANCH0_429,0,0.00474257,1
50_BRANCH0_134,1,0.00531293,1
50_BRANCH0_134,0,0.00520751,1
27_BRANCH0_184,1,0.00506458,1
27_BRANCH0_184,0,0.00512116,1
40,1,0.173629,1
40,0,0.174698,1
309_BRANCH0_335,1,0.0410118,1
309_BRANCH0_335,0,0.0046808,1
73_BRANCH0_191,1,0.00487669,1
73_BRANCH0_191,0,0.00494048,1
247_BRANCH0_294,1,0.00516327,1
247_BRANCH0_294,0,0.00508864,1
37_BRANCH0_254,1,0.0271731,1
37_BRANCH0_254,0,0.00534943,1
224_BRANCH0_260,1,0.190185,1
224_BRANCH0_260,0,0.00483779,1
239_BRANCH0_292,1,0.00508654,1
239_BRANCH0_292,0,0.00506511,1
108_BRANCH0_414,1,6.55751,1
108_BRANCH0_414,0,0.729089,1
199_BRANCH0_203,1,0.0051028,1
199_BRANCH0_203,0,0.00587126,1
119,1,0.00517831,1
119,0,0.00482014,1
258,1,0.00495348,1
258,0,0.00572579,1
177_BRANCH0_199,1,0.0062138,1
177_BRANCH0_199,0,0.00578323,1
14,1,0.424172,1
14,0,0.42584,1
30,1,0.006523,1
30,0,0.00655703,1
319_BRANCH0_338,1,0.296087,1
319_BRANCH0_338,0,0.00475996,1
56_BRANCH0_399,1,0.0204261,1
56_BRANCH0_399,0,0.0200491,1
127_BRANCH0_186,1,0.00512867,1
127_BRANCH0_186,0,0.00539966,1
43_BRANCH0_393,1,0.00641626,1
43_BRANCH0_393,0,0.0065196,1
17,1,0.00646395,1
17,0,0.00649297,1
11,1,0.0844336,1
11,0,0.0844903,1
236_BRANCH0_291,1,0.00525682,1
236_BRANCH0_291,0,0.00508076,1
69_BRANCH0_404,1,0.00573776,1
69_BRANCH0_404,0,0.00578994,1
37_BRANCH0_130,1,0.00540647,1
37_BRANCH0_130,0,0.00534607,1
233,1,0.00530934,1
233,0,0.00449814,1
11_BRANCH0_122,1,0.0052372,1
11_BRANCH0_122,0,0.00538417,1
360_BRANCH0_376,1,0.0159254,1
360_BRANCH0_376,0,0.0109088,1
213_BRANCH0_257,1,0.00728008,1
213_BRANCH0_257,0,0.00508286,1
17_BRANCH0_123,1,0.00484142,1
17_BRANCH0_123,0,0.0051369,1
294,1,0.00506587,1
294,0,0.00477934,1
30_BRANCH0_127,1,0.00504681,1
30_BRANCH0_127,0,0.00550136,1
162_BRANCH0_199,1,0.00626103,1
162_BRANCH0_199,0,0.00617994,1
60,1,0.00506425,1
60,0,0.00509582,1
105_BRANCH0_196,1,0.00512679,1
105_BRANCH0_196,0,0.00523951,1
267_BRANCH0_296,1,0.00510192,1
267_BRANCH0_296,0,0.00490825,1
56_BRANCH0_135,1,0.00485546,1
56_BRANCH0_135,0,0.00517493,1
418,1,0.00474579,1
418,0,0.00581116,1
24,1,0.0467,1
24,0,0.0486712,1
63_BRANCH0_256,1,0.0104871,1
63_BRANCH0_256,0,0.00546882,1
168_BRANCH0_236,1,0.00539901,1
168_BRANCH0_236,0,0.191665,1
347,1,25.0038,0
347,0,0.728413,1
60_BRANCH0_189,1,0.00501128,1
60_BRANCH0_189,0,0.0049267,1
24_BRANCH0_250,1,0.047072,1
24_BRANCH0_250,0,0.00541697,1
127_BRANCH0_185,1,0.00495709,1
127_BRANCH0_185,0,0.00510193,1
213_BRANCH0_258,1,0.00606501,1
213_BRANCH0_258,0,0.00513785,1
256,1,0.00500149,1
256,0,0.00582378,1
34,1,0.00500057,1
34,0,0.00500663,1
259,1,13.6288,0
259,0,0.730785,1
37,1,0.0278393,1
37,0,0.0277406,1
89_BRANCH0_146,1,0.00540077,1
89_BRANCH0_146,0,0.0053776,1
119_BRANCH0_158,1,0.00497405,1
119_BRANCH0_158,0,0.00542773,1
1,1,0.154329,1
1,0,0.154258,1
76_BRANCH0_257,1,0.0070734,1
76_BRANCH0_257,0,0.00539124,1
43_BRANCH0_131,1,0.00485163,1
43_BRANCH0_131,0,0.00521614,1
17_BRANCH0_381,1,0.00536558,1
17_BRANCH0_381,0,0.00541873,1
4_BRANCH0_154,1,0.00619614,1
4_BRANCH0_154,0,0.00547289,1
63,1,0.0107886,1
63,0,0.0106269,1
123,1,0.00518134,1
123,0,0.00486186,1
14_BRANCH0_371,1,0.328146,1
14_BRANCH0_371,0,0.334237,1
147_BRANCH0_196,1,0.00518953,1
147_BRANCH0_196,0,0.00539193,1
99_BRANCH0_346,1,0.00550842,1
99_BRANCH0_346,0,0.00518659,1
353,1,0.0048093,1
353,0,0.00512363,1
82_BRANCH0_143,1,0.00486715,1
82_BRANCH0_143,0,0.00521336,1
354,1,0.00472706,1
354,0,0.0051244,1
126,1,0.00529808,1
126,0,0.00537407,1
30_BRANCH0_162,1,0.00626135,1
30_BRANCH0_162,0,0.00547861,1
165_BRANCH0_199,1,0.00625237,1
165_BRANCH0_199,0,0.00584964,1
285_BRANCH0_343,1,0.0051199,1
285_BRANCH0_343,0,0.82549,1
53_BRANCH0_374,1,0.0634688,1
53_BRANCH0_374,0,0.019092,1
1_BRANCH0_118,1,0.00528254,1
1_BRANCH0_118,0,0.00537335,1
143,1,0.00529341,1
143,0,0.00486794,1
304,1,0.00475847,1
304,0,0.00509884,1
112_BRANCH0_347,1,0.00514181,1
112_BRANCH0_347,0,22.4905,0
60_BRANCH0_342,1,0.0152225,1
60_BRANCH0_342,0,0.00510777,1
330,1,0.00510223,1
330,0,0.00503945,1
86,1,0.00504901,1
86,0,0.00508655,1
243,1,0.00544458,1
243,0,0.00452019,1
17_BRANCH0_159,1,0.00613979,1
17_BRANCH0_159,0,0.00546981,1
92_BRANCH0_194,1,0.00516926,1
92_BRANCH0_194,0,0.00511166,1
43,1,0.00660029,1
43,0,0.00656297,1
8_BRANCH0_157,1,0.00492339,1
8_BRANCH0_157,0,0.00489293,1
198,1,0.00539597,1
198,0,0.00512795,1
8,1,0.0440475,1
8,0,0.043414,1
21_BRANCH0_336,1,0.0050693,1
21_BRANCH0_336,0,0.00512797,1
21,1,0.00497121,1
21,0,0.00486828,1
339,1,0.00505481,1
339,0,0.0047308,1
105,1,0.00678692,1
105,0,0.00681626,1
43_BRANCH0_165,1,0.00624531,1
43_BRANCH0_165,0,0.00552945,1
143_BRANCH0_193,1,0.00488836,1
143_BRANCH0_193,0,0.00498748,1
82,1,0.00639198,1
82,0,0.0065502,1
24_BRANCH0_126,1,0.00537422,1
24_BRANCH0_126,0,0.00538088,1
92_BRANCH0_377,1,0.0111872,1
92_BRANCH0_377,0,0.00991003,1
4_BRANCH0_119,1,0.00492435,1
4_BRANCH0_119,0,0.00517252,1
260_BRANCH0_296,1,0.00492658,1
260_BRANCH0_296,0,0.00489613,1
289,1,0.00505666,1
289,0,0.00483289,1
27_BRANCH0_372,1,0.00489204,1
27_BRANCH0_372,0,0.00506355,1
407_BRANCH0_429,1,0.00589693,1
407_BRANCH0_429,0,0.00492714,1
193,1,0.00490557,1
193,0,0.00488954,1
190,1,0.00539937,1
190,0,0.00534698,1
139_BRANCH0_192,1,0.00551175,1
139_BRANCH0_192,0,0.00575571,1
306,1,0.00502321,1
306,0,0.00513352,1
404_BRANCH0_418,1,0.00588003,1
404_BRANCH0_418,0,0.00475765,1
432,1,0.00471025,1
432,0,0.00477206,1
63_BRANCH0_138,1,0.00529978,1
63_BRANCH0_138,0,0.00538015,1
47,1,0.00505664,1
47,0,0.00502646,1
105_BRANCH0_378,1,0.00669032,1
105_BRANCH0_378,0,0.00638508,1
203_BRANCH0_239,1,0.00921374,1
203_BRANCH0_239,0,0.00505909,1
102_BRANCH0_259,1,0.00489161,1
102_BRANCH0_259,0,13.4738,0
66_BRANCH0_190,1,0.00509491,1
66_BRANCH0_190,0,0.00519411,1
273_BRANCH0_335,1,0.00512762,1
273_BRANCH0_335,0,0.797046,1
142,1,0.00546722,1
142,0,0.00537487,1
307,1,0.00472267,1
307,0,0.00511028,1
393,1,0.00653855,1
393,0,0.00884446,1
66,1,0.0265287,1
66,0,0.0264513,1
186,1,0.00544731,1
186,0,0.00508477,1
108_BRANCH0_180,1,0.00637028,1
108_BRANCH0_180,0,0.00531518,1
99_BRANCH0_195,1,0.00503245,1
99_BRANCH0_195,0,0.0048586,1
112_BRANCH0_197,1,0.00499771,1
112_BRANCH0_197,0,0.00499455,1
11_BRANCH0_246,1,0.0835788,1
11_BRANCH0_246,0,0.00545642,1
185,1,0.00490765,1
185,0,0.00485395,1
273,1,0.00496395,1
273,0,0.00491808,1
213,1,0.00633086,1
213,0,0.00517441,1
345,1,0.00484623,1
345,0,0.00662068,1
131_BRANCH0_188,1,0.00518594,1
131_BRANCH0_188,0,0.00531779,1
69_BRANCH0_171,1,0.00635721,1
69_BRANCH0_171,0,0.00547181,1
69,1,0.00687543,1
69,0,0.0068329,1
404,1,0.00585861,1
404,0,0.00477116,1
14_BRANCH0_158,1,0.00494773,1
14_BRANCH0_158,0,0.0051345,1
95,1,0.00741611,1
95,0,0.00736263,1
73_BRANCH0_344,1,0.00863581,1
73_BRANCH0_344,0,0.00519201,1
99,1,0.00512367,1
99,0,0.00512017,1
162_BRANCH0_230,1,0.00533794,1
162_BRANCH0_230,0,0.190359,1
360_BRANCH0_378,1,0.00577591,1
360_BRANCH0_378,0,0.00652409,1
76_BRANCH0_142,1,0.00530889,1
76_BRANCH0_142,0,0.00541459,1
346,1,0.00486637,1
346,0,0.00586065,1
4_BRANCH0_380,1,0.00590607,1
4_BRANCH0_380,0,0.00603302,1
92,1,0.011776,1
92,0,0.0114544,1
82_BRANCH0_174,1,0.00619252,1
82_BRANCH0_174,0,0.00548385,1
89_BRANCH0_258,1,0.00581588,1
89_BRANCH0_258,0,0.00534605,1
381_BRANCH0_416,1,0.624202,1
381_BRANCH0_416,0,0.330149,1
82_BRANCH0_407,1,0.00651529,1
82_BRANCH0_407,0,0.00653043,1
301,1,0.00480073,1
301,0,0.00512105,1
86_BRANCH0_193,1,0.00509816,1
86_BRANCH0_193,0,0.00489189,1
309_BRANCH0_341,1,0.00641258,1
309_BRANCH0_341,0,0.00470437,1
89,1,0.00595002,1
89,0,0.00600583,1
260_BRANCH0_330,1,0.00517172,1
260_BRANCH0_330,0,0.00504818,1
285,1,0.00492212,1
285,0,0.00492145,1
309_BRANCH0_331,1,0.794753,1
309_BRANCH0_331,0,0.00474725,1
251,1,0.00542001,1
251,0,0.00449995,1
386,1,0.0317932,1
386,0,0.0126253,1
95_BRANCH0_147,1,0.00484073,1
95_BRANCH0_147,0,0.00523817,1
276_BRANCH0_337,1,0.00509096,1
276_BRANCH0_337,0,0.794866,1
102,1,0.00454464,1
102,0,0.00442464,1
379,1,84.0684,0
379,0,0.732493,1
95_BRANCH0_177,1,0.00640012,1
95_BRANCH0_177,0,0.00543215,1
319_BRANCH0_336,1,0.834667,1
319_BRANCH0_336,0,0.0241029,1
404_BRANCH0_416,1,0.639267,1
404_BRANCH0_416,0,0.335721,1
154_BRANCH0_224,1,0.0054366,1
154_BRANCH0_224,0,0.190923,1
242,1,0.00549463,1
242,0,0.00597219,1
342,1,0.00482396,1
342,0,0.0206186,1
360_BRANCH0_377,1,0.0076983,1
360_BRANCH0_377,0,0.0110515,1
102_BRANCH0_150,1,0.00531206,1
102_BRANCH0_150,0,0.00538783,1
381_BRANCH0_432,1,0.00549338,1
381_BRANCH0_432,0,0.00473288,1
188,1,0.00537814,1
188,0,0.00511709,1
333,1,0.00521826,1
333,0,0.00474341,1
108_BRANCH0_151,1,0.00492231,1
108_BRANCH0_151,0,0.00490028,1
115_BRANCH0_198,1,0.00551646,1
115_BRANCH0_198,0,0.00528809,1
203_BRANCH0_247,1,0.00610438,1
203_BRANCH0_247,0,0.00505551,1
131_BRANCH0_187,1,0.00489356,1
131_BRANCH0_187,0,0.00489578,1
76,1,0.00757136,1
76,0,0.00753783,1
108,1,2.4186,1
108,0,2.43103,1
112,1,0.00518465,1
112,0,0.00516889,1
115_BRANCH0_379,1,0.0052009,1
115_BRANCH0_379,0,51.0241,0
319_BRANCH0_334,1,0.0050584,1
319_BRANCH0_334,0,0.00472808,1
378,1,0.0065545,1
378,0,0.00580195,1
115,1,0.00547204,1
115,0,0.00528089,1
118,1,0.00535535,1
118,0,0.00538793,1
332,1,0.00516161,1
332,0,0.00474527,1
386_BRANCH0_431,1,0.00582961,1
386_BRANCH0_431,0,0.00476052,1
119_BRANCH0_157,1,0.00481237,1
119_BRANCH0_157,0,0.00489231,1
79_BRANCH0_376,1,0.0108997,1
79_BRANCH0_376,0,0.00693852,1
393_BRANCH0_425,1,0.00591517,1
393_BRANCH0_425,0,0.0074955,1
123_BRANCH0_183,1,0.00520833,1
123_BRANCH0_183,0,0.00492975,1
165_BRANCH0_233,1,0.00535255,1
165_BRANCH0_233,0,0.190035,1
334,1,0.00512408,1
334,0,0.00470407,1
40_BRANCH0_186,1,0.00506916,1
40_BRANCH0_186,0,0.00521551,1
422_BRANCH0_432,1,0.0315021,1
422_BRANCH0_432,0,0.0047441,1
260,1,0.00504863,1
260,0,0.00494222,1
264_BRANCH0_296,1,0.00494283,1
264_BRANCH0_296,0,0.00492522,1
300,1,0.0052,1
300,0,0.00515018,1
264_BRANCH0_331,1,0.00515288,1
264_BRANCH0_331,0,0.796572,1
264,1,0.00500142,1
264,0,0.00492442,1
357,1,0.00447509,1
357,0,0.00509342,1
267_BRANCH0_332,1,0.00506557,1
267_BRANCH0_332,0,0.792353,1
267,1,0.00503933,1
267,0,0.0049044,1
270_BRANCH0_296,1,0.00488921,1
270_BRANCH0_296,0,0.00491964,1
352,1,0.00471303,1
352,0,0.00527926,1
270_BRANCH0_333,1,0.00533963,1
270_BRANCH0_333,0,0.792369,1
425_BRANCH0_432,1,0.00757158,1
425_BRANCH0_432,0,0.0047483,1
270,1,0.0049435,1
270,0,0.00497111,1
276_BRANCH0_296,1,0.00488512,1
276_BRANCH0_296,0,0.00492793,1
276,1,0.00492464,1
276,0,0.00493872,1
309_BRANCH0_330,1,0.0049829,1
309_BRANCH0_330,0,0.00470257,1
411_BRANCH0_420,1,0.00588361,1
411_BRANCH0_420,0,0.00476872,1
279_BRANCH0_296,1,0.00490845,1
279_BRANCH0_296,0,0.00496766,1
279_BRANCH0_339,1,0.00505289,1
279_BRANCH0_339,0,0.805793,1
279,1,0.00497474,1
279,0,0.00518411,1
282_BRANCH0_296,1,0.00493587,1
282_BRANCH0_296,0,0.00492372,1
282_BRANCH0_341,1,0.00507928,1
282_BRANCH0_341,0,0.801411,1
282,1,0.00499142,1
282,0,0.00500325,1
288,1,0.00502788,1
288,0,0.00484832,1
290,1,0.00514098,1
290,0,0.00483188,1
291,1,0.00512753,1
291,0,0.00483066,1
292,1,0.0051664,1
292,0,0.00487334,1
293,1,0.00513113,1
293,0,0.00486472,1
295,1,0.00512109,1
295,0,0.00482575,1
296_BRANCH0_309,1,0.00471671,1
296_BRANCH0_309,0,0.0050488,1
296_BRANCH0_319,1,0.00478314,1
296_BRANCH0_319,0,0.0199416,1
296,1,0.00449677,1
296,0,0.00490731,1
302,1,0.0047492,1
302,0,0.00512915,1
303,1,0.00483179,1
303,0,0.00513097,1
305,1,0.00483199,1
305,0,0.00513162,1
309_BRANCH0_333,1,0.104987,1
309_BRANCH0_333,0,0.00476229,1
309_BRANCH0_339,1,0.00955101,1
309_BRANCH0_339,0,0.00486973,1
399_BRANCH0_428,1,0.00595686,1
399_BRANCH0_428,0,0.00566406,1
309_BRANCH0_343,1,0.00503363,1
309_BRANCH0_343,0,0.00471671,1
319_BRANCH0_345,1,0.00973346,1
319_BRANCH0_345,0,0.00481315,1
309,1,0.00508901,1
309,0,0.00470449,1
319_BRANCH0_340,1,0.109046,1
319_BRANCH0_340,0,0.00486298,1
319_BRANCH0_342,1,0.0427735,1
319_BRANCH0_342,0,0.00482504,1
319_BRANCH0_344,1,0.0185634,1
319_BRANCH0_344,0,0.00486347,1
319_BRANCH0_346,1,0.00652879,1
319_BRANCH0_346,0,0.00481959,1
319_BRANCH0_347,1,0.00517578,1
319_BRANCH0_347,0,25.8085,0
331,1,0.00499535,1
331,0,0.0047111,1
319,1,0.0199897,1
319,0,0.00472878,1
329,1,0.005034,1
329,0,0.00450586,1
336,1,0.00462245,1
336,0,0.00546909,1
357_BRANCH0_360,1,2.54888,1
357_BRANCH0_360,0,0.0245115,1
337,1,0.00514769,1
337,0,0.00476257,1
338,1,0.00488809,1
338,0,0.0315602,1
343,1,0.00511094,1
343,0,0.00469799,1
344,1,0.00486763,1
344,0,0.00589751,1
386_BRANCH0_422,1,0.00620159,1
386_BRANCH0_422,0,0.0315276,1
349,1,0.0046879,1
349,0,0.00513626,1
351,1,0.00477293,1
351,0,0.00516937,1
355,1,0.00479954,1
355,0,0.00520266,1
356,1,0.00476064,1
356,0,0.00516198,1
357_BRANCH0_370,1,0.00455556,1
357_BRANCH0_370,0,0.00507296,1
360_BRANCH0_371,1,0.00526943,1
360_BRANCH0_371,0,0.347265,1
360_BRANCH0_372,1,1.65434,1
360_BRANCH0_372,0,0.004817,1
360_BRANCH0_374,1,0.095206,1
360_BRANCH0_374,0,0.0651784,1
360_BRANCH0_375,1,0.0499347,1
360_BRANCH0_375,0,0.024427,1
360_BRANCH0_379,1,6.54828,1
360_BRANCH0_379,0,88.2727,0
370,1,0.00503338,1
370,0,0.00455102,1
371,1,0.336211,1
371,0,0.0049228,1
372,1,0.0048307,1
372,0,0.00545685,1
373,1,0.166011,1
373,0,0.0314894,1
374,1,0.0677346,1
374,0,0.00658329,1
375,1,0.024523,1
375,0,0.0201709,1
376,1,0.010937,1
376,0,0.00585239,1
377,1,0.0110965,1
377,0,0.006557,1
380,1,0.00603789,1
380,0,0.00509658,1
381_BRANCH0_430,1,0.00581633,1
381_BRANCH0_430,0,0.00477368,1
381_BRANCH0_431,1,0.00579841,1
381_BRANCH0_431,0,0.00479975,1
381,1,0.00543653,1
381,0,0.00474498,1
386_BRANCH0_429,1,0.00589708,1
386_BRANCH0_429,0,0.00495887,1
386_BRANCH0_430,1,0.0057693,1
386_BRANCH0_430,0,0.00475346,1
393_BRANCH0_416,1,0.723361,1
393_BRANCH0_416,0,0.330985,1
393_BRANCH0_417,1,0.00592668,1
393_BRANCH0_417,0,0.00475159,1
393_BRANCH0_428,1,0.00583751,1
393_BRANCH0_428,0,0.00567157,1
399_BRANCH0_416,1,0.650474,1
399_BRANCH0_416,0,0.332243,1
399_BRANCH0_425,1,0.00593231,1
399_BRANCH0_425,0,0.00725367,1
399_BRANCH0_430,1,0.00577199,1
399_BRANCH0_430,0,0.00477411,1
399,1,0.0202643,1
399,0,0.00942977,1
407_BRANCH0_416,1,0.629436,1
407_BRANCH0_416,0,0.340218,1
407_BRANCH0_419,1,0.00605509,1
407_BRANCH0_419,0,0.00483586,1
407,1,0.00664523,1
407,0,0.00481423,1
411,1,0.00585979,1
411,0,0.00480888,1
414,1,0.736098,1
414,0,0.40362,1
417,1,0.00488443,1
417,0,0.00585274,1
419,1,0.00478545,1
419,0,0.00583937,1
420,1,0.00480744,1
420,0,0.00584201,1
421,1,0.113537,1
421,0,0.00511132,1
422_BRANCH0_430,1,0.0317919,1
422_BRANCH0_430,0,0.00479527,1
422,1,0.0317198,1
422,0,0.00478981,1
425_BRANCH0_431,1,0.00754625,1
425_BRANCH0_431,0,0.00478177,1
425,1,0.00763047,1
425,0,0.00479047,1
428,1,0.00571826,1
428,0,0.00478512,1
429,1,0.00497827,1
429,0,0.00477989,1
430,1,0.00481007,1
430,0,0.00520296,1
431,1,0.00499398,1
431,0,0.00505319,1
