0.00163634
16_BRANCH0_22,1,7.6984e-05,1
16_BRANCH0_22,0,4.2425e-05,1
11,1,5.7227e-05,1
11,0,3.958e-05,1
11_BRANCH0_19,1,5.3071e-05,1
11_BRANCH0_19,0,3.87e-05,1
11_BRANCH0_16,1,5.1671e-05,1
11_BRANCH0_16,0,3.8302e-05,1
7,1,5.4709e-05,1
7,0,5.2383e-05,1
6,1,5.2894e-05,1
6,0,5.3708e-05,1
19,1,3.8498e-05,1
19,0,3.2957e-05,1
3_BRANCH0_11,1,5.1051e-05,1
3_BRANCH0_11,0,5.4163e-05,1
16_BRANCH0_23,1,5.6861e-05,1
16_BRANCH0_23,0,3.2139e-05,1
10,1,4.9063e-05,1
10,0,3.2616e-05,1
3_BRANCH0_10,1,5.074e-05,1
3_BRANCH0_10,0,5.0513e-05,1
2,1,5.5095e-05,1
2,0,5.8355e-05,1
3,1,5.3852e-05,1
3,0,5.4344e-05,1
16,1,5.8051e-05,1
16,0,3.5748e-05,1
1,1,5.013e-05,1
1,0,5.0206e-05,1
22,1,3.1954e-05,1
22,0,3.2458e-05,1
23,1,3.7018e-05,1
23,0,5.8874e-05,1
