6.61542
539,1,0.00486578,1
539,0,0.00409603,1
298_BRANCH0_356,1,0.00246988,1
298_BRANCH0_356,0,0.00179835,1
530,1,0.00263484,1
530,0,0.00253256,1
530_BRANCH0_552,1,0.002637,1
530_BRANCH0_552,0,0.00281576,1
529,1,0.00823579,1
529,0,0.00288442,1
201_BRANCH0_654,1,0.00337097,1
201_BRANCH0_654,0,0.00358023,1
665_BRANCH0_830,1,0.00284968,1
665_BRANCH0_830,0,0.00340526,1
525,1,0.00316185,1
525,0,0.00794782,1
521,1,0.00325627,1
521,0,0.00270457,1
483_BRANCH0_516,1,0.00405556,1
483_BRANCH0_516,0,0.00366185,1
632,1,0.00318665,1
632,0,0.00312538,1
518,1,0.00325478,1
518,0,0.0025752,1
512,1,0.00297871,1
512,0,0.00440128,1
511,1,0.00331912,1
511,0,0.00336204,1
270_BRANCH0_344,1,0.00356469,1
270_BRANCH0_344,0,0.00191459,1
505,1,0.0037653,1
505,0,0.00273315,1
219_BRANCH0_794,1,0.00360587,1
219_BRANCH0_794,0,0.00327751,1
654_BRANCH0_727,1,0.00287229,1
654_BRANCH0_727,0,0.00261313,1
708,1,0.00277187,1
708,0,0.00302012,1
504,1,0.00292572,1
504,0,0.00353267,1
503,1,0.00352636,1
503,0,0.00269404,1
382_BRANCH0_416,1,0.00317578,1
382_BRANCH0_416,0,0.00318082,1
644_BRANCH0_733,1,0.00322061,1
644_BRANCH0_733,0,0.00344104,1
502,1,0.00282103,1
502,0,0.00352055,1
501,1,0.00305923,1
501,0,0.00259635,1
814,1,0.00375887,1
814,0,0.00298529,1
498,1,0.00318961,1
498,0,0.00280157,1
301,1,0.0036804,1
301,0,0.00314134,1
495_BRANCH0_521,1,0.00257299,1
495_BRANCH0_521,0,0.00263618,1
491,1,0.00871464,1
491,0,0.00384528,1
13_BRANCH0_280,1,0.00459689,1
13_BRANCH0_280,0,0.00472525,1
489,1,0.00719202,1
489,0,0.00305312,1
460_BRANCH0_498,1,0.00265738,1
460_BRANCH0_498,0,0.0026298,1
417,1,0.00281446,1
417,0,0.00356259,1
770,1,0.00277383,1
770,0,0.00267517,1
488,1,0.00670616,1
488,0,0.0031052,1
875,1,0.00295657,1
875,0,0.00202454,1
483,1,0.00340679,1
483,0,0.00299126,1
483_BRANCH0_510,1,0.00382648,1
483_BRANCH0_510,0,0.00310991,1
310_BRANCH0_369,1,0.00346999,1
310_BRANCH0_369,0,0.00335499,1
298_BRANCH0_355,1,0.00263541,1
298_BRANCH0_355,0,0.00161701,1
481,1,0.00309938,1
481,0,0.00617652,1
476,1,0.00274997,1
476,0,0.00660047,1
412,1,0.00369781,1
412,0,0.00317283,1
466,1,0.00290342,1
466,0,0.00389901,1
466_BRANCH0_517,1,0.00312051,1
466_BRANCH0_517,0,0.00355831,1
632_BRANCH0_708,1,0.00322995,1
632_BRANCH0_708,0,0.0029465,1
849,1,0.00309613,1
849,0,0.00249194,1
466_BRANCH0_508,1,0.00291424,1
466_BRANCH0_508,0,0.00377081,1
403,1,0.00119787,1
403,0,0.00160085,1
451_BRANCH0_528,1,0.00276161,1
451_BRANCH0_528,0,0.00746369,1
449,1,0.00157583,1
449,0,0.00526988,1
146,1,0.00374783,1
146,0,0.00334252,1
447,1,0.00122985,1
447,0,0.0025128,1
183_BRANCH0_526,1,0.00754652,1
183_BRANCH0_526,0,0.00832323,1
445,1,0.00286611,1
445,0,0.0029644,1
865,1,0.00339134,1
865,0,0.00205837,1
443,1,0.00409734,1
443,0,0.00360647,1
357_BRANCH0_406,1,0.00351336,1
357_BRANCH0_406,0,0.00328057,1
543,1,0.00313193,1
543,0,0.00307509,1
451_BRANCH0_522,1,0.00306427,1
451_BRANCH0_522,0,0.00755866,1
437,1,0.00691976,1
437,0,0.00333964,1
499,1,0.00299533,1
499,0,0.00285947,1
483_BRANCH0_514,1,0.00338732,1
483_BRANCH0_514,0,0.00378007,1
839,1,0.00293778,1
839,0,0.00200066,1
444,1,0.00271047,1
444,0,0.00327884,1
713_BRANCH0_762,1,0.00312354,1
713_BRANCH0_762,0,0.00351021,1
437_BRANCH0_490,1,0.00737916,1
437_BRANCH0_490,0,0.0032802,1
553_BRANCH0_596,1,0.003127,1
553_BRANCH0_596,0,0.00313004,1
450,1,0.00121374,1
450,0,0.00151642,1
437_BRANCH0_489,1,0.00660737,1
437_BRANCH0_489,0,0.00362104,1
325,1,0.00395309,1
325,0,0.00304031,1
437_BRANCH0_488,1,0.00676263,1
437_BRANCH0_488,0,0.00296493,1
111_BRANCH0_305,1,0.00379869,1
111_BRANCH0_305,0,0.00375047,1
432_BRANCH0_482,1,0.00303347,1
432_BRANCH0_482,0,0.00676889,1
577_BRANCH0_644,1,0.00379873,1
577_BRANCH0_644,0,0.0035334,1
432_BRANCH0_480,1,0.00331742,1
432_BRANCH0_480,0,0.00698883,1
357,1,0.00357818,1
357,0,0.00314463,1
135,1,0.00339668,1
135,0,0.00372379,1
189_BRANCH0_632,1,0.00384086,1
189_BRANCH0_632,0,0.0035469,1
644_BRANCH0_761,1,0.00306778,1
644_BRANCH0_761,0,0.00323372,1
442,1,0.00572566,1
442,0,0.00340121,1
432_BRANCH0_478,1,0.00323032,1
432_BRANCH0_478,0,0.00675207,1
17_BRANCH0_432,1,0.00752816,1
17_BRANCH0_432,0,0.00699503,1
427,1,0.00282675,1
427,0,0.00440878,1
513,1,0.00310519,1
513,0,0.00371673,1
427_BRANCH0_481,1,0.00319461,1
427_BRANCH0_481,0,0.0040187,1
135_BRANCH0_501,1,0.00351763,1
135_BRANCH0_501,0,0.00365056,1
752,1,0.00268889,1
752,0,0.00330632,1
427_BRANCH0_479,1,0.00312448,1
427_BRANCH0_479,0,0.00352943,1
427_BRANCH0_477,1,0.00324911,1
427_BRANCH0_477,0,0.00465293,1
267,1,0.00386307,1
267,0,0.00383797,1
286,1,0.00510837,1
286,0,0.00269777,1
533_BRANCH0_551,1,0.00286712,1
533_BRANCH0_551,0,0.00268827,1
177_BRANCH0_525,1,0.0077576,1
177_BRANCH0_525,0,0.00784924,1
121,1,0.00376204,1
121,0,0.00349037,1
507,1,0.00364812,1
507,0,0.00305296,1
425,1,0.00275936,1
425,0,0.00308501,1
510,1,0.0031331,1
510,0,0.00470533,1
171_BRANCH0_606,1,0.00434017,1
171_BRANCH0_606,0,0.00402484,1
781,1,0.00403977,1
781,0,0.00287276,1
424,1,0.00791298,1
424,0,0.00305527,1
423,1,0.00110322,1
423,0,0.00170338,1
828,1,0.00383625,1
828,0,0.0030297,1
492_BRANCH0_518,1,0.00296701,1
492_BRANCH0_518,0,0.00285571,1
422,1,0.00231675,1
422,0,0.00105969,1
354,1,0.00227723,1
354,0,0.00101016,1
421,1,0.00237574,1
421,0,0.00113379,1
420,1,0.00224333,1
420,0,0.00102504,1
843,1,0.00266729,1
843,0,0.00301166,1
419,1,0.00367674,1
419,0,0.0011869,1
414,1,0.00322047,1
414,0,0.00312189,1
727_BRANCH0_759,1,0.00297934,1
727_BRANCH0_759,0,0.00297676,1
495,1,0.00276708,1
495,0,0.00295847,1
80,1,0.00263063,1
80,0,0.00256164,1
682_BRANCH0_834,1,0.00260429,1
682_BRANCH0_834,0,0.00364827,1
722_BRANCH0_763,1,0.00346277,1
722_BRANCH0_763,0,0.00340448,1
411,1,0.00364886,1
411,0,0.00352163,1
410,1,0.00506804,1
410,0,0.00320897,1
687_BRANCH0_766,1,0.00295984,1
687_BRANCH0_766,0,0.00413511,1
409,1,0.00286431,1
409,0,0.00331402,1
407,1,0.0033638,1
407,0,0.00336108,1
219_BRANCH0_852,1,0.00365086,1
219_BRANCH0_852,0,0.0039727,1
237_BRANCH0_749,1,0.00353702,1
237_BRANCH0_749,0,0.00355514,1
406,1,0.00274822,1
406,0,0.00309039,1
390,1,0.00122518,1
390,0,0.0021428,1
319_BRANCH0_443,1,0.00537036,1
319_BRANCH0_443,0,0.00420951,1
479,1,0.0029664,1
479,0,0.00462351,1
404,1,0.00355569,1
404,0,0.00341378,1
446,1,0.0047545,1
446,0,0.00158348,1
402,1,0.00186007,1
402,0,0.00493163,1
297,1,0.00120992,1
297,0,0.00163121,1
393_BRANCH0_443,1,0.00319831,1
393_BRANCH0_443,0,0.00533048,1
393_BRANCH0_437,1,0.00443537,1
393_BRANCH0_437,0,0.00671417,1
392,1,0.00535411,1
392,0,0.00137504,1
873,1,0.00206298,1
873,0,0.0025949,1
451_BRANCH0_526,1,0.00299312,1
451_BRANCH0_526,0,0.00773655,1
773,1,0.00343803,1
773,0,0.00289651,1
389,1,0.00119041,1
389,0,0.00232583,1
385,1,0.00296789,1
385,0,0.0033615,1
385_BRANCH0_416,1,0.00334699,1
385_BRANCH0_416,0,0.00341202,1
478,1,0.00284397,1
478,0,0.00704956,1
541,1,0.00396037,1
541,0,0.00311361,1
379,1,0.00337871,1
379,0,0.00318924,1
51,1,0.00334527,1
51,0,0.00342442,1
379_BRANCH0_412,1,0.00331652,1
379_BRANCH0_412,0,0.00340023,1
514,1,0.00301,1
514,0,0.00460307,1
376_BRANCH0_413,1,0.00358768,1
376_BRANCH0_413,0,0.00329614,1
523,1,0.00278986,1
523,0,0.00760784,1
369,1,0.00375421,1
369,0,0.00379341,1
1,1,0.00370439,1
1,0,0.00322384,1
90,1,0.00165497,1
90,0,0.00170111,1
366_BRANCH0_408,1,0.00307137,1
366_BRANCH0_408,0,0.00332483,1
696,1,0.00275414,1
696,0,0.00281395,1
363,1,0.00316477,1
363,0,0.00340484,1
363_BRANCH0_409,1,0.00328702,1
363_BRANCH0_409,0,0.00312279,1
356,1,0.00113278,1
356,0,0.00169869,1
353,1,0.00233773,1
353,0,0.00106605,1
189_BRANCH0_635,1,0.0038257,1
189_BRANCH0_635,0,0.00421006,1
207_BRANCH0_520,1,0.00384574,1
207_BRANCH0_520,0,0.00335101,1
352,1,0.00742936,1
352,0,0.00457364,1
600_BRANCH0_673,1,0.00367517,1
600_BRANCH0_673,0,0.00358994,1
349,1,0.0044378,1
349,0,0.00126318,1
569,1,0.00281303,1
569,0,0.00284149,1
347,1,0.00305661,1
347,0,0.00491581,1
346,1,0.00307691,1
346,0,0.00128327,1
298,1,0.00239101,1
298,0,0.00200646,1
463_BRANCH0_500,1,0.00284641,1
463_BRANCH0_500,0,0.00273782,1
345,1,0.00465471,1
345,0,0.00289633,1
528,1,0.00774843,1
528,0,0.00313667,1
344,1,0.00360495,1
344,0,0.00128084,1
1_BRANCH0_280,1,0.00457247,1
1_BRANCH0_280,0,0.0049525,1
343,1,0.00512318,1
343,0,0.00297477,1
811,1,0.00278132,1
811,0,0.0020515,1
348,1,0.00266253,1
348,0,0.00835782,1
228_BRANCH0_736,1,0.00352826,1
228_BRANCH0_736,0,0.00391097,1
544,1,0.00302174,1
544,0,0.00290912,1
340,1,0.00297383,1
340,0,0.00359701,1
466_BRANCH0_513,1,0.00287872,1
466_BRANCH0_513,0,0.00313085,1
673_BRANCH0_833,1,0.00320381,1
673_BRANCH0_833,0,0.00365503,1
768,1,0.00264121,1
768,0,0.00272478,1
339,1,0.00322323,1
339,0,0.00382211,1
809,1,0.00273087,1
809,0,0.0034368,1
337,1,0.00317271,1
337,0,0.00368866,1
336,1,0.00334512,1
336,0,0.0039093,1
334,1,0.00315643,1
334,0,0.00395851,1
777,1,0.00405314,1
777,0,0.00302786,1
519,1,0.00345262,1
519,0,0.002685,1
379_BRANCH0_413,1,0.00323445,1
379_BRANCH0_413,0,0.00315406,1
333,1,0.00320993,1
333,0,0.00375283,1
332,1,0.00294971,1
332,0,0.00373135,1
437_BRANCH0_491,1,0.00692698,1
437_BRANCH0_491,0,0.00383045,1
733,1,0.00318595,1
733,0,0.00301537,1
331,1,0.00384021,1
331,0,0.00315516,1
328,1,0.00399458,1
328,0,0.00366933,1
382,1,0.00326106,1
382,0,0.00318144,1
237_BRANCH0_737,1,0.00378608,1
237_BRANCH0_737,0,0.0038704,1
788,1,0.00352802,1
788,0,0.00302882,1
330,1,0.00386722,1
330,0,0.00340475,1
537,1,0.00377461,1
537,0,0.00340629,1
326,1,0.00378049,1
326,0,0.00344606,1
619_BRANCH0_814,1,0.00334369,1
619_BRANCH0_814,0,0.0040791,1
526,1,0.00314558,1
526,0,0.00835866,1
261_BRANCH0_733,1,0.00401261,1
261_BRANCH0_733,0,0.00399071,1
520,1,0.00295275,1
520,0,0.00274667,1
322,1,0.00431513,1
322,0,0.0069612,1
600_BRANCH0_765,1,0.00398361,1
600_BRANCH0_765,0,0.00361416,1
319,1,0.00546458,1
319,0,0.00375127,1
318,1,0.0032623,1
318,0,0.00413284,1
317,1,0.00305405,1
317,0,0.00380146,1
748,1,0.00311141,1
748,0,0.00389172,1
310,1,0.0039973,1
310,0,0.00324872,1
310_BRANCH0_478,1,0.00715705,1
310_BRANCH0_478,0,0.00753788,1
219_BRANCH0_851,1,0.0041198,1
219_BRANCH0_851,0,0.00432459,1
651_BRANCH0_722,1,0.00379877,1
651_BRANCH0_722,0,0.00338322,1
385_BRANCH0_415,1,0.00358289,1
385_BRANCH0_415,0,0.00357254,1
682,1,0.00264327,1
682,0,0.00420958,1
466_BRANCH0_511,1,0.00295871,1
466_BRANCH0_511,0,0.00377613,1
89,1,0.00185287,1
89,0,0.00157222,1
293,1,0.000950131,1
293,0,0.00230747,1
309,1,0.00306894,1
309,0,0.00363817,1
68_BRANCH0_286,1,0.00517394,1
68_BRANCH0_286,0,0.00529715,1
418,1,0.00163232,1
418,0,0.00312782,1
195_BRANCH0_528,1,0.00795712,1
195_BRANCH0_528,0,0.00864315,1
393,1,0.00292448,1
393,0,0.00539297,1
17_BRANCH0_443,1,0.0050059,1
17_BRANCH0_443,0,0.00509796,1
307,1,0.00389599,1
307,0,0.00346406,1
644_BRANCH0_734,1,0.00296528,1
644_BRANCH0_734,0,0.0037911,1
432,1,0.00333118,1
432,0,0.00702467,1
306,1,0.00420484,1
306,0,0.00307607,1
268,1,0.00353074,1
268,0,0.00348248,1
305,1,0.00413345,1
305,0,0.00310589,1
793,1,0.00318302,1
793,0,0.00304508,1
482,1,0.00299101,1
482,0,0.00697667,1
538,1,0.00396634,1
538,0,0.00338468,1
360_BRANCH0_405,1,0.0033499,1
360_BRANCH0_405,0,0.00331744,1
581,1,0.00260333,1
581,0,0.00313325,1
303,1,0.00369694,1
303,0,0.00312353,1
408,1,0.00337906,1
408,0,0.00317824,1
557_BRANCH0_597,1,0.00317134,1
557_BRANCH0_597,0,0.00446544,1
310_BRANCH0_480,1,0.00691845,1
310_BRANCH0_480,0,0.00752387,1
432_BRANCH0_476,1,0.00367815,1
432_BRANCH0_476,0,0.00703405,1
451_BRANCH0_524,1,0.00328402,1
451_BRANCH0_524,0,0.0079407,1
138,1,0.00352984,1
138,0,0.00336947,1
747,1,0.0035717,1
747,0,0.00339708,1
296,1,0.00137597,1
296,0,0.00239451,1
363_BRANCH0_407,1,0.00312491,1
363_BRANCH0_407,0,0.0033138,1
75_BRANCH0_287,1,0.00623781,1
75_BRANCH0_287,0,0.0065168,1
294,1,0.00468802,1
294,0,0.00704199,1
765,1,0.00349403,1
765,0,0.00293077,1
366,1,0.00331145,1
366,0,0.00326165,1
290,1,0.0010251,1
290,0,0.00239968,1
195_BRANCH0_641,1,0.00386234,1
195_BRANCH0_641,0,0.00368414,1
287_BRANCH0_437,1,0.00450044,1
287_BRANCH0_437,0,0.00698469,1
287_BRANCH0_432,1,0.00417416,1
287_BRANCH0_432,0,0.00722346,1
17_BRANCH0_317,1,0.00467884,1
17_BRANCH0_317,0,0.00393435,1
280,1,0.00497573,1
280,0,0.00287079,1
279,1,0.00522779,1
279,0,0.00350911,1
515,1,0.00331616,1
515,0,0.003366,1
159_BRANCH0_593,1,0.00344462,1
159_BRANCH0_593,0,0.00347595,1
276,1,0.0011663,1
276,0,0.00245438,1
276_BRANCH0_346,1,0.00108155,1
276_BRANCH0_346,0,0.0024792,1
276_BRANCH0_345,1,0.00273133,1
276_BRANCH0_345,0,0.00477939,1
273,1,0.00328491,1
273,0,0.00495112,1
273_BRANCH0_344,1,0.0034491,1
273_BRANCH0_344,0,0.00493937,1
273_BRANCH0_343,1,0.00333731,1
273_BRANCH0_343,0,0.00520179,1
840,1,0.00299416,1
840,0,0.00212352,1
270,1,0.00398632,1
270,0,0.00252042,1
270_BRANCH0_392,1,0.00510265,1
270_BRANCH0_392,0,0.00280759,1
36,1,0.00268596,1
36,0,0.0027827,1
338,1,0.00297912,1
338,0,0.00370121,1
228_BRANCH0_759,1,0.00388908,1
228_BRANCH0_759,0,0.00369353,1
625_BRANCH0_700,1,0.0032235,1
625_BRANCH0_700,0,0.0030048,1
269,1,0.00312711,1
269,0,0.00182468,1
195_BRANCH0_331,1,0.0037704,1
195_BRANCH0_331,0,0.00366647,1
448,1,0.00152692,1
448,0,0.00453184,1
357_BRANCH0_404,1,0.00333989,1
357_BRANCH0_404,0,0.00324543,1
319_BRANCH0_427,1,0.00569186,1
319_BRANCH0_427,0,0.00394585,1
261_BRANCH0_758,1,0.00366494,1
261_BRANCH0_758,0,0.00391395,1
466_BRANCH0_502,1,0.00293523,1
466_BRANCH0_502,0,0.00405565,1
80_BRANCH0_293,1,0.00270818,1
80_BRANCH0_293,0,0.00237084,1
302,1,0.00381929,1
302,0,0.00332489,1
261_BRANCH0_734,1,0.00402341,1
261_BRANCH0_734,0,0.00386044,1
530_BRANCH0_550,1,0.00295556,1
530_BRANCH0_550,0,0.00286279,1
815_BRANCH0_841,1,0.00267377,1
815_BRANCH0_841,0,0.00314373,1
516,1,0.0032537,1
516,0,0.00379941,1
261_BRANCH0_732,1,0.00389798,1
261_BRANCH0_732,0,0.00367328,1
401,1,0.00164054,1
401,0,0.00425008,1
260,1,0.00375152,1
260,0,0.00363891,1
255,1,0.00359324,1
255,0,0.00318293,1
116_BRANCH0_513,1,0.00395416,1
116_BRANCH0_513,0,0.00378643,1
483_BRANCH0_512,1,0.00371517,1
483_BRANCH0_512,0,0.00377073,1
101_BRANCH0_303,1,0.0041054,1
101_BRANCH0_303,0,0.00383165,1
149_BRANCH0_479,1,0.00441793,1
149_BRANCH0_479,0,0.00592702,1
287,1,0.00384862,1
287,0,0.0059265,1
165,1,0.00406753,1
165,0,0.00394228,1
116_BRANCH0_306,1,0.003843,1
116_BRANCH0_306,0,0.00381015,1
121_BRANCH0_307,1,0.00381894,1
121_BRANCH0_307,0,0.00349502,1
640,1,0.00287261,1
640,0,0.0036084,1
143_BRANCH0_510,1,0.00376119,1
143_BRANCH0_510,0,0.00453901,1
376,1,0.00346963,1
376,0,0.00336442,1
376_BRANCH0_411,1,0.00349574,1
376_BRANCH0_411,0,0.00322756,1
111,1,0.00401352,1
111,0,0.00419981,1
616_BRANCH0_687,1,0.00464727,1
616_BRANCH0_687,0,0.0037667,1
490,1,0.00729719,1
490,0,0.00396585,1
106,1,0.00376587,1
106,0,0.0044587,1
261_BRANCH0_757,1,0.00357397,1
261_BRANCH0_757,0,0.00345041,1
156,1,0.00430224,1
156,0,0.00397821,1
88,1,0.00273347,1
88,0,0.00231453,1
101_BRANCH0_334,1,0.00348001,1
101_BRANCH0_334,0,0.00386947,1
324,1,0.00381872,1
324,0,0.00337684,1
323,1,0.00529213,1
323,0,0.0075728,1
480,1,0.00339414,1
480,0,0.00686103,1
619,1,0.00491135,1
619,0,0.00427118,1
853,1,0.00302131,1
853,0,0.00404205,1
138_BRANCH0_309,1,0.00405118,1
138_BRANCH0_309,0,0.00384416,1
237,1,0.00358603,1
237,0,0.00370901,1
561_BRANCH0_606,1,0.00339547,1
561_BRANCH0_606,0,0.0038372,1
96_BRANCH0_333,1,0.00392977,1
96_BRANCH0_333,0,0.0042548,1
451_BRANCH0_529,1,0.00305855,1
451_BRANCH0_529,0,0.00776482,1
755,1,0.00331581,1
755,0,0.00341215,1
116,1,0.00364802,1
116,0,0.00373087,1
463_BRANCH0_501,1,0.00298223,1
463_BRANCH0_501,0,0.00273507,1
177_BRANCH0_327,1,0.0039099,1
177_BRANCH0_327,0,0.00401405,1
17,1,0.00343843,1
17,0,0.00365208,1
369_BRANCH0_490,1,0.00716558,1
369_BRANCH0_490,0,0.00729401,1
36_BRANCH0_292,1,0.00321824,1
36_BRANCH0_292,0,0.00254094,1
195_BRANCH0_644,1,0.00367409,1
195_BRANCH0_644,0,0.00408928,1
717_BRANCH0_754,1,0.00310385,1
717_BRANCH0_754,0,0.00331305,1
388,1,0.00127387,1
388,0,0.00230432,1
171,1,0.0041619,1
171,0,0.00396992,1
740,1,0.00289813,1
740,0,0.00415391,1
210_BRANCH0_417,1,0.00381597,1
210_BRANCH0_417,0,0.00404108,1
86,1,0.00176984,1
86,0,0.0019682,1
451_BRANCH0_523,1,0.00310868,1
451_BRANCH0_523,0,0.00798039,1
846,1,0.00339552,1
846,0,0.00298721,1
85,1,0.00182499,1
85,0,0.00165478,1
593,1,0.00290852,1
593,0,0.003133,1
466_BRANCH0_515,1,0.00310072,1
466_BRANCH0_515,0,0.00395045,1
80_BRANCH0_291,1,0.00254587,1
80_BRANCH0_291,0,0.00239019,1
495_BRANCH0_520,1,0.00265174,1
495_BRANCH0_520,0,0.0029601,1
665,1,0.00286766,1
665,0,0.00392077,1
285,1,0.00438742,1
285,0,0.00346862,1
8,1,0.00337459,1
8,0,0.0035722,1
29_BRANCH0_287,1,0.0058934,1
29_BRANCH0_287,0,0.00564825,1
369_BRANCH0_488,1,0.00775784,1
369_BRANCH0_488,0,0.00772408,1
171_BRANCH0_326,1,0.00422069,1
171_BRANCH0_326,0,0.00412075,1
17_BRANCH0_323,1,0.00723471,1
17_BRANCH0_323,0,0.0074401,1
327,1,0.00453226,1
327,0,0.00337352,1
644_BRANCH0_763,1,0.00347041,1
644_BRANCH0_763,0,0.00394724,1
75,1,0.00332881,1
75,0,0.00327055,1
106_BRANCH0_303,1,0.0037261,1
106_BRANCH0_303,0,0.00373632,1
228_BRANCH0_739,1,0.00347136,1
228_BRANCH0_739,0,0.00376138,1
59_BRANCH0_284,1,0.00798025,1
59_BRANCH0_284,0,0.00853437,1
138_BRANCH0_318,1,0.00455187,1
138_BRANCH0_318,0,0.00412258,1
68_BRANCH0_284,1,0.00783064,1
68_BRANCH0_284,0,0.0082832,1
156_BRANCH0_319,1,0.00655782,1
156_BRANCH0_319,0,0.00568069,1
59_BRANCH0_442,1,0.00512114,1
59_BRANCH0_442,0,0.00541652,1
59_BRANCH0_319,1,0.00563619,1
59_BRANCH0_319,0,0.00586122,1
665_BRANCH0_831,1,0.00304374,1
665_BRANCH0_831,0,0.00389605,1
101,1,0.00403487,1
101,0,0.00401246,1
1_BRANCH0_269,1,0.00949866,1
1_BRANCH0_269,0,0.00327308,1
237_BRANCH0_760,1,0.00357228,1
237_BRANCH0_760,0,0.00346973,1
246_BRANCH0_640,1,0.00357841,1
246_BRANCH0_640,0,0.00379272,1
827,1,0.00401779,1
827,0,0.00302801,1
524,1,0.00278191,1
524,0,0.00783227,1
59_BRANCH0_296,1,0.00318589,1
59_BRANCH0_296,0,0.00252321,1
351,1,0.00232281,1
351,0,0.00116749,1
106_BRANCH0_335,1,0.0036037,1
106_BRANCH0_335,0,0.00400959,1
17_BRANCH0_279,1,0.0048364,1
17_BRANCH0_279,0,0.00565081,1
59_BRANCH0_294,1,0.0071304,1
59_BRANCH0_294,0,0.00750014,1
237_BRANCH0_743,1,0.00425037,1
237_BRANCH0_743,0,0.00414436,1
159_BRANCH0_522,1,0.00776878,1
159_BRANCH0_522,0,0.00835698,1
557_BRANCH0_605,1,0.00381073,1
557_BRANCH0_605,0,0.004229,1
393_BRANCH0_432,1,0.00337672,1
393_BRANCH0_432,0,0.00696657,1
292,1,0.00133733,1
292,0,0.00294234,1
29_BRANCH0_273,1,0.00464933,1
29_BRANCH0_273,0,0.00551662,1
26,1,0.00268089,1
26,0,0.00255912,1
405,1,0.00302723,1
405,0,0.00334209,1
228_BRANCH0_751,1,0.00331274,1
228_BRANCH0_751,0,0.00368237,1
589,1,0.00287876,1
589,0,0.00311257,1
360,1,0.00318339,1
360,0,0.00332392,1
29_BRANCH0_291,1,0.00260352,1
29_BRANCH0_291,0,0.00263081,1
466_BRANCH0_506,1,0.00276335,1
466_BRANCH0_506,0,0.00367398,1
1_BRANCH0_483,1,0.00360561,1
1_BRANCH0_483,0,0.00361769,1
138_BRANCH0_316,1,0.00395231,1
138_BRANCH0_316,0,0.00383597,1
8_BRANCH0_279,1,0.00534423,1
8_BRANCH0_279,0,0.00560751,1
492,1,0.00349359,1
492,0,0.00294018,1
13_BRANCH0_269,1,0.00327316,1
13_BRANCH0_269,0,0.00306772,1
130_BRANCH0_498,1,0.00349056,1
130_BRANCH0_498,0,0.00375863,1
210_BRANCH0_336,1,0.00389165,1
210_BRANCH0_336,0,0.0039162,1
13,1,0.00425473,1
13,0,0.00379966,1
116_BRANCH0_305,1,0.00393758,1
116_BRANCH0_305,0,0.00365545,1
427_BRANCH0_475,1,0.00282942,1
427_BRANCH0_475,0,0.00477315,1
210_BRANCH0_335,1,0.0040242,1
210_BRANCH0_335,0,0.00409948,1
342,1,0.00138992,1
342,0,0.00307221,1
246_BRANCH0_659,1,0.00349268,1
246_BRANCH0_659,0,0.00378284,1
101_BRANCH0_304,1,0.00394897,1
101_BRANCH0_304,0,0.00382349,1
116_BRANCH0_338,1,0.00385613,1
116_BRANCH0_338,0,0.00390515,1
210_BRANCH0_340,1,0.00373959,1
210_BRANCH0_340,0,0.00387827,1
74,1,0.00528305,1
74,0,0.00506117,1
310_BRANCH0_482,1,0.00753141,1
310_BRANCH0_482,0,0.00757834,1
369_BRANCH0_417,1,0.00464718,1
369_BRANCH0_417,0,0.00381902,1
874,1,0.00318262,1
874,0,0.00203407,1
246_BRANCH0_605,1,0.00373026,1
246_BRANCH0_605,0,0.00396303,1
517,1,0.00343939,1
517,0,0.00343868,1
17_BRANCH0_270,1,0.00421066,1
17_BRANCH0_270,0,0.00418846,1
207_BRANCH0_521,1,0.00348345,1
207_BRANCH0_521,0,0.0034097,1
261,1,0.00385915,1
261,0,0.00394719,1
228,1,0.00403897,1
228,0,0.00410702,1
577_BRANCH0_650,1,0.0033079,1
577_BRANCH0_650,0,0.00312044,1
1_BRANCH0_279,1,0.00509367,1
1_BRANCH0_279,0,0.00559319,1
350,1,0.0054502,1
350,0,0.00132004,1
246_BRANCH0_650,1,0.0038713,1
246_BRANCH0_650,0,0.00395544,1
451,1,0.00301818,1
451,0,0.00791947,1
55,1,0.00458463,1
55,0,0.00431035,1
29,1,0.00295542,1
29,0,0.00278115,1
96_BRANCH0_301,1,0.0054799,1
96_BRANCH0_301,0,0.00385185,1
790,1,0.00331256,1
790,0,0.00319017,1
29_BRANCH0_290,1,0.00260771,1
29_BRANCH0_290,0,0.00233957,1
460,1,0.00273165,1
460,0,0.00272272,1
1_BRANCH0_276,1,0.00590579,1
1_BRANCH0_276,0,0.00271938,1
153_BRANCH0_481,1,0.00429988,1
153_BRANCH0_481,0,0.00470268,1
75_BRANCH0_293,1,0.00263175,1
75_BRANCH0_293,0,0.0025849,1
75_BRANCH0_290,1,0.00233305,1
75_BRANCH0_290,0,0.00239188,1
785,1,0.00386158,1
785,0,0.00281772,1
195,1,0.00369552,1
195,0,0.00369912,1
72,1,0.00817181,1
72,0,0.0106489,1
91_BRANCH0_302,1,0.00382734,1
91_BRANCH0_302,0,0.00384249,1
721,1,0.00368972,1
721,0,0.00332793,1
341,1,0.00336643,1
341,0,0.00393868,1
26_BRANCH0_276,1,0.00265851,1
26_BRANCH0_276,0,0.00248464,1
210,1,0.00344902,1
210,0,0.00377917,1
669,1,0.004264,1
669,0,0.00300649,1
509,1,0.00777058,1
509,0,0.00302626,1
590,1,0.00375163,1
590,0,0.00292809,1
13_BRANCH0_270,1,0.0042504,1
13_BRANCH0_270,0,0.00462596,1
126_BRANCH0_307,1,0.00397262,1
126_BRANCH0_307,0,0.00398281,1
59_BRANCH0_293,1,0.00302756,1
59_BRANCH0_293,0,0.00254514,1
280_BRANCH0_350,1,0.00495752,1
280_BRANCH0_350,0,0.00330795,1
727_BRANCH0_757,1,0.00304161,1
727_BRANCH0_757,0,0.00318282,1
871,1,0.00215928,1
871,0,0.00300252,1
201_BRANCH0_330,1,0.00410882,1
201_BRANCH0_330,0,0.0038435,1
237_BRANCH0_752,1,0.00402559,1
237_BRANCH0_752,0,0.00370261,1
36_BRANCH0_291,1,0.0025762,1
36_BRANCH0_291,0,0.00226401,1
751,1,0.00286207,1
751,0,0.00337717,1
761,1,0.0037175,1
761,0,0.00393595,1
80_BRANCH0_295,1,0.00270801,1
80_BRANCH0_295,0,0.00250083,1
654_BRANCH0_733,1,0.00336114,1
654_BRANCH0_733,0,0.00344908,1
295,1,0.00144146,1
295,0,0.0022807,1
36_BRANCH0_296,1,0.00232078,1
36_BRANCH0_296,0,0.00246346,1
156_BRANCH0_442,1,0.00499028,1
156_BRANCH0_442,0,0.00497266,1
654,1,0.0158783,1
654,0,0.0038545,1
1_BRANCH0_270,1,0.00475765,1
1_BRANCH0_270,0,0.00439089,1
527,1,0.00816176,1
527,0,0.0036751,1
739,1,0.00322788,1
739,0,0.00367394,1
201_BRANCH0_529,1,0.00801285,1
201_BRANCH0_529,0,0.00854724,1
400,1,0.00336567,1
400,0,0.00798142,1
210_BRANCH0_333,1,0.00472572,1
210_BRANCH0_333,0,0.00399602,1
121_BRANCH0_308,1,0.00423425,1
121_BRANCH0_308,0,0.00383485,1
59,1,0.00392192,1
59,0,0.00430508,1
460_BRANCH0_499,1,0.0029648,1
460_BRANCH0_499,0,0.00271074,1
825,1,0.0028107,1
825,0,0.00340907,1
80_BRANCH0_287,1,0.00561775,1
80_BRANCH0_287,0,0.00671413,1
8_BRANCH0_280,1,0.00511514,1
8_BRANCH0_280,0,0.00505234,1
36_BRANCH0_295,1,0.00263473,1
36_BRANCH0_295,0,0.00254644,1
42_BRANCH0_284,1,0.0080627,1
42_BRANCH0_284,0,0.00866592,1
413,1,0.00342492,1
413,0,0.00343823,1
606_BRANCH0_678,1,0.0045011,1
606_BRANCH0_678,0,0.00315213,1
737,1,0.00297905,1
737,0,0.00378596,1
393_BRANCH0_442,1,0.00400603,1
393_BRANCH0_442,0,0.00594957,1
26_BRANCH0_270,1,0.00486044,1
26_BRANCH0_270,0,0.00472499,1
316,1,0.00307514,1
316,0,0.00387271,1
126_BRANCH0_308,1,0.00387057,1
126_BRANCH0_308,0,0.00427102,1
466_BRANCH0_504,1,0.00288259,1
466_BRANCH0_504,0,0.00335532,1
42_BRANCH0_322,1,0.00722828,1
42_BRANCH0_322,0,0.00725197,1
366_BRANCH0_409,1,0.0038386,1
366_BRANCH0_409,0,0.00324185,1
177_BRANCH0_619,1,0.00409499,1
177_BRANCH0_619,0,0.0048748,1
451_BRANCH0_525,1,0.0034712,1
451_BRANCH0_525,0,0.0079603,1
329,1,0.00431506,1
329,0,0.0034443,1
246_BRANCH0_624,1,0.00386157,1
246_BRANCH0_624,0,0.00361709,1
391,1,0.00127623,1
391,0,0.00172029,1
42_BRANCH0_323,1,0.00706015,1
42_BRANCH0_323,0,0.00841874,1
291,1,0.00152406,1
291,0,0.00295427,1
153,1,0.00342727,1
153,0,0.00384656,1
810,1,0.0030752,1
810,0,0.00345865,1
55_BRANCH0_437,1,0.00709021,1
55_BRANCH0_437,0,0.00711847,1
841,1,0.00380038,1
841,0,0.00309285,1
416,1,0.00299259,1
416,0,0.00324979,1
91,1,0.00356458,1
91,0,0.00380885,1
237_BRANCH0_740,1,0.00411008,1
237_BRANCH0_740,0,0.00477369,1
876,1,0.00334226,1
876,0,0.0019601,1
189_BRANCH0_328,1,0.00364328,1
189_BRANCH0_328,0,0.00412071,1
111_BRANCH0_306,1,0.00390621,1
111_BRANCH0_306,0,0.00405122,1
121_BRANCH0_340,1,0.00354365,1
121_BRANCH0_340,0,0.00397303,1
426,1,0.00303067,1
426,0,0.00421909,1
101_BRANCH0_506,1,0.00389911,1
101_BRANCH0_506,0,0.00387058,1
29_BRANCH0_285,1,0.00449309,1
29_BRANCH0_285,0,0.0045302,1
822_BRANCH0_834,1,0.00298467,1
822_BRANCH0_834,0,0.00352828,1
492_BRANCH0_519,1,0.00286785,1
492_BRANCH0_519,0,0.00291455,1
126_BRANCH0_517,1,0.00366164,1
126_BRANCH0_517,0,0.00361019,1
705_BRANCH0_750,1,0.00365254,1
705_BRANCH0_750,0,0.0035261,1
29_BRANCH0_292,1,0.00277176,1
29_BRANCH0_292,0,0.00238528,1
96,1,0.00358656,1
96,0,0.00390945,1
159_BRANCH0_324,1,0.00384304,1
159_BRANCH0_324,0,0.00397374,1
399,1,0.00211846,1
399,0,0.00247544,1
36_BRANCH0_273,1,0.00503691,1
36_BRANCH0_273,0,0.00514244,1
42,1,0.00296461,1
42,0,0.00262701,1
522,1,0.00297477,1
522,0,0.00786659,1
360_BRANCH0_406,1,0.00408421,1
360_BRANCH0_406,0,0.00336307,1
644_BRANCH0_717,1,0.00414026,1
644_BRANCH0_717,0,0.00330921,1
96_BRANCH0_504,1,0.00385567,1
96_BRANCH0_504,0,0.0034996,1
210_BRANCH0_338,1,0.00392137,1
210_BRANCH0_338,0,0.00432949,1
111_BRANCH0_336,1,0.00385064,1
111_BRANCH0_336,0,0.00384922,1
750,1,0.00346099,1
750,0,0.00313235,1
68,1,0.00362624,1
68,0,0.00337505,1
369_BRANCH0_491,1,0.00734796,1
369_BRANCH0_491,0,0.0071218,1
335,1,0.00336917,1
335,0,0.00390246,1
59_BRANCH0_295,1,0.00262158,1
59_BRANCH0_295,0,0.00239352,1
8_BRANCH0_309,1,0.00368575,1
8_BRANCH0_309,0,0.00407362,1
593_BRANCH0_841,1,0.00338002,1
593_BRANCH0_841,0,0.00333708,1
42_BRANCH0_273,1,0.00515482,1
42_BRANCH0_273,0,0.00513948,1
246_BRANCH0_596,1,0.00390526,1
246_BRANCH0_596,0,0.00377408,1
717_BRANCH0_792,1,0.00305465,1
717_BRANCH0_792,0,0.0027724,1
201,1,0.00364755,1
201,0,0.00369767,1
850,1,0.00321596,1
850,0,0.00222992,1
96_BRANCH0_302,1,0.00358781,1
96_BRANCH0_302,0,0.00370485,1
165_BRANCH0_523,1,0.00800225,1
165_BRANCH0_523,0,0.00854595,1
533_BRANCH0_552,1,0.00320115,1
533_BRANCH0_552,0,0.00295474,1
138_BRANCH0_317,1,0.00413186,1
138_BRANCH0_317,0,0.00422346,1
451_BRANCH0_527,1,0.00342527,1
451_BRANCH0_527,0,0.00799353,1
536,1,0.00358238,1
536,0,0.00351535,1
111_BRANCH0_511,1,0.00346148,1
111_BRANCH0_511,0,0.00387011,1
544_BRANCH0_585,1,0.00323675,1
544_BRANCH0_585,0,0.00280926,1
183_BRANCH0_628,1,0.00414014,1
183_BRANCH0_628,0,0.00461791,1
259,1,0.0043024,1
259,0,0.00406601,1
705,1,0.00313058,1
705,0,0.00297396,1
836,1,0.0029429,1
836,0,0.0157164,1
51_BRANCH0_276,1,0.002751,1
51_BRANCH0_276,0,0.00254868,1
17_BRANCH0_322,1,0.00716408,1
17_BRANCH0_322,0,0.00762279,1
91_BRANCH0_332,1,0.00407659,1
91_BRANCH0_332,0,0.00422146,1
310_BRANCH0_476,1,0.00712532,1
310_BRANCH0_476,0,0.00772101,1
106_BRANCH0_304,1,0.00437935,1
106_BRANCH0_304,0,0.00390723,1
475,1,0.00288491,1
475,0,0.00441497,1
59_BRANCH0_286,1,0.00537535,1
59_BRANCH0_286,0,0.00525894,1
17_BRANCH0_269,1,0.00332574,1
17_BRANCH0_269,0,0.0030575,1
727_BRANCH0_758,1,0.00291631,1
727_BRANCH0_758,0,0.0029998,1
55_BRANCH0_280,1,0.00470854,1
55_BRANCH0_280,0,0.00503986,1
87,1,0.00255269,1
87,0,0.00256994,1
769,1,0.00386912,1
769,0,0.00300395,1
143_BRANCH0_475,1,0.00457665,1
143_BRANCH0_475,0,0.0046439,1
845,1,0.00341008,1
845,0,0.00311363,1
51_BRANCH0_279,1,0.00460244,1
51_BRANCH0_279,0,0.00594135,1
146_BRANCH0_477,1,0.00544525,1
146_BRANCH0_477,0,0.00490397,1
165_BRANCH0_325,1,0.00440256,1
165_BRANCH0_325,0,0.00408667,1
246_BRANCH0_615,1,0.00360755,1
246_BRANCH0_615,0,0.00403302,1
55_BRANCH0_427,1,0.00471278,1
55_BRANCH0_427,0,0.00515171,1
183_BRANCH0_625,1,0.00418227,1
183_BRANCH0_625,0,0.00372997,1
42_BRANCH0_290,1,0.00285489,1
42_BRANCH0_290,0,0.00220124,1
255_BRANCH0_341,1,0.00378913,1
255_BRANCH0_341,0,0.00389383,1
42_BRANCH0_296,1,0.00249477,1
42_BRANCH0_296,0,0.00247401,1
375,1,0.00556731,1
375,0,0.00518316,1
51_BRANCH0_316,1,0.00422048,1
51_BRANCH0_316,0,0.00407246,1
662_BRANCH0_735,1,0.0030878,1
662_BRANCH0_735,0,0.00337975,1
130_BRANCH0_518,1,0.00335007,1
130_BRANCH0_518,0,0.00384986,1
126,1,0.00348252,1
126,0,0.00357391,1
771,1,0.00335549,1
771,0,0.00288791,1
782_BRANCH0_793,1,0.00329548,1
782_BRANCH0_793,0,0.00326599,1
369_BRANCH0_489,1,0.00719011,1
369_BRANCH0_489,0,0.0076309,1
708_BRANCH0_791,1,0.00326308,1
708_BRANCH0_791,0,0.00314343,1
228_BRANCH0_754,1,0.0036835,1
228_BRANCH0_754,0,0.00402936,1
130_BRANCH0_519,1,0.00353034,1
130_BRANCH0_519,0,0.00350149,1
130,1,0.00347856,1
130,0,0.00358088,1
670_BRANCH0_740,1,0.00295646,1
670_BRANCH0_740,0,0.00361704,1
146_BRANCH0_512,1,0.0037823,1
146_BRANCH0_512,0,0.00398765,1
149_BRANCH0_514,1,0.00368752,1
149_BRANCH0_514,0,0.00376432,1
149,1,0.00415084,1
149,0,0.00479255,1
219_BRANCH0_809,1,0.00405377,1
219_BRANCH0_809,0,0.00394889,1
587,1,0.00316042,1
587,0,0.00284196,1
135_BRANCH0_500,1,0.0036463,1
135_BRANCH0_500,0,0.00341935,1
152,1,0.00383423,1
152,0,0.0040353,1
153_BRANCH0_516,1,0.00396342,1
153_BRANCH0_516,0,0.00375601,1
393_BRANCH0_427,1,0.00316271,1
393_BRANCH0_427,0,0.00541648,1
847,1,0.00293262,1
847,0,0.00286617,1
864,1,0.00319075,1
864,0,0.00217793,1
68_BRANCH0_285,1,0.00411112,1
68_BRANCH0_285,0,0.00442885,1
159_BRANCH0_325,1,0.0038774,1
159_BRANCH0_325,0,0.0038614,1
712,1,0.00413431,1
712,0,0.00325473,1
159_BRANCH0_590,1,0.00441044,1
159_BRANCH0_590,0,0.00407624,1
813,1,0.0043935,1
813,0,0.00364697,1
246_BRANCH0_631,1,0.00353667,1
246_BRANCH0_631,0,0.00357704,1
284,1,0.00810034,1
284,0,0.00351164,1
159,1,0.00364199,1
159,0,0.00364589,1
508,1,0.003231,1
508,0,0.00409503,1
165_BRANCH0_324,1,0.00382649,1
165_BRANCH0_324,0,0.00407385,1
91_BRANCH0_502,1,0.00362857,1
91_BRANCH0_502,0,0.00370682,1
228_BRANCH0_742,1,0.00395488,1
228_BRANCH0_742,0,0.00404239,1
791,1,0.00321547,1
791,0,0.00355889,1
219_BRANCH0_808,1,0.0037659,1
219_BRANCH0_808,0,0.00396557,1
832,1,0.00327535,1
832,0,0.00289408,1
165_BRANCH0_597,1,0.00451717,1
165_BRANCH0_597,0,0.00425833,1
121_BRANCH0_515,1,0.00462932,1
121_BRANCH0_515,0,0.00409129,1
8_BRANCH0_269,1,0.00346024,1
8_BRANCH0_269,0,0.00321081,1
165_BRANCH0_600,1,0.00362034,1
165_BRANCH0_600,0,0.00380976,1
815,1,0.00315511,1
815,0,0.00312283,1
171_BRANCH0_327,1,0.00370411,1
171_BRANCH0_327,0,0.00414294,1
500,1,0.00296924,1
500,0,0.00285819,1
171_BRANCH0_609,1,0.00454511,1
171_BRANCH0_609,0,0.00446173,1
183_BRANCH0_328,1,0.00402514,1
183_BRANCH0_328,0,0.00537233,1
304,1,0.00413341,1
304,0,0.00381358,1
143,1,0.00448047,1
143,0,0.0052571,1
177_BRANCH0_326,1,0.00430708,1
177_BRANCH0_326,0,0.00410959,1
577,1,0.00322897,1
577,0,0.00310366,1
848,1,0.00215122,1
848,0,0.00325656,1
177_BRANCH0_616,1,0.00436583,1
177_BRANCH0_616,0,0.00512874,1
73,1,0.00946439,1
73,0,0.00912342,1
177,1,0.00433045,1
177,0,0.00367562,1
255_BRANCH0_339,1,0.00414698,1
255_BRANCH0_339,0,0.00391779,1
506,1,0.00309554,1
506,0,0.00341937,1
130_BRANCH0_499,1,0.00353378,1
130_BRANCH0_499,0,0.00370436,1
183_BRANCH0_329,1,0.00413504,1
183_BRANCH0_329,0,0.00378169,1
826,1,0.00395779,1
826,0,0.00310211,1
533,1,0.00288696,1
533,0,0.00279713,1
763,1,0.0033703,1
763,0,0.00328104,1
872,1,0.00204779,1
872,0,0.00304869,1
183,1,0.00398372,1
183,0,0.0042825,1
189_BRANCH0_329,1,0.0040321,1
189_BRANCH0_329,0,0.00396929,1
606,1,0.00348104,1
606,0,0.00304228,1
731,1,0.00420062,1
731,0,0.00331166,1
280_BRANCH0_349,1,0.00485595,1
280_BRANCH0_349,0,0.00323146,1
189_BRANCH0_527,1,0.00803024,1
189_BRANCH0_527,0,0.00826889,1
308,1,0.00426385,1
308,0,0.00369114,1
189,1,0.00385325,1
189,0,0.00412531,1
822_BRANCH0_835,1,0.00324796,1
822_BRANCH0_835,0,0.00352001,1
195_BRANCH0_330,1,0.00398752,1
195_BRANCH0_330,0,0.00397479,1
219_BRANCH0_810,1,0.00414563,1
219_BRANCH0_810,0,0.00396003,1
201_BRANCH0_331,1,0.00425683,1
201_BRANCH0_331,0,0.00384486,1
565_BRANCH0_624,1,0.00346294,1
565_BRANCH0_624,0,0.00328216,1
807,1,0.00388647,1
807,0,0.00419394,1
201_BRANCH0_651,1,0.00407136,1
201_BRANCH0_651,0,0.00386137,1
540,1,0.00362747,1
540,0,0.00339188,1
106_BRANCH0_508,1,0.00400388,1
106_BRANCH0_508,0,0.00356699,1
207,1,0.00389073,1
207,0,0.00368206,1
75_BRANCH0_294,1,0.00715782,1
75_BRANCH0_294,0,0.00756414,1
210_BRANCH0_332,1,0.00404781,1
210_BRANCH0_332,0,0.00425125,1
382_BRANCH0_414,1,0.00351089,1
382_BRANCH0_414,0,0.00349865,1
678_BRANCH0_765,1,0.00311457,1
678_BRANCH0_765,0,0.00329118,1
796_BRANCH0_806,1,0.00307896,1
796_BRANCH0_806,0,0.00326597,1
210_BRANCH0_334,1,0.00417689,1
210_BRANCH0_334,0,0.00440058,1
280_BRANCH0_348,1,0.00819307,1
280_BRANCH0_348,0,0.00341168,1
42_BRANCH0_292,1,0.00340751,1
42_BRANCH0_292,0,0.00261105,1
219_BRANCH0_836,1,0.00425355,1
219_BRANCH0_836,0,0.00427251,1
219_BRANCH0_853,1,0.00411937,1
219_BRANCH0_853,0,0.0155696,1
857,1,0.00314535,1
857,0,0.00221407,1
477,1,0.00284121,1
477,0,0.00491341,1
171_BRANCH0_524,1,0.00882173,1
171_BRANCH0_524,0,0.00804635,1
219,1,0.00388908,1
219,0,0.00359427,1
778_BRANCH0_791,1,0.00319325,1
778_BRANCH0_791,0,0.00310879,1
228_BRANCH0_745,1,0.00407511,1
228_BRANCH0_745,0,0.0040395,1
228_BRANCH0_748,1,0.00372568,1
228_BRANCH0_748,0,0.00385187,1
237_BRANCH0_746,1,0.00405455,1
237_BRANCH0_746,0,0.00401128,1
415,1,0.00351894,1
415,0,0.00338055,1
91_BRANCH0_301,1,0.00399394,1
91_BRANCH0_301,0,0.00412561,1
237_BRANCH0_755,1,0.00349229,1
237_BRANCH0_755,0,0.00394396,1
42_BRANCH0_294,1,0.0075587,1
42_BRANCH0_294,0,0.00751683,1
246,1,0.00428385,1
246,0,0.00401302,1
463,1,0.00298977,1
463,0,0.00314557,1
700_BRANCH0_748,1,0.00278884,1
700_BRANCH0_748,0,0.00342236,1
355,1,0.00192807,1
355,0,0.0010004,1
255_BRANCH0_337,1,0.0038513,1
255_BRANCH0_337,0,0.00428126,1
713_BRANCH0_753,1,0.00325937,1
713_BRANCH0_753,0,0.00317697,1
542,1,0.00390362,1
542,0,0.00343812,1
544_BRANCH0_587,1,0.00329578,1
544_BRANCH0_587,0,0.00301355,1
547_BRANCH0_586,1,0.00286516,1
547_BRANCH0_586,0,0.00306437,1
856,1,0.00302047,1
856,0,0.00197294,1
547_BRANCH0_587,1,0.00291239,1
547_BRANCH0_587,0,0.00283129,1
547,1,0.00322689,1
547,0,0.00296051,1
550,1,0.00272232,1
550,0,0.0028801,1
569_BRANCH0_625,1,0.00317095,1
569_BRANCH0_625,0,0.00352975,1
792,1,0.0032831,1
792,0,0.00309987,1
551,1,0.00296211,1
551,0,0.00307254,1
552,1,0.00295069,1
552,0,0.00284533,1
553_BRANCH0_590,1,0.00323482,1
553_BRANCH0_590,0,0.0046821,1
553_BRANCH0_593,1,0.00332985,1
553_BRANCH0_593,0,0.00336049,1
553,1,0.0032435,1
553,0,0.00323693,1
557_BRANCH0_600,1,0.00430225,1
557_BRANCH0_600,0,0.0046718,1
557,1,0.00368724,1
557,0,0.00393126,1
561_BRANCH0_609,1,0.00431185,1
561_BRANCH0_609,0,0.00450679,1
561_BRANCH0_615,1,0.00349186,1
561_BRANCH0_615,0,0.0033606,1
837,1,0.00337462,1
837,0,0.00224563,1
561,1,0.00305711,1
561,0,0.00314178,1
565_BRANCH0_616,1,0.00397588,1
565_BRANCH0_616,0,0.00439247,1
593_BRANCH0_665,1,0.00352183,1
593_BRANCH0_665,0,0.00463124,1
565_BRANCH0_619,1,0.00459238,1
565_BRANCH0_619,0,0.0041092,1
565,1,0.00374112,1
565,0,0.00322032,1
569_BRANCH0_628,1,0.00380809,1
569_BRANCH0_628,0,0.00378597,1
569_BRANCH0_631,1,0.00324031,1
569_BRANCH0_631,0,0.00295584,1
717_BRANCH0_793,1,0.00359241,1
717_BRANCH0_793,0,0.00338668,1
573_BRANCH0_632,1,0.00351368,1
573_BRANCH0_632,0,0.00317758,1
573_BRANCH0_635,1,0.00364662,1
573_BRANCH0_635,0,0.00333219,1
573_BRANCH0_640,1,0.00329922,1
573_BRANCH0_640,0,0.00321946,1
628,1,0.00344999,1
628,0,0.00330997,1
717,1,0.0030235,1
717,0,0.00332385,1
760,1,0.00308064,1
760,0,0.00476742,1
573,1,0.00308085,1
573,0,0.0028559,1
682_BRANCH0_742,1,0.00333405,1
682_BRANCH0_742,0,0.00333521,1
577_BRANCH0_641,1,0.00325793,1
577_BRANCH0_641,0,0.00324415,1
581_BRANCH0_651,1,0.00286708,1
581_BRANCH0_651,0,0.00297452,1
581_BRANCH0_654,1,0.00307214,1
581_BRANCH0_654,0,0.00292982,1
660,1,0.00289176,1
660,0,0.00279106,1
581_BRANCH0_659,1,0.00298231,1
581_BRANCH0_659,0,0.0030236,1
585,1,0.00292549,1
585,0,0.00285201,1
586,1,0.00301409,1
586,0,0.00563901,1
588,1,0.0028681,1
588,0,0.00306372,1
590_BRANCH0_662,1,0.00319119,1
590_BRANCH0_662,0,0.00301041,1
590_BRANCH0_665,1,0.00406689,1
590_BRANCH0_665,0,0.00322496,1
619_BRANCH0_812,1,0.00423134,1
619_BRANCH0_812,0,0.00418342,1
596,1,0.00324157,1
596,0,0.00380204,1
597_BRANCH0_670,1,0.00381919,1
597_BRANCH0_670,0,0.00289277,1
735,1,0.00310566,1
735,0,0.00307321,1
597_BRANCH0_673,1,0.00405522,1
597_BRANCH0_673,0,0.00337928,1
597,1,0.00453796,1
597,0,0.00314439,1
600_BRANCH0_766,1,0.00376681,1
600_BRANCH0_766,0,0.00387858,1
665_BRANCH0_736,1,0.00300897,1
665_BRANCH0_736,0,0.00400564,1
708_BRANCH0_790,1,0.00311326,1
708_BRANCH0_790,0,0.00302817,1
600_BRANCH0_814,1,0.00368868,1
600_BRANCH0_814,0,0.00403465,1
600,1,0.00396372,1
600,0,0.0039531,1
697_BRANCH0_749,1,0.0031568,1
697_BRANCH0_749,0,0.00280444,1
605,1,0.00296325,1
605,0,0.00427074,1
606_BRANCH0_682,1,0.00433633,1
606_BRANCH0_682,0,0.00299889,1
609_BRANCH0_682,1,0.00323915,1
609_BRANCH0_682,0,0.00323183,1
794,1,0.0029435,1
794,0,0.00402448,1
609_BRANCH0_764,1,0.00361213,1
609_BRANCH0_764,0,0.00394803,1
609_BRANCH0_766,1,0.00359765,1
609_BRANCH0_766,0,0.00391282,1
670_BRANCH0_738,1,0.00303278,1
670_BRANCH0_738,0,0.00401522,1
834,1,0.00380942,1
834,0,0.00310004,1
609_BRANCH0_813,1,0.00401616,1
609_BRANCH0_813,0,0.00421125,1
609_BRANCH0_814,1,0.00455418,1
609_BRANCH0_814,0,0.00455876,1
631,1,0.00308695,1
631,0,0.00386134,1
819,1,0.00334265,1
819,0,0.00346542,1
862,1,0.00218861,1
862,0,0.0030959,1
609,1,0.00415903,1
609,0,0.00436336,1
615,1,0.00308969,1
615,0,0.00382872,1
616_BRANCH0_692,1,0.00444135,1
616_BRANCH0_692,0,0.00398851,1
766,1,0.00391873,1
766,0,0.00299232,1
616,1,0.00421665,1
616,0,0.00406822,1
844,1,0.00285093,1
844,0,0.00344359,1
619_BRANCH0_692,1,0.00386121,1
619_BRANCH0_692,0,0.00435182,1
866,1,0.00308148,1
866,0,0.0032438,1
619_BRANCH0_813,1,0.00396443,1
619_BRANCH0_813,0,0.00430101,1
624,1,0.00322395,1
624,0,0.00388026,1
625_BRANCH0_697,1,0.00327734,1
625_BRANCH0_697,0,0.00269341,1
625,1,0.00331133,1
625,0,0.00346185,1
628_BRANCH0_700,1,0.00297153,1
628_BRANCH0_700,0,0.00334683,1
628_BRANCH0_795,1,0.00395285,1
628_BRANCH0_795,0,0.00364906,1
632_BRANCH0_705,1,0.00340354,1
632_BRANCH0_705,0,0.00326689,1
641_BRANCH0_717,1,0.00282616,1
641_BRANCH0_717,0,0.00324477,1
635_BRANCH0_708,1,0.00371343,1
635_BRANCH0_708,0,0.00320887,1
635_BRANCH0_734,1,0.00492321,1
635_BRANCH0_734,0,0.00376173,1
773_BRANCH0_795,1,0.00374698,1
773_BRANCH0_795,0,0.0040396,1
635_BRANCH0_762,1,0.00360242,1
635_BRANCH0_762,0,0.00344154,1
635_BRANCH0_763,1,0.00379185,1
635_BRANCH0_763,0,0.00376468,1
635,1,0.00381653,1
635,0,0.00339218,1
641_BRANCH0_713,1,0.00394797,1
641_BRANCH0_713,0,0.00347815,1
641,1,0.00335145,1
641,0,0.00333285,1
822,1,0.00321406,1
822,0,0.00366737,1
644,1,0.00377927,1
644,0,0.00343496,1
650,1,0.00309246,1
650,0,0.00401193,1
651_BRANCH0_727,1,0.00323938,1
651_BRANCH0_727,0,0.00298866,1
651,1,0.0040676,1
651,0,0.00294153,1
654_BRANCH0_732,1,0.0040106,1
654_BRANCH0_732,0,0.00359461,1
654_BRANCH0_734,1,0.00343844,1
654_BRANCH0_734,0,0.0036054,1
659,1,0.00306615,1
659,0,0.00385221,1
661,1,0.0030418,1
661,0,0.00292995,1
662_BRANCH0_737,1,0.00292084,1
662_BRANCH0_737,0,0.0038058,1
819_BRANCH0_833,1,0.00303409,1
819_BRANCH0_833,0,0.00370104,1
662,1,0.00290642,1
662,0,0.0031583,1
670,1,0.00314878,1
670,0,0.00370796,1
673_BRANCH0_739,1,0.00376326,1
673_BRANCH0_739,0,0.00327436,1
673_BRANCH0_832,1,0.00332658,1
673_BRANCH0_832,0,0.00323165,1
673,1,0.00337534,1
673,0,0.00352955,1
677,1,0.0160943,1
677,0,0.00304331,1
678_BRANCH0_741,1,0.00351602,1
678_BRANCH0_741,0,0.00385808,1
678_BRANCH0_743,1,0.00316059,1
678_BRANCH0_743,0,0.00476457,1
678,1,0.00315803,1
678,0,0.00466328,1
682_BRANCH0_835,1,0.00293521,1
682_BRANCH0_835,0,0.00361892,1
686,1,0.00322178,1
686,0,0.00298724,1
852,1,0.00319562,1
852,0,0.00339259,1
687_BRANCH0_744,1,0.00319912,1
687_BRANCH0_744,0,0.00445628,1
687_BRANCH0_746,1,0.00315885,1
687_BRANCH0_746,0,0.00420613,1
687_BRANCH0_764,1,0.00357665,1
687_BRANCH0_764,0,0.00438313,1
687,1,0.00364107,1
687,0,0.00458094,1
692_BRANCH0_745,1,0.00316457,1
692_BRANCH0_745,0,0.00308961,1
692_BRANCH0_806,1,0.00309232,1
692_BRANCH0_806,0,0.00377106,1
692_BRANCH0_807,1,0.00370093,1
692_BRANCH0_807,0,0.00461166,1
692,1,0.00374529,1
692,0,0.0044562,1
697_BRANCH0_747,1,0.00342012,1
697_BRANCH0_747,0,0.00398023,1
697,1,0.00318775,1
697,0,0.00302625,1
700_BRANCH0_788,1,0.00287099,1
700_BRANCH0_788,0,0.00305643,1
700_BRANCH0_789,1,0.00341175,1
700_BRANCH0_789,0,0.0032084,1
758,1,0.00316223,1
758,0,0.00335963,1
700,1,0.003279,1
700,0,0.00324698,1
704,1,0.00302073,1
704,0,0.00305787,1
705_BRANCH0_752,1,0.00296652,1
705_BRANCH0_752,0,0.0031098,1
708_BRANCH0_751,1,0.00293104,1
708_BRANCH0_751,0,0.00338069,1
713_BRANCH0_755,1,0.00281481,1
713_BRANCH0_755,0,0.00313077,1
713,1,0.00328875,1
713,0,0.00371752,1
722_BRANCH0_756,1,0.00350701,1
722_BRANCH0_756,0,0.00348541,1
722_BRANCH0_760,1,0.00327261,1
722_BRANCH0_760,0,0.00302911,1
722_BRANCH0_761,1,0.00341625,1
722_BRANCH0_761,0,0.00351414,1
722,1,0.00369951,1
722,0,0.00401638,1
727,1,0.00303767,1
727,0,0.00319143,1
732,1,0.00313014,1
732,0,0.00333116,1
734,1,0.00353104,1
734,0,0.00378335,1
736,1,0.00317494,1
736,0,0.00394723,1
738,1,0.0041199,1
738,0,0.00301284,1
741,1,0.00393755,1
741,0,0.00340741,1
812,1,0.00427155,1
812,0,0.0036547,1
742,1,0.00309222,1
742,0,0.00389888,1
743,1,0.00433608,1
743,0,0.00402443,1
870,1,0.00312393,1
870,0,0.002273,1
744,1,0.00369577,1
744,0,0.00323953,1
745,1,0.00316574,1
745,0,0.00340142,1
746,1,0.00319683,1
746,0,0.00389727,1
749,1,0.00310103,1
749,0,0.00352038,1
753,1,0.00354821,1
753,0,0.00307116,1
754,1,0.00312322,1
754,0,0.0039528,1
756,1,0.00336259,1
756,0,0.00295536,1
757,1,0.00310463,1
757,0,0.00305823,1
759,1,0.00293875,1
759,0,0.0036518,1
762,1,0.00357826,1
762,0,0.00352256,1
764,1,0.00374741,1
764,0,0.00311448,1
767,1,0.00323968,1
767,0,0.00294669,1
772,1,0.00303314,1
772,0,0.00307755,1
773_BRANCH0_788,1,0.00320874,1
773_BRANCH0_788,0,0.00288611,1
808,1,0.00307058,1
808,0,0.00368565,1
773_BRANCH0_789,1,0.00316613,1
773_BRANCH0_789,0,0.00300452,1
789,1,0.00315932,1
789,0,0.00293456,1
879,1,0.00387428,1
879,0,0.00219108,1
778_BRANCH0_790,1,0.0027965,1
778_BRANCH0_790,0,0.00323287,1
778,1,0.00357625,1
778,0,0.00321623,1
782_BRANCH0_792,1,0.00359687,1
782_BRANCH0_792,0,0.00390055,1
782,1,0.00317491,1
782,0,0.00325894,1
786,1,0.00294863,1
786,0,0.00347483,1
787,1,0.00407073,1
787,0,0.003051,1
795,1,0.0036799,1
795,0,0.00353027,1
796_BRANCH0_807,1,0.00302871,1
796_BRANCH0_807,0,0.00331743,1
796_BRANCH0_812,1,0.00339486,1
796_BRANCH0_812,0,0.00394488,1
796_BRANCH0_813,1,0.00331231,1
796_BRANCH0_813,0,0.00378395,1
796_BRANCH0_814,1,0.00320316,1
796_BRANCH0_814,0,0.0036694,1
796,1,0.00334726,1
796,0,0.00376807,1
802,1,0.0030917,1
802,0,0.00313736,1
803,1,0.002917,1
803,0,0.00334855,1
804,1,0.00296571,1
804,0,0.00309329,1
805,1,0.00361212,1
805,0,0.00285107,1
806,1,0.00360307,1
806,0,0.00307412,1
815_BRANCH0_830,1,0.00356955,1
815_BRANCH0_830,0,0.00349951,1
815_BRANCH0_831,1,0.00275539,1
815_BRANCH0_831,0,0.0035338,1
819_BRANCH0_832,1,0.00306009,1
819_BRANCH0_832,0,0.00333836,1
829,1,0.00226916,1
829,0,0.00298728,1
830,1,0.00330951,1
830,0,0.00319852,1
831,1,0.00323745,1
831,0,0.00366585,1
833,1,0.0029936,1
833,0,0.00357249,1
835,1,0.00348711,1
835,0,0.00435969,1
838,1,0.00339702,1
838,0,0.00209698,1
842,1,0.00276205,1
842,0,0.00364484,1
851,1,0.00309453,1
851,0,0.00428768,1
854,1,0.0037057,1
854,0,0.00218365,1
855,1,0.00337508,1
855,0,0.00207377,1
858,1,0.00265805,1
858,0,0.00329601,1
859,1,0.00324133,1
859,0,0.00343515,1
860,1,0.00353383,1
860,0,0.00339446,1
861,1,0.00327116,1
861,0,0.00277655,1
863,1,0.00329546,1
863,0,0.00226874,1
867,1,0.00297458,1
867,0,0.00238008,1
868,1,0.00304775,1
868,0,0.00205441,1
869,1,0.00280992,1
869,0,0.00209868,1
877,1,0.00308063,1
877,0,0.00213586,1
878,1,0.00333361,1
878,0,0.00226186,1
880,1,0.00291459,1
880,0,0.00225721,1
