185.664
254,1,0.00309142,1
254,0,0.00179803,1
415,1,0.00158043,1
415,0,0.00141502,1
250,1,0.00314221,1
250,0,0.00219955,1
341,1,0.00285285,1
341,0,0.00147718,1
247,1,0.00169654,1
247,0,0.00167464,1
236_BRANCH0_273,1,0.00242294,1
236_BRANCH0_273,0,0.00228223,1
247_BRANCH0_282,1,0.00164533,1
247_BRANCH0_282,0,0.00211505,1
246,1,0.00338849,1
246,0,0.00282246,1
157,1,0.00132682,1
157,0,0.00194432,1
30_BRANCH0_386,1,0.00165976,1
30_BRANCH0_386,0,0.00179416,1
243_BRANCH0_293,1,0.0017625,1
243_BRANCH0_293,0,0.00152895,1
273_BRANCH0_296,1,0.00252357,1
273_BRANCH0_296,0,0.00147426,1
243_BRANCH0_279,1,0.00272061,1
243_BRANCH0_279,0,0.00254867,1
239,1,0.00168172,1
239,0,0.00156652,1
239_BRANCH0_276,1,0.0027856,1
239_BRANCH0_276,0,0.00255782,1
236,1,0.00156026,1
236,0,0.0015625,1
411_BRANCH0_416,1,0.00293896,1
411_BRANCH0_416,0,1.30231,1
233_BRANCH0_270,1,0.00166121,1
233_BRANCH0_270,0,0.00224233,1
230,1,0.00183491,1
230,0,0.00196835,1
199_BRANCH0_223,1,0.00112252,1
199_BRANCH0_223,0,0.00107128,1
230_BRANCH0_289,1,0.00154499,1
230_BRANCH0_289,0,0.00170634,1
230_BRANCH0_267,1,0.00161589,1
230_BRANCH0_267,0,0.00241304,1
27,1,0.00152828,1
27,0,0.00163593,1
224,1,0.00177953,1
224,0,0.00139772,1
134,1,0.00159048,1
134,0,0.00156657,1
223,1,0.00130526,1
223,0,0.00102403,1
130,1,0.00142478,1
130,0,0.00160385,1
213_BRANCH0_259,1,0.00179045,1
213_BRANCH0_259,0,5.76618,0
213_BRANCH0_254,1,0.00151904,1
213_BRANCH0_254,0,0.00318457,1
213_BRANCH0_242,1,0.00147146,1
213_BRANCH0_242,0,0.00286569,1
203,1,0.00153831,1
203,0,0.00182801,1
203_BRANCH0_251,1,0.00254316,1
203_BRANCH0_251,0,0.00158822,1
191,1,0.00246641,1
191,0,0.00217155,1
203_BRANCH0_243,1,0.00245291,1
203_BRANCH0_243,0,0.00162346,1
171_BRANCH0_239,1,0.00190656,1
171_BRANCH0_239,0,0.00259275,1
416,1,0.00242504,1
416,0,1.2597,1
251_BRANCH0_295,1,0.0016216,1
251_BRANCH0_295,0,0.00160214,1
203_BRANCH0_236,1,0.0025012,1
203_BRANCH0_236,0,0.00162939,1
203_BRANCH0_230,1,0.00242463,1
203_BRANCH0_230,0,0.00178196,1
203_BRANCH0_227,1,0.00167924,1
203_BRANCH0_227,0,0.00214607,1
257,1,0.00313773,1
257,0,0.0029205,1
138,1,0.00163185,1
138,0,0.00168777,1
34_BRANCH0_185,1,0.00216331,1
34_BRANCH0_185,0,0.00204151,1
66_BRANCH0_375,1,0.0390975,1
66_BRANCH0_375,0,0.0167391,1
203_BRANCH0_224,1,0.00147587,1
203_BRANCH0_224,0,0.0018739,1
40_BRANCH0_373,1,0.403693,1
40_BRANCH0_373,0,0.0279338,1
199,1,0.00126029,1
199,0,0.00113347,1
69_BRANCH0_139,1,0.0020963,1
69_BRANCH0_139,0,0.00165944,1
86_BRANCH0_345,1,0.00323854,1
86_BRANCH0_345,0,0.00200979,1
296_BRANCH0_329,1,0.0012389,1
296_BRANCH0_329,0,0.0013965,1
197,1,0.00257117,1
197,0,0.00214346,1
196,1,0.00169603,1
196,0,0.00188325,1
123_BRANCH0_184,1,0.00194314,1
123_BRANCH0_184,0,0.00272534,1
195,1,0.00272363,1
195,0,0.00216331,1
192,1,0.00159286,1
192,0,0.00193503,1
189,1,0.00280751,1
189,0,0.00217284,1
308,1,0.00216392,1
308,0,0.001578,1
203_BRANCH0_233,1,0.00247248,1
203_BRANCH0_233,0,0.00164275,1
386_BRANCH0_416,1,0.00312164,1
386_BRANCH0_416,0,1.21709,1
386_BRANCH0_425,1,0.00275137,1
386_BRANCH0_425,0,0.00297196,1
187,1,0.00285345,1
187,0,0.00183993,1
158,1,0.00138083,1
158,0,0.00186101,1
251_BRANCH0_285,1,0.00166862,1
251_BRANCH0_285,0,0.00257094,1
184,1,0.00146467,1
184,0,0.00185968,1
285_BRANCH0_296,1,0.00263633,1
285_BRANCH0_296,0,0.00161255,1
183,1,0.00268235,1
183,0,0.00213918,1
73,1,0.00803937,1
73,0,0.00791224,1
180_BRANCH0_251,1,0.0019753,1
180_BRANCH0_251,0,0.00273072,1
263,1,0.00151494,1
263,0,0.00252215,1
180_BRANCH0_199,1,0.00163765,1
180_BRANCH0_199,0,0.00126673,1
177,1,0.00174516,1
177,0,0.001137,1
139,1,0.00149558,1
139,0,0.00249747,1
309_BRANCH0_337,1,0.00291729,1
309_BRANCH0_337,0,0.00159731,1
227_BRANCH0_264,1,0.00181763,1
227_BRANCH0_264,0,0.00262012,1
168_BRANCH0_199,1,0.00171127,1
168_BRANCH0_199,0,0.00126614,1
174,1,0.00150348,1
174,0,0.00132837,1
34_BRANCH0_338,1,0.425861,1
34_BRANCH0_338,0,0.0019985,1
174_BRANCH0_199,1,0.00166983,1
174_BRANCH0_199,0,0.00119154,1
171,1,0.00155259,1
171,0,0.0012477,1
95_BRANCH0_411,1,0.00160417,1
95_BRANCH0_411,0,0.00210432,1
174_BRANCH0_243,1,0.00200341,1
174_BRANCH0_243,0,0.00265106,1
224_BRANCH0_263,1,0.00188392,1
224_BRANCH0_263,0,0.00148556,1
180,1,0.00163445,1
180,0,0.00129866,1
168,1,0.00158136,1
168,0,0.00118768,1
165,1,0.00155507,1
165,0,0.00127248,1
162,1,0.00154501,1
162,0,0.00126372,1
159_BRANCH0_227,1,0.00215928,1
159_BRANCH0_227,0,0.00203975,1
21_BRANCH0_183,1,0.00212535,1
21_BRANCH0_183,0,0.00189053,1
213_BRANCH0_256,1,0.00190362,1
213_BRANCH0_256,0,0.00331506,1
4,1,0.00148173,1
4,0,0.00150585,1
154,1,0.00160476,1
154,0,0.00131558,1
159_BRANCH0_199,1,0.00152866,1
159_BRANCH0_199,0,0.00126036,1
194,1,0.00159603,1
194,0,0.00188038,1
154_BRANCH0_199,1,0.00168599,1
154_BRANCH0_199,0,0.00131809,1
151,1,0.00149637,1
151,0,0.00259965,1
47_BRANCH0_340,1,0.109726,1
47_BRANCH0_340,0,0.00209947,1
122,1,0.00166554,1
122,0,0.00161967,1
151_BRANCH0_198,1,0.0019604,1
151_BRANCH0_198,0,0.00279281,1
1_BRANCH0_242,1,0.00182862,1
1_BRANCH0_242,0,0.00222561,1
47_BRANCH0_187,1,0.00232666,1
47_BRANCH0_187,0,0.00226909,1
150,1,0.00170117,1
150,0,0.00159696,1
147,1,0.00158528,1
147,0,0.00225003,1
147_BRANCH0_195,1,0.00217265,1
147_BRANCH0_195,0,0.00283773,1
233_BRANCH0_290,1,0.00186435,1
233_BRANCH0_290,0,0.0017501,1
146,1,0.00175139,1
146,0,0.00158173,1
360,1,0.00319521,1
360,0,0.004367,1
171_BRANCH0_199,1,0.00165463,1
171_BRANCH0_199,0,0.00131022,1
143_BRANCH0_194,1,0.00181739,1
143_BRANCH0_194,0,0.00281337,1
255,1,0.00352782,1
255,0,0.00296729,1
139_BRANCH0_191,1,0.00220563,1
139_BRANCH0_191,0,0.0028093,1
213_BRANCH0_255,1,0.00182198,1
213_BRANCH0_255,0,0.0033133,1
79_BRANCH0_192,1,0.00198055,1
79_BRANCH0_192,0,0.00210221,1
199_BRANCH0_213,1,0.00334903,1
199_BRANCH0_213,0,0.00186036,1
340,1,0.00163057,1
340,0,0.00269062,1
348,1,0.00139006,1
348,0,0.00265349,1
135,1,0.00174301,1
135,0,0.00225429,1
213_BRANCH0_250,1,0.00174515,1
213_BRANCH0_250,0,0.00324027,1
151_BRANCH0_197,1,0.00231126,1
151_BRANCH0_197,0,0.00283246,1
360_BRANCH0_373,1,0.00277484,1
360_BRANCH0_373,0,0.00134502,1
135_BRANCH0_190,1,0.00186613,1
135_BRANCH0_190,0,0.00248298,1
309_BRANCH0_332,1,0.00239497,1
309_BRANCH0_332,0,0.00157654,1
350,1,0.00158531,1
350,0,0.00248808,1
135_BRANCH0_189,1,0.00220913,1
135_BRANCH0_189,0,0.00283119,1
131,1,0.00168742,1
131,0,0.00213074,1
127,1,0.00178548,1
127,0,0.0021955,1
335,1,0.00291924,1
335,0,0.00164861,1
227,1,0.00172384,1
227,0,0.00267848,1
213_BRANCH0_246,1,0.00173978,1
213_BRANCH0_246,0,0.00280328,1
79,1,0.0107847,1
79,0,0.0108099,1
177_BRANCH0_247,1,0.0020259,1
177_BRANCH0_247,0,0.00268088,1
56,1,0.00190349,1
56,0,0.00183292,1
56_BRANCH0_168,1,0.00174826,1
56_BRANCH0_168,0,0.00160704,1
53,1,0.148119,1
53,0,0.148869,1
159,1,0.00178146,1
159,0,0.00130386,1
8_BRANCH0_334,1,0.409507,1
8_BRANCH0_334,0,0.407077,1
53_BRANCH0_188,1,0.00204136,1
53_BRANCH0_188,0,0.00203307,1
50,1,0.001684,1
50,0,0.00172181,1
50_BRANCH0_255,1,0.00372334,1
50_BRANCH0_255,0,0.00324188,1
227_BRANCH0_288,1,0.00170846,1
227_BRANCH0_288,0,0.00151983,1
393_BRANCH0_429,1,13.1361,0
393_BRANCH0_429,0,0.0024321,1
50_BRANCH0_134,1,0.00175623,1
50_BRANCH0_134,0,0.00162334,1
27_BRANCH0_184,1,0.00182164,1
27_BRANCH0_184,0,0.00196748,1
40,1,0.403672,1
40,0,0.398788,1
309_BRANCH0_335,1,0.00239382,1
309_BRANCH0_335,0,0.00169795,1
73_BRANCH0_191,1,0.00219088,1
73_BRANCH0_191,0,0.00227678,1
247_BRANCH0_294,1,0.00174755,1
247_BRANCH0_294,0,0.00171181,1
37_BRANCH0_254,1,0.00381698,1
37_BRANCH0_254,0,0.00301206,1
224_BRANCH0_260,1,0.00190151,1
224_BRANCH0_260,0,0.00161111,1
239_BRANCH0_292,1,0.00166404,1
239_BRANCH0_292,0,0.00161757,1
108_BRANCH0_414,1,0.00178461,1
108_BRANCH0_414,0,0.00225002,1
199_BRANCH0_203,1,0.0022454,1
199_BRANCH0_203,0,0.00165486,1
119,1,0.00154032,1
119,0,0.00229997,1
258,1,0.00342545,1
258,0,0.00296588,1
177_BRANCH0_199,1,0.00169658,1
177_BRANCH0_199,0,0.00131895,1
14,1,5.93276,1
14,0,5.91279,1
30,1,0.00180641,1
30,0,0.00176561,1
319_BRANCH0_338,1,0.0025923,1
319_BRANCH0_338,0,0.00167049,1
56_BRANCH0_399,1,0.00177548,1
56_BRANCH0_399,0,0.00203468,1
127_BRANCH0_186,1,0.00205852,1
127_BRANCH0_186,0,0.0027845,1
43_BRANCH0_393,1,0.0017727,1
43_BRANCH0_393,0,0.00200974,1
17,1,0.00165361,1
17,0,0.00172622,1
11,1,0.0013032,1
11,0,0.00129969,1
236_BRANCH0_291,1,0.00169901,1
236_BRANCH0_291,0,0.00162162,1
69_BRANCH0_404,1,0.0019523,1
69_BRANCH0_404,0,0.0020717,1
37_BRANCH0_130,1,0.00175329,1
37_BRANCH0_130,0,0.00165328,1
233,1,0.0016373,1
233,0,0.00166954,1
11_BRANCH0_122,1,0.00182918,1
11_BRANCH0_122,0,0.00171155,1
360_BRANCH0_376,1,0.00290052,1
360_BRANCH0_376,0,0.00161336,1
213_BRANCH0_257,1,0.00181885,1
213_BRANCH0_257,0,0.00334121,1
17_BRANCH0_123,1,0.00227915,1
17_BRANCH0_123,0,0.0020904,1
294,1,0.0017073,1
294,0,0.0027135,1
30_BRANCH0_127,1,0.0022213,1
30_BRANCH0_127,0,0.00176473,1
162_BRANCH0_199,1,0.00172768,1
162_BRANCH0_199,0,0.00122255,1
60,1,0.0264354,1
60,0,0.0261878,1
105_BRANCH0_196,1,0.00207012,1
105_BRANCH0_196,0,0.00195571,1
267_BRANCH0_296,1,0.00276027,1
267_BRANCH0_296,0,0.00147365,1
56_BRANCH0_135,1,0.00224362,1
56_BRANCH0_135,0,0.00170076,1
418,1,0.0019676,1
418,0,0.00240135,1
24,1,0.00164862,1
24,0,0.00157009,1
63_BRANCH0_256,1,0.00380252,1
63_BRANCH0_256,0,0.00291587,1
168_BRANCH0_236,1,0.00196555,1
168_BRANCH0_236,0,0.00260592,1
347,1,8.85696,0
347,0,0.00280181,1
60_BRANCH0_189,1,0.00223661,1
60_BRANCH0_189,0,0.00239862,1
24_BRANCH0_250,1,0.00384209,1
24_BRANCH0_250,0,0.00347614,1
127_BRANCH0_185,1,0.00224676,1
127_BRANCH0_185,0,0.00291454,1
213_BRANCH0_258,1,0.00184448,1
213_BRANCH0_258,0,0.00343686,1
256,1,0.0033301,1
256,0,0.00328926,1
34,1,0.426551,1
34,0,0.425535,1
259,1,5.75669,0
259,0,0.00279087,1
37,1,0.0017699,1
37,0,0.00167807,1
89_BRANCH0_146,1,0.00167188,1
89_BRANCH0_146,0,0.00171099,1
119_BRANCH0_158,1,0.00189672,1
119_BRANCH0_158,0,0.00293153,1
1,1,0.00155567,1
1,0,0.00151665,1
76_BRANCH0_257,1,0.00368245,1
76_BRANCH0_257,0,0.00334866,1
43_BRANCH0_131,1,0.00236425,1
43_BRANCH0_131,0,0.00182222,1
17_BRANCH0_381,1,0.00167268,1
17_BRANCH0_381,0,0.00203899,1
4_BRANCH0_154,1,0.00192827,1
4_BRANCH0_154,0,0.00172982,1
63,1,0.00157615,1
63,0,0.00161013,1
123,1,0.00186513,1
123,0,0.00217172,1
14_BRANCH0_371,1,4.74421,1
14_BRANCH0_371,0,0.00251754,1
147_BRANCH0_196,1,0.00209883,1
147_BRANCH0_196,0,0.00276471,1
99_BRANCH0_346,1,0.00174269,1
99_BRANCH0_346,0,0.00205735,1
353,1,0.00171184,1
353,0,0.00202138,1
82_BRANCH0_143,1,0.00225306,1
82_BRANCH0_143,0,0.00174441,1
354,1,0.00171221,1
354,0,0.00193496,1
126,1,0.00166866,1
126,0,0.00173895,1
30_BRANCH0_162,1,0.00164892,1
30_BRANCH0_162,0,0.00168384,1
165_BRANCH0_199,1,0.00162177,1
165_BRANCH0_199,0,0.00135855,1
285_BRANCH0_343,1,0.00151162,1
285_BRANCH0_343,0,0.00190182,1
53_BRANCH0_374,1,0.149015,1
53_BRANCH0_374,0,0.0593188,1
1_BRANCH0_118,1,0.00179251,1
1_BRANCH0_118,0,0.00168964,1
143,1,0.00160258,1
143,0,0.00219799,1
304,1,0.00277469,1
304,0,0.00160891,1
112_BRANCH0_347,1,0.00183985,1
112_BRANCH0_347,0,8.62857,0
60_BRANCH0_342,1,0.0260838,1
60_BRANCH0_342,0,0.00211542,1
330,1,0.00291095,1
330,0,0.0015302,1
86,1,0.00323326,1
86,0,0.00343854,1
243,1,0.00169708,1
243,0,0.00159304,1
17_BRANCH0_159,1,0.00173828,1
17_BRANCH0_159,0,0.00170714,1
92_BRANCH0_194,1,0.00192691,1
92_BRANCH0_194,0,0.00215011,1
43,1,0.0019184,1
43,0,0.00181894,1
8_BRANCH0_157,1,0.00204473,1
8_BRANCH0_157,0,0.00202184,1
198,1,0.00166519,1
198,0,0.00191239,1
8,1,0.494893,1
8,0,0.492923,1
21_BRANCH0_336,1,0.00176052,1
21_BRANCH0_336,0,0.00177645,1
21,1,0.00183852,1
21,0,0.00160472,1
339,1,0.00287245,1
339,0,0.00165899,1
105,1,0.00584197,1
105,0,0.0058263,1
43_BRANCH0_165,1,0.0017001,1
43_BRANCH0_165,0,0.00171766,1
143_BRANCH0_193,1,0.0023119,1
143_BRANCH0_193,0,0.00285043,1
82,1,0.00186978,1
82,0,0.00184237,1
24_BRANCH0_126,1,0.00174407,1
24_BRANCH0_126,0,0.00170356,1
92_BRANCH0_377,1,0.0182833,1
92_BRANCH0_377,0,0.00180236,1
4_BRANCH0_119,1,0.00224858,1
4_BRANCH0_119,0,0.00179044,1
260_BRANCH0_296,1,0.0014284,1
260_BRANCH0_296,0,0.00211128,1
289,1,0.0015096,1
289,0,0.00273363,1
27_BRANCH0_372,1,0.00143769,1
27_BRANCH0_372,0,0.0019994,1
407_BRANCH0_429,1,0.00300596,1
407_BRANCH0_429,0,0.00273762,1
193,1,0.00274622,1
193,0,0.00220792,1
190,1,0.00159272,1
190,0,0.00200552,1
139_BRANCH0_192,1,0.00205427,1
139_BRANCH0_192,0,0.00281335,1
306,1,0.0028317,1
306,0,0.00162543,1
404_BRANCH0_418,1,0.00309241,1
404_BRANCH0_418,0,0.0019218,1
432,1,0.00334249,1
432,0,0.00256687,1
63_BRANCH0_138,1,0.00172238,1
63_BRANCH0_138,0,0.00181593,1
47,1,0.00184939,1
47,0,0.107877,1
105_BRANCH0_378,1,0.00587504,1
105_BRANCH0_378,0,0.00501978,1
203_BRANCH0_239,1,0.00265564,1
203_BRANCH0_239,0,0.001608,1
102_BRANCH0_259,1,0.00309705,1
102_BRANCH0_259,0,7.8598,0
66_BRANCH0_190,1,0.00182715,1
66_BRANCH0_190,0,0.00200054,1
273_BRANCH0_335,1,0.00206419,1
273_BRANCH0_335,0,0.0019924,1
142,1,0.001746,1
142,0,0.00163813,1
307,1,0.00245027,1
307,0,0.00172967,1
393,1,0.003016,1
393,0,0.00187499,1
66,1,0.0391471,1
66,0,0.0391008,1
186,1,0.00164924,1
186,0,0.00194667,1
108_BRANCH0_180,1,0.00173963,1
108_BRANCH0_180,0,0.00168264,1
99_BRANCH0_195,1,0.0020459,1
99_BRANCH0_195,0,0.00221391,1
112_BRANCH0_197,1,0.00223079,1
112_BRANCH0_197,0,0.00220514,1
11_BRANCH0_246,1,0.00255086,1
11_BRANCH0_246,0,0.00247543,1
185,1,0.00282241,1
185,0,0.00205838,1
273,1,0.00283056,1
273,0,0.00189558,1
213,1,0.0018104,1
213,0,0.00343055,1
345,1,0.00154457,1
345,0,0.00327537,1
131_BRANCH0_188,1,0.00200189,1
131_BRANCH0_188,0,0.00285792,1
69_BRANCH0_171,1,0.00198176,1
69_BRANCH0_171,0,0.00165682,1
69,1,0.00187272,1
69,0,0.00186767,1
404,1,0.00308674,1
404,0,0.00184139,1
14_BRANCH0_158,1,0.00205261,1
14_BRANCH0_158,0,0.00200506,1
95,1,0.0019183,1
95,0,0.00190245,1
73_BRANCH0_344,1,0.00808697,1
73_BRANCH0_344,0,0.00207222,1
99,1,0.00225297,1
99,0,0.00228572,1
162_BRANCH0_230,1,0.00209349,1
162_BRANCH0_230,0,0.00256591,1
360_BRANCH0_378,1,0.00314953,1
360_BRANCH0_378,0,0.00161246,1
76_BRANCH0_142,1,0.00172011,1
76_BRANCH0_142,0,0.00164841,1
346,1,0.00152142,1
346,0,0.00275408,1
4_BRANCH0_380,1,0.0018376,1
4_BRANCH0_380,0,0.00149098,1
92,1,0.0183232,1
92,0,0.0185495,1
82_BRANCH0_174,1,0.00179485,1
82_BRANCH0_174,0,0.00165979,1
89_BRANCH0_258,1,0.00381757,1
89_BRANCH0_258,0,0.00351748,1
381_BRANCH0_416,1,0.00305236,1
381_BRANCH0_416,0,1.22195,1
82_BRANCH0_407,1,0.002001,1
82_BRANCH0_407,0,0.00199816,1
301,1,0.00217692,1
301,0,0.00157464,1
86_BRANCH0_193,1,0.00226347,1
86_BRANCH0_193,0,0.00203939,1
309_BRANCH0_341,1,0.0029851,1
309_BRANCH0_341,0,0.00168094,1
89,1,0.00194394,1
89,0,0.00166878,1
260_BRANCH0_330,1,0.00143855,1
260_BRANCH0_330,0,0.00216722,1
285,1,0.00271287,1
285,0,0.00203172,1
309_BRANCH0_331,1,0.00291417,1
309_BRANCH0_331,0,0.00165689,1
251,1,0.00162832,1
251,0,0.00169704,1
386,1,0.00294681,1
386,0,0.00214201,1
95_BRANCH0_147,1,0.00227488,1
95_BRANCH0_147,0,0.00174023,1
276_BRANCH0_337,1,0.00172061,1
276_BRANCH0_337,0,0.00286163,1
102,1,0.00196331,1
102,0,0.00166215,1
379,1,29.6411,0
379,0,0.00263652,1
95_BRANCH0_177,1,0.00176976,1
95_BRANCH0_177,0,0.00166764,1
319_BRANCH0_336,1,0.00199171,1
319_BRANCH0_336,0,0.00157607,1
404_BRANCH0_416,1,0.00296111,1
404_BRANCH0_416,0,1.25856,1
154_BRANCH0_224,1,0.00198235,1
154_BRANCH0_224,0,0.00156391,1
242,1,0.00228516,1
242,0,0.00141932,1
342,1,0.00150187,1
342,0,0.00301972,1
360_BRANCH0_377,1,0.00328599,1
360_BRANCH0_377,0,0.00154639,1
102_BRANCH0_150,1,0.00168355,1
102_BRANCH0_150,0,0.00167568,1
381_BRANCH0_432,1,0.00246586,1
381_BRANCH0_432,0,0.00284437,1
188,1,0.00177079,1
188,0,0.0020339,1
333,1,0.00300271,1
333,0,0.00177016,1
108_BRANCH0_151,1,0.00233619,1
108_BRANCH0_151,0,0.00175249,1
115_BRANCH0_198,1,0.00204953,1
115_BRANCH0_198,0,0.00214088,1
203_BRANCH0_247,1,0.00278266,1
203_BRANCH0_247,0,0.001751,1
131_BRANCH0_187,1,0.00234838,1
131_BRANCH0_187,0,0.00287588,1
76,1,0.00193702,1
76,0,0.00170635,1
108,1,0.0018473,1
108,0,0.00192453,1
112,1,0.00183474,1
112,0,0.00183961,1
115_BRANCH0_379,1,0.00203288,1
115_BRANCH0_379,0,25.1671,0
319_BRANCH0_334,1,0.00219468,1
319_BRANCH0_334,0,0.00190574,1
378,1,0.0015803,1
378,0,0.00331438,1
115,1,0.00226617,1
115,0,0.00226387,1
118,1,0.00175143,1
118,0,0.00173653,1
332,1,0.00179346,1
332,0,0.00182297,1
386_BRANCH0_431,1,0.00223555,1
386_BRANCH0_431,0,0.00219635,1
119_BRANCH0_157,1,0.00211383,1
119_BRANCH0_157,0,0.00270814,1
79_BRANCH0_376,1,0.0107269,1
79_BRANCH0_376,0,0.00565048,1
393_BRANCH0_425,1,0.00262486,1
393_BRANCH0_425,0,0.00302364,1
123_BRANCH0_183,1,0.00218065,1
123_BRANCH0_183,0,0.00287553,1
165_BRANCH0_233,1,0.00202307,1
165_BRANCH0_233,0,0.00268869,1
334,1,0.406298,1
334,0,0.00138932,1
40_BRANCH0_186,1,0.00196119,1
40_BRANCH0_186,0,0.00211845,1
422_BRANCH0_432,1,0.0028295,1
422_BRANCH0_432,0,0.00268935,1
260,1,0.00157158,1
260,0,0.00207788,1
264_BRANCH0_296,1,0.0023754,1
264_BRANCH0_296,0,0.00209039,1
300,1,0.00267424,1
300,0,0.00144617,1
264_BRANCH0_331,1,0.00156767,1
264_BRANCH0_331,0,0.00287195,1
264,1,0.00247046,1
264,0,0.00215891,1
357,1,0.00121234,1
357,0,0.00208741,1
267_BRANCH0_332,1,0.00154802,1
267_BRANCH0_332,0,0.00225403,1
267,1,0.00231965,1
267,0,0.00145223,1
270_BRANCH0_296,1,0.0026005,1
270_BRANCH0_296,0,0.00156546,1
352,1,0.00154618,1
352,0,0.00273538,1
270_BRANCH0_333,1,0.00169923,1
270_BRANCH0_333,0,0.0028971,1
425_BRANCH0_432,1,0.00296666,1
425_BRANCH0_432,0,0.0027266,1
270,1,0.00236896,1
270,0,0.00165808,1
276_BRANCH0_296,1,0.00266032,1
276_BRANCH0_296,0,0.00142332,1
276,1,0.00261935,1
276,0,0.00193825,1
309_BRANCH0_330,1,0.00215221,1
309_BRANCH0_330,0,0.00165061,1
411_BRANCH0_420,1,0.00263386,1
411_BRANCH0_420,0,0.00148728,1
279_BRANCH0_296,1,0.00229163,1
279_BRANCH0_296,0,0.00205275,1
279_BRANCH0_339,1,0.00168719,1
279_BRANCH0_339,0,0.00286968,1
279,1,0.00234105,1
279,0,0.00213432,1
282_BRANCH0_296,1,0.0026016,1
282_BRANCH0_296,0,0.00145572,1
282_BRANCH0_341,1,0.00168296,1
282_BRANCH0_341,0,0.00286881,1
282,1,0.00277463,1
282,0,0.00195599,1
288,1,0.00157711,1
288,0,0.00284308,1
290,1,0.00174285,1
290,0,0.00272234,1
291,1,0.00171629,1
291,0,0.00272158,1
292,1,0.00175695,1
292,0,0.00221787,1
293,1,0.00170733,1
293,0,0.00275636,1
295,1,0.00164058,1
295,0,0.00212418,1
296_BRANCH0_309,1,0.00163116,1
296_BRANCH0_309,0,0.00294253,1
296_BRANCH0_319,1,0.00968751,1
296_BRANCH0_319,0,0.00298153,1
296,1,0.00128062,1
296,0,0.00185346,1
302,1,0.00268437,1
302,0,0.00173436,1
303,1,0.00211552,1
303,0,0.00172251,1
305,1,0.00206574,1
305,0,0.00172936,1
309_BRANCH0_333,1,0.00290376,1
309_BRANCH0_333,0,0.00174343,1
309_BRANCH0_339,1,0.00215646,1
309_BRANCH0_339,0,0.00166621,1
399_BRANCH0_428,1,0.00266186,1
399_BRANCH0_428,0,0.00305709,1
309_BRANCH0_343,1,0.00259808,1
309_BRANCH0_343,0,0.00173592,1
319_BRANCH0_345,1,0.00278061,1
319_BRANCH0_345,0,0.00163332,1
309,1,0.00297821,1
309,0,0.00155798,1
319_BRANCH0_340,1,0.00325944,1
319_BRANCH0_340,0,0.00173643,1
319_BRANCH0_342,1,0.00235106,1
319_BRANCH0_342,0,0.00166391,1
319_BRANCH0_344,1,0.00327464,1
319_BRANCH0_344,0,0.00163668,1
319_BRANCH0_346,1,0.00299411,1
319_BRANCH0_346,0,0.00191247,1
319_BRANCH0_347,1,0.00370737,1
319_BRANCH0_347,0,9.12832,0
331,1,0.00278391,1
331,0,0.00170821,1
319,1,0.00345217,1
319,0,0.00987585,1
329,1,0.00155772,1
329,0,0.00127629,1
336,1,0.00142461,1
336,0,0.00220689,1
357_BRANCH0_360,1,0.00425384,1
357_BRANCH0_360,0,0.00367757,1
337,1,0.00298738,1
337,0,0.0016997,1
338,1,0.00169429,1
338,0,0.00301306,1
343,1,0.00219438,1
343,0,0.00173371,1
344,1,0.00161264,1
344,0,0.00300501,1
386_BRANCH0_422,1,0.00221776,1
386_BRANCH0_422,0,0.00331529,1
349,1,0.00163094,1
349,0,0.00266729,1
351,1,0.00177285,1
351,0,0.00269669,1
355,1,0.00166127,1
355,0,0.00270003,1
356,1,0.0016274,1
356,0,0.00263164,1
357_BRANCH0_370,1,0.00127022,1
357_BRANCH0_370,0,0.00278798,1
360_BRANCH0_371,1,0.00320814,1
360_BRANCH0_371,0,0.00229248,1
360_BRANCH0_372,1,0.00238386,1
360_BRANCH0_372,0,0.00132016,1
360_BRANCH0_374,1,0.00319911,1
360_BRANCH0_374,0,0.00175441,1
360_BRANCH0_375,1,0.00305642,1
360_BRANCH0_375,0,0.00136927,1
360_BRANCH0_379,1,0.00298654,1
360_BRANCH0_379,0,31.3707,0
370,1,0.00175614,1
370,0,0.0012544,1
371,1,4.77321,1
371,0,0.0014319,1
372,1,0.00118931,1
372,0,0.00292613,1
373,1,0.00152402,1
373,0,0.00293224,1
374,1,0.00174752,1
374,0,0.00310229,1
375,1,0.00159965,1
375,0,0.00290188,1
376,1,0.00179691,1
376,0,0.00262714,1
377,1,0.00170283,1
377,0,0.00274939,1
380,1,0.00157579,1
380,0,0.00307118,1
381_BRANCH0_430,1,0.00292535,1
381_BRANCH0_430,0,0.00138352,1
381_BRANCH0_431,1,0.00287651,1
381_BRANCH0_431,0,0.00221664,1
381,1,0.00264867,1
381,0,0.00270135,1
386_BRANCH0_429,1,0.00315287,1
386_BRANCH0_429,0,0.00268971,1
386_BRANCH0_430,1,0.00301244,1
386_BRANCH0_430,0,0.00145813,1
393_BRANCH0_416,1,0.00350005,1
393_BRANCH0_416,0,1.23134,1
393_BRANCH0_417,1,0.00269024,1
393_BRANCH0_417,0,0.00206459,1
393_BRANCH0_428,1,0.00250589,1
393_BRANCH0_428,0,0.00301762,1
399_BRANCH0_416,1,0.00341718,1
399_BRANCH0_416,0,1.24039,1
399_BRANCH0_425,1,0.0028089,1
399_BRANCH0_425,0,0.00277104,1
399_BRANCH0_430,1,0.00295314,1
399_BRANCH0_430,0,0.00152748,1
399,1,0.00232694,1
399,0,0.00153022,1
407_BRANCH0_416,1,0.00338517,1
407_BRANCH0_416,0,1.28011,1
407_BRANCH0_419,1,0.00244077,1
407_BRANCH0_419,0,0.00177595,1
407,1,0.00331345,1
407,0,0.00270057,1
411,1,0.00332264,1
411,0,0.00141813,1
414,1,0.00344786,1
414,0,1.45889,1
417,1,0.00212215,1
417,0,0.00243236,1
419,1,0.00132013,1
419,0,0.00258231,1
420,1,0.00137208,1
420,0,0.00333833,1
421,1,0.0014108,1
421,0,0.00157895,1
422_BRANCH0_430,1,0.00272851,1
422_BRANCH0_430,0,0.00293606,1
422,1,0.00274128,1
422,0,0.00220616,1
425_BRANCH0_431,1,0.00297443,1
425_BRANCH0_431,0,0.00306672,1
425,1,0.0030401,1
425,0,0.00277693,1
428,1,0.00300548,1
428,0,0.00229249,1
429,1,0.00271001,1
429,0,0.00240018,1
430,1,0.00132221,1
430,0,0.00188088,1
431,1,0.00206373,1
431,0,0.00220511,1
