0.00548233
m_BRANCH0_q,1,0.000108482,1
m_BRANCH0_q,0,9.2248e-05,0
m_BRANCH0_Z,1,0.000111953,1
m_BRANCH0_Z,0,0.000117731,1
d_BRANCH0_X,1,0.000104056,1
d_BRANCH0_X,0,8.8058e-05,0
d_BRANCH0_r,1,0.000125694,1
d_BRANCH0_r,0,9.1566e-05,1
X,1,8.9014e-05,0
X,0,7.6231e-05,1
m_BRANCH0_r,1,9.6515e-05,1
m_BRANCH0_r,0,9.6881e-05,1
B,1,0.000117615,1
B,0,0.0001281,1
d,1,9.4482e-05,1
d,0,0.000124784,1
d_BRANCH0_m,1,0.000163315,1
d_BRANCH0_m,0,8.744e-05,1
s_BRANCH0_v,1,0.000133591,0
s_BRANCH0_v,0,0.000104502,1
B_BRANCH0_m,1,5.8232e-05,0
B_BRANCH0_m,0,8.5889e-05,1
B_BRANCH0_v,1,5.5769e-05,0
B_BRANCH0_v,0,0.000110336,1
C,1,0.000175385,1
C,0,0.000166685,1
s_BRANCH0_Y,1,0.000138404,0
s_BRANCH0_Y,0,8.1415e-05,1
B_BRANCH0_d,1,9.0873e-05,1
B_BRANCH0_d,0,0.000122221,1
A,1,0.000118256,1
A,0,0.000119403,1
m,1,0.000101848,1
m,0,0.000118258,1
r_BRANCH0_s,1,9.4369e-05,1
r_BRANCH0_s,0,0.000133476,0
Y,1,0.000124716,0
Y,0,8.078e-05,1
r_BRANCH0_X,1,0.000136,1
r_BRANCH0_X,0,0.000131737,0
Z,1,0.000162049,1
Z,0,8.8254e-05,1
r,1,8.3533e-05,1
r,0,0.000123133,0
q,1,7.9871e-05,0
q,0,8.1329e-05,1
s,1,0.000124855,0
s,0,7.6259e-05,1
v,1,0.000124937,0
v,0,0.000141798,1
