0.00507609
m_BRANCH0_q,1,0.000156726,1
m_BRANCH0_q,0,9.107e-05,0
m_BRANCH0_Z,1,8.4135e-05,1
m_BRANCH0_Z,0,0.000123249,1
d_BRANCH0_X,1,0.000107195,1
d_BRANCH0_X,0,8.8024e-05,0
d_BRANCH0_r,1,7.9986e-05,1
d_BRANCH0_r,0,9.3098e-05,1
X,1,8.55e-05,0
X,0,3.5641e-05,1
m_BRANCH0_r,1,8.2077e-05,1
m_BRANCH0_r,0,9.0094e-05,1
B,1,0.000119588,1
B,0,0.000119848,1
d,1,0.000119765,1
d,0,0.000134639,1
d_BRANCH0_m,1,0.000120143,1
d_BRANCH0_m,0,9.0845e-05,1
s_BRANCH0_v,1,9.7642e-05,0
s_BRANCH0_v,0,0.000129859,1
B_BRANCH0_m,1,5.0846e-05,0
B_BRANCH0_m,0,8.0463e-05,1
B_BRANCH0_v,1,4.5528e-05,0
B_BRANCH0_v,0,0.000106766,1
C,1,0.000170443,1
C,0,0.000170269,1
s_BRANCH0_Y,1,9.7671e-05,0
s_BRANCH0_Y,0,9.3996e-05,1
B_BRANCH0_d,1,9.112e-05,1
B_BRANCH0_d,0,0.000127949,1
A,1,0.000121135,1
A,0,0.000119029,1
m,1,9.3562e-05,1
m,0,0.000115798,1
r_BRANCH0_s,1,9.462e-05,1
r_BRANCH0_s,0,0.00010292,0
Y,1,9.3378e-05,0
Y,0,8.5904e-05,1
r_BRANCH0_X,1,9.3994e-05,1
r_BRANCH0_X,0,0.000100272,0
Z,1,0.000112922,1
Z,0,0.000101772,1
r,1,9.4514e-05,1
r,0,9.7228e-05,0
q,1,7.8315e-05,0
q,0,8.2476e-05,1
s,1,0.000100166,0
s,0,9.2635e-05,1
v,1,0.000100074,0
v,0,0.000111201,1
