136.376
254,1,0.00326154,1
254,0,0.00259507,1
415,1,0.00254234,1
415,0,0.00155894,1
250,1,0.00328423,1
250,0,0.00258263,1
341,1,0.00293423,1
341,0,0.00166563,1
247,1,0.00172535,1
247,0,0.00161105,1
236_BRANCH0_273,1,0.00234483,1
236_BRANCH0_273,0,0.00261421,1
247_BRANCH0_282,1,0.00260525,1
247_BRANCH0_282,0,0.00239255,1
246,1,0.00302233,1
246,0,0.00229793,1
157,1,0.00148022,1
157,0,0.00262105,1
30_BRANCH0_386,1,0.00173079,1
30_BRANCH0_386,0,0.0020368,1
243_BRANCH0_293,1,0.0017778,1
243_BRANCH0_293,0,0.00169273,1
273_BRANCH0_296,1,0.00181523,1
273_BRANCH0_296,0,0.00140845,1
243_BRANCH0_279,1,0.00204164,1
243_BRANCH0_279,0,0.00242946,1
239,1,0.00166165,1
239,0,0.00157646,1
239_BRANCH0_276,1,0.00214201,1
239_BRANCH0_276,0,0.00239182,1
236,1,0.00170166,1
236,0,0.00162837,1
411_BRANCH0_416,1,0.00258779,1
411_BRANCH0_416,0,1.34298,1
233_BRANCH0_270,1,0.00240057,1
233_BRANCH0_270,0,0.00255535,1
230,1,0.00166138,1
230,0,0.00198833,1
199_BRANCH0_223,1,0.00107894,1
199_BRANCH0_223,0,0.00108684,1
230_BRANCH0_289,1,0.00160518,1
230_BRANCH0_289,0,0.00165256,1
230_BRANCH0_267,1,0.00262733,1
230_BRANCH0_267,0,0.00195214,1
27,1,0.00164215,1
27,0,0.0015172,1
224,1,0.00164452,1
224,0,0.00153174,1
134,1,0.00179177,1
134,0,0.00163789,1
223,1,0.00133929,1
223,0,0.00100792,1
130,1,0.00161236,1
130,0,0.00161488,1
213_BRANCH0_259,1,0.0017352,1
213_BRANCH0_259,0,4.33517,0
213_BRANCH0_254,1,0.00153879,1
213_BRANCH0_254,0,0.0033013,1
213_BRANCH0_242,1,0.00144454,1
213_BRANCH0_242,0,0.00314283,1
203,1,0.00150337,1
203,0,0.00206671,1
203_BRANCH0_251,1,0.00258424,1
203_BRANCH0_251,0,0.00157311,1
191,1,0.00253698,1
191,0,0.00260149,1
203_BRANCH0_243,1,0.00205852,1
203_BRANCH0_243,0,0.00171153,1
171_BRANCH0_239,1,0.00209681,1
171_BRANCH0_239,0,0.00213338,1
416,1,0.00242388,1
416,0,1.26971,1
251_BRANCH0_295,1,0.00178804,1
251_BRANCH0_295,0,0.0016137,1
203_BRANCH0_236,1,0.00261363,1
203_BRANCH0_236,0,0.00163403,1
203_BRANCH0_230,1,0.00258557,1
203_BRANCH0_230,0,0.00163449,1
203_BRANCH0_227,1,0.00199325,1
203_BRANCH0_227,0,0.00217523,1
257,1,0.00340539,1
257,0,0.00263207,1
138,1,0.00182334,1
138,0,0.00162856,1
34_BRANCH0_185,1,0.00252211,1
34_BRANCH0_185,0,0.00262486,1
66_BRANCH0_375,1,0.00162262,1
66_BRANCH0_375,0,0.00166683,1
203_BRANCH0_224,1,0.00144205,1
203_BRANCH0_224,0,0.00206942,1
40_BRANCH0_373,1,0.00172599,1
40_BRANCH0_373,0,0.00175436,1
199,1,0.00110103,1
199,0,0.00108084,1
69_BRANCH0_139,1,0.00216813,1
69_BRANCH0_139,0,0.00172533,1
86_BRANCH0_345,1,0.00173526,1
86_BRANCH0_345,0,0.00186344,1
296_BRANCH0_329,1,0.00125026,1
296_BRANCH0_329,0,0.00160017,1
197,1,0.00237992,1
197,0,0.00236231,1
196,1,0.00161178,1
196,0,0.0019634,1
123_BRANCH0_184,1,0.00183746,1
123_BRANCH0_184,0,0.00286788,1
195,1,0.00259874,1
195,0,0.00299745,1
192,1,0.00158848,1
192,0,0.0020853,1
189,1,0.00254216,1
189,0,0.00212801,1
308,1,0.00254428,1
308,0,0.00169206,1
203_BRANCH0_233,1,0.00255996,1
203_BRANCH0_233,0,0.00171033,1
386_BRANCH0_416,1,0.00300598,1
386_BRANCH0_416,0,1.23847,1
386_BRANCH0_425,1,0.00236595,1
386_BRANCH0_425,0,0.00314114,1
187,1,0.00280406,1
187,0,0.00226121,1
158,1,0.00141362,1
158,0,0.00187398,1
251_BRANCH0_285,1,0.00192202,1
251_BRANCH0_285,0,0.00210391,1
184,1,0.00160343,1
184,0,0.00185222,1
285_BRANCH0_296,1,0.00274104,1
285_BRANCH0_296,0,0.00157663,1
183,1,0.00241377,1
183,0,0.00223458,1
73,1,0.0020204,1
73,0,0.0017894,1
180_BRANCH0_251,1,0.00190027,1
180_BRANCH0_251,0,0.00277513,1
263,1,0.00141085,1
263,0,0.00272214,1
180_BRANCH0_199,1,0.00181107,1
180_BRANCH0_199,0,0.00140273,1
177,1,0.00154508,1
177,0,0.00115333,1
139,1,0.00156277,1
139,0,0.00238972,1
309_BRANCH0_337,1,0.00228161,1
309_BRANCH0_337,0,0.00162255,1
227_BRANCH0_264,1,0.00239049,1
227_BRANCH0_264,0,0.00265544,1
168_BRANCH0_199,1,0.00156259,1
168_BRANCH0_199,0,0.00129629,1
174,1,0.00171144,1
174,0,0.00118402,1
34_BRANCH0_338,1,0.00180343,1
34_BRANCH0_338,0,0.0017956,1
174_BRANCH0_199,1,0.00169129,1
174_BRANCH0_199,0,0.00120344,1
171,1,0.0018098,1
171,0,0.00120548,1
95_BRANCH0_411,1,0.00163498,1
95_BRANCH0_411,0,0.002289,1
174_BRANCH0_243,1,0.00232964,1
174_BRANCH0_243,0,0.00227161,1
224_BRANCH0_263,1,0.00187277,1
224_BRANCH0_263,0,0.00149459,1
180,1,0.00173712,1
180,0,0.00116718,1
168,1,0.00164206,1
168,0,0.00139988,1
165,1,0.00167367,1
165,0,0.00114025,1
162,1,0.00162152,1
162,0,0.00129773,1
159_BRANCH0_227,1,0.00240577,1
159_BRANCH0_227,0,0.00218192,1
21_BRANCH0_183,1,0.00246539,1
21_BRANCH0_183,0,0.00276447,1
213_BRANCH0_256,1,0.0016657,1
213_BRANCH0_256,0,0.00346098,1
4,1,0.00154096,1
4,0,0.00139391,1
154,1,0.00161612,1
154,0,0.0013195,1
159_BRANCH0_199,1,0.00164532,1
159_BRANCH0_199,0,0.00127283,1
194,1,0.00149172,1
194,0,0.00198232,1
154_BRANCH0_199,1,0.00175139,1
154_BRANCH0_199,0,0.00127106,1
151,1,0.00157451,1
151,0,0.00232775,1
47_BRANCH0_340,1,0.00199185,1
47_BRANCH0_340,0,0.00172515,1
122,1,0.00174955,1
122,0,0.00165853,1
151_BRANCH0_198,1,0.00185383,1
151_BRANCH0_198,0,0.00277413,1
1_BRANCH0_242,1,0.00167263,1
1_BRANCH0_242,0,0.00299594,1
47_BRANCH0_187,1,0.0027109,1
47_BRANCH0_187,0,0.00252567,1
150,1,0.0016998,1
150,0,0.00170254,1
147,1,0.0016201,1
147,0,0.00241086,1
147_BRANCH0_195,1,0.00254996,1
147_BRANCH0_195,0,0.00280197,1
233_BRANCH0_290,1,0.00185417,1
233_BRANCH0_290,0,0.00166143,1
146,1,0.00168355,1
146,0,0.00170788,1
360,1,0.00290246,1
360,0,0.00433008,1
171_BRANCH0_199,1,0.0017392,1
171_BRANCH0_199,0,0.00132127,1
143_BRANCH0_194,1,0.00194615,1
143_BRANCH0_194,0,0.00278404,1
255,1,0.00349932,1
255,0,0.00230372,1
139_BRANCH0_191,1,0.00241055,1
139_BRANCH0_191,0,0.00260731,1
213_BRANCH0_255,1,0.00172775,1
213_BRANCH0_255,0,0.00339717,1
79_BRANCH0_192,1,0.00218686,1
79_BRANCH0_192,0,0.00210878,1
199_BRANCH0_213,1,0.00350812,1
199_BRANCH0_213,0,0.00178093,1
340,1,0.0017792,1
340,0,0.00304213,1
348,1,0.00141327,1
348,0,0.00222158,1
135,1,0.00175518,1
135,0,0.00238176,1
213_BRANCH0_250,1,0.00177222,1
213_BRANCH0_250,0,0.00335318,1
151_BRANCH0_197,1,0.00260999,1
151_BRANCH0_197,0,0.00277888,1
360_BRANCH0_373,1,0.00212532,1
360_BRANCH0_373,0,0.00144026,1
135_BRANCH0_190,1,0.00195044,1
135_BRANCH0_190,0,0.00285763,1
309_BRANCH0_332,1,0.00263635,1
309_BRANCH0_332,0,0.00168887,1
350,1,0.00170071,1
350,0,0.00199821,1
135_BRANCH0_189,1,0.00300963,1
135_BRANCH0_189,0,0.00278791,1
131,1,0.00188161,1
131,0,0.00254111,1
127,1,0.00172184,1
127,0,0.00231442,1
335,1,0.00280048,1
335,0,0.00159653,1
227,1,0.00177383,1
227,0,0.00272845,1
213_BRANCH0_246,1,0.00173839,1
213_BRANCH0_246,0,0.00296009,1
79,1,0.00187783,1
79,0,0.00177623,1
177_BRANCH0_247,1,0.00217693,1
177_BRANCH0_247,0,0.00265665,1
56,1,0.00187042,1
56,0,0.00177224,1
56_BRANCH0_168,1,0.00171817,1
56_BRANCH0_168,0,0.00170354,1
53,1,0.00184182,1
53,0,0.00190485,1
159,1,0.00179344,1
159,0,0.00122033,1
8_BRANCH0_334,1,0.00140424,1
8_BRANCH0_334,0,0.0018105,1
53_BRANCH0_188,1,0.00200195,1
53_BRANCH0_188,0,0.0020849,1
50,1,0.00206236,1
50,0,0.00203041,1
50_BRANCH0_255,1,0.00382214,1
50_BRANCH0_255,0,0.00372815,1
227_BRANCH0_288,1,0.00185884,1
227_BRANCH0_288,0,0.00169567,1
393_BRANCH0_429,1,11.6666,0
393_BRANCH0_429,0,0.00254602,1
50_BRANCH0_134,1,0.00187109,1
50_BRANCH0_134,0,0.00178822,1
27_BRANCH0_184,1,0.00191559,1
27_BRANCH0_184,0,0.00197402,1
40,1,0.00183016,1
40,0,0.0017759,1
309_BRANCH0_335,1,0.00223694,1
309_BRANCH0_335,0,0.00162682,1
73_BRANCH0_191,1,0.00268732,1
73_BRANCH0_191,0,0.00302718,1
247_BRANCH0_294,1,0.00191073,1
247_BRANCH0_294,0,0.00171648,1
37_BRANCH0_254,1,0.00396923,1
37_BRANCH0_254,0,0.00360921,1
224_BRANCH0_260,1,0.00173282,1
224_BRANCH0_260,0,0.00147161,1
239_BRANCH0_292,1,0.0018868,1
239_BRANCH0_292,0,0.00169866,1
108_BRANCH0_414,1,0.00196629,1
108_BRANCH0_414,0,0.00256551,1
199_BRANCH0_203,1,0.0020835,1
199_BRANCH0_203,0,0.00155298,1
119,1,0.00283589,1
119,0,0.00232187,1
258,1,0.0034414,1
258,0,0.00233587,1
177_BRANCH0_199,1,0.0018585,1
177_BRANCH0_199,0,0.00141976,1
14,1,0.00195608,1
14,0,0.00193678,1
30,1,0.00184738,1
30,0,0.0017601,1
319_BRANCH0_338,1,0.00206938,1
319_BRANCH0_338,0,0.0015984,1
56_BRANCH0_399,1,0.00176048,1
56_BRANCH0_399,0,0.00210233,1
127_BRANCH0_186,1,0.00195072,1
127_BRANCH0_186,0,0.00265366,1
43_BRANCH0_393,1,0.00186082,1
43_BRANCH0_393,0,0.00207114,1
17,1,0.0018079,1
17,0,0.00169419,1
11,1,0.00129405,1
11,0,0.00128101,1
236_BRANCH0_291,1,0.00181468,1
236_BRANCH0_291,0,0.0017801,1
69_BRANCH0_404,1,0.00183892,1
69_BRANCH0_404,0,0.00228737,1
37_BRANCH0_130,1,0.00175918,1
37_BRANCH0_130,0,0.00165561,1
233,1,0.00184491,1
233,0,0.00160621,1
11_BRANCH0_122,1,0.00180662,1
11_BRANCH0_122,0,0.00169322,1
360_BRANCH0_376,1,0.00273261,1
360_BRANCH0_376,0,0.00158439,1
213_BRANCH0_257,1,0.00183254,1
213_BRANCH0_257,0,0.00342544,1
17_BRANCH0_123,1,0.00243738,1
17_BRANCH0_123,0,0.00184141,1
294,1,0.00160752,1
294,0,0.00280604,1
30_BRANCH0_127,1,0.00235528,1
30_BRANCH0_127,0,0.00178581,1
162_BRANCH0_199,1,0.00189208,1
162_BRANCH0_199,0,0.00123718,1
60,1,0.00180022,1
60,0,0.00193193,1
105_BRANCH0_196,1,0.00197583,1
105_BRANCH0_196,0,0.00206254,1
267_BRANCH0_296,1,0.00262926,1
267_BRANCH0_296,0,0.00144406,1
56_BRANCH0_135,1,0.00253832,1
56_BRANCH0_135,0,0.00172569,1
418,1,0.00164926,1
418,0,0.00303982,1
24,1,0.00183037,1
24,0,0.00176785,1
63_BRANCH0_256,1,0.00395347,1
63_BRANCH0_256,0,0.00362052,1
168_BRANCH0_236,1,0.00193615,1
168_BRANCH0_236,0,0.00213592,1
347,1,6.58963,0
347,0,0.00288503,1
60_BRANCH0_189,1,0.00330433,1
60_BRANCH0_189,0,0.0028106,1
24_BRANCH0_250,1,0.00401577,1
24_BRANCH0_250,0,0.0035711,1
127_BRANCH0_185,1,0.00278175,1
127_BRANCH0_185,0,0.0028659,1
213_BRANCH0_258,1,0.00179722,1
213_BRANCH0_258,0,0.00344845,1
256,1,0.00348856,1
256,0,0.00313727,1
34,1,0.00189022,1
34,0,0.0020381,1
259,1,4.40663,0
259,0,0.00285658,1
37,1,0.00184804,1
37,0,0.00181315,1
89_BRANCH0_146,1,0.00184268,1
89_BRANCH0_146,0,0.00164028,1
119_BRANCH0_158,1,0.00180973,1
119_BRANCH0_158,0,0.002881,1
1,1,0.00176291,1
1,0,0.00146257,1
76_BRANCH0_257,1,0.00404445,1
76_BRANCH0_257,0,0.00375457,1
43_BRANCH0_131,1,0.00239999,1
43_BRANCH0_131,0,0.00181447,1
17_BRANCH0_381,1,0.00174504,1
17_BRANCH0_381,0,0.00217735,1
4_BRANCH0_154,1,0.0017038,1
4_BRANCH0_154,0,0.00168148,1
63,1,0.00211888,1
63,0,0.00222661,1
123,1,0.00187165,1
123,0,0.00252302,1
14_BRANCH0_371,1,0.00172934,1
14_BRANCH0_371,0,0.00241447,1
147_BRANCH0_196,1,0.00202559,1
147_BRANCH0_196,0,0.00287841,1
99_BRANCH0_346,1,0.00210767,1
99_BRANCH0_346,0,0.00185755,1
353,1,0.00180061,1
353,0,0.00244751,1
82_BRANCH0_143,1,0.00225408,1
82_BRANCH0_143,0,0.00176465,1
354,1,0.00162913,1
354,0,0.00186611,1
126,1,0.00183992,1
126,0,0.00180209,1
30_BRANCH0_162,1,0.00183912,1
30_BRANCH0_162,0,0.0018475,1
165_BRANCH0_199,1,0.00172382,1
165_BRANCH0_199,0,0.00132324,1
285_BRANCH0_343,1,0.00150318,1
285_BRANCH0_343,0,0.00202374,1
53_BRANCH0_374,1,0.00186934,1
53_BRANCH0_374,0,0.00183389,1
1_BRANCH0_118,1,0.00179349,1
1_BRANCH0_118,0,0.00188659,1
143,1,0.00164165,1
143,0,0.00231897,1
304,1,0.00226904,1
304,0,0.0017137,1
112_BRANCH0_347,1,0.00198199,1
112_BRANCH0_347,0,8.54873,0
60_BRANCH0_342,1,0.00177996,1
60_BRANCH0_342,0,0.00202221,1
330,1,0.00296665,1
330,0,0.00151033,1
86,1,0.00196607,1
86,0,0.00192229,1
243,1,0.00192822,1
243,0,0.00168731,1
17_BRANCH0_159,1,0.0017989,1
17_BRANCH0_159,0,0.0017678,1
92_BRANCH0_194,1,0.00204318,1
92_BRANCH0_194,0,0.00215211,1
43,1,0.00199193,1
43,0,0.00198919,1
8_BRANCH0_157,1,0.0032196,1
8_BRANCH0_157,0,0.00278694,1
198,1,0.00169375,1
198,0,0.00201996,1
8,1,0.0019334,1
8,0,0.00176701,1
21_BRANCH0_336,1,0.0017243,1
21_BRANCH0_336,0,0.00182196,1
21,1,0.00166566,1
21,0,0.00188835,1
339,1,0.00293947,1
339,0,0.00171039,1
105,1,0.00182851,1
105,0,0.0018911,1
43_BRANCH0_165,1,0.00182879,1
43_BRANCH0_165,0,0.00169192,1
143_BRANCH0_193,1,0.00276532,1
143_BRANCH0_193,0,0.00277014,1
82,1,0.00186742,1
82,0,0.00200743,1
24_BRANCH0_126,1,0.00182489,1
24_BRANCH0_126,0,0.00182136,1
92_BRANCH0_377,1,0.00177008,1
92_BRANCH0_377,0,0.00175575,1
4_BRANCH0_119,1,0.00232689,1
4_BRANCH0_119,0,0.00195534,1
260_BRANCH0_296,1,0.0015674,1
260_BRANCH0_296,0,0.00145872,1
289,1,0.00164535,1
289,0,0.00252349,1
27_BRANCH0_372,1,0.00166571,1
27_BRANCH0_372,0,0.0016861,1
407_BRANCH0_429,1,0.00220562,1
407_BRANCH0_429,0,0.00289458,1
193,1,0.00260208,1
193,0,0.00242918,1
190,1,0.00162376,1
190,0,0.00201084,1
139_BRANCH0_192,1,0.00200547,1
139_BRANCH0_192,0,0.00283479,1
306,1,0.00280377,1
306,0,0.00160141,1
404_BRANCH0_418,1,0.00230623,1
404_BRANCH0_418,0,0.00161948,1
432,1,0.00287235,1
432,0,0.00229898,1
63_BRANCH0_138,1,0.00167237,1
63_BRANCH0_138,0,0.00169582,1
47,1,0.00189997,1
47,0,0.00198809,1
105_BRANCH0_378,1,0.00173067,1
105_BRANCH0_378,0,0.00172554,1
203_BRANCH0_239,1,0.00230723,1
203_BRANCH0_239,0,0.00172383,1
102_BRANCH0_259,1,0.00370146,1
102_BRANCH0_259,0,5.14478,0
66_BRANCH0_190,1,0.00194629,1
66_BRANCH0_190,0,0.00216447,1
273_BRANCH0_335,1,0.0017338,1
273_BRANCH0_335,0,0.0020727,1
142,1,0.00183956,1
142,0,0.00160564,1
307,1,0.00285808,1
307,0,0.00176085,1
393,1,0.00291648,1
393,0,0.00193091,1
66,1,0.00187616,1
66,0,0.00179406,1
186,1,0.00163556,1
186,0,0.00217446,1
108_BRANCH0_180,1,0.00183285,1
108_BRANCH0_180,0,0.00163247,1
99_BRANCH0_195,1,0.00271908,1
99_BRANCH0_195,0,0.00243721,1
112_BRANCH0_197,1,0.00256216,1
112_BRANCH0_197,0,0.00324589,1
11_BRANCH0_246,1,0.00290077,1
11_BRANCH0_246,0,0.00307999,1
185,1,0.00229136,1
185,0,0.00286685,1
273,1,0.00237024,1
273,0,0.00149492,1
213,1,0.00193152,1
213,0,0.0033791,1
345,1,0.00161755,1
345,0,0.00249061,1
131_BRANCH0_188,1,0.00203587,1
131_BRANCH0_188,0,0.00284533,1
69_BRANCH0_171,1,0.00195077,1
69_BRANCH0_171,0,0.00179708,1
69,1,0.0017984,1
69,0,0.00183947,1
404,1,0.0026025,1
404,0,0.00176495,1
14_BRANCH0_158,1,0.00216159,1
14_BRANCH0_158,0,0.00201123,1
95,1,0.00181669,1
95,0,0.00197698,1
73_BRANCH0_344,1,0.00195383,1
73_BRANCH0_344,0,0.00185552,1
99,1,0.0019293,1
99,0,0.00191412,1
162_BRANCH0_230,1,0.00279474,1
162_BRANCH0_230,0,0.00210392,1
360_BRANCH0_378,1,0.00254159,1
360_BRANCH0_378,0,0.00159644,1
76_BRANCH0_142,1,0.0017661,1
76_BRANCH0_142,0,0.00169,1
346,1,0.00153243,1
346,0,0.00311479,1
4_BRANCH0_380,1,0.00190053,1
4_BRANCH0_380,0,0.00151319,1
92,1,0.0019429,1
92,0,0.00181781,1
82_BRANCH0_174,1,0.00178539,1
82_BRANCH0_174,0,0.00168507,1
89_BRANCH0_258,1,0.00394109,1
89_BRANCH0_258,0,0.00369542,1
381_BRANCH0_416,1,0.00313383,1
381_BRANCH0_416,0,1.2589,1
82_BRANCH0_407,1,0.00201203,1
82_BRANCH0_407,0,0.00221675,1
301,1,0.00285975,1
301,0,0.00169336,1
86_BRANCH0_193,1,0.00233367,1
86_BRANCH0_193,0,0.00303495,1
309_BRANCH0_341,1,0.00204845,1
309_BRANCH0_341,0,0.00176584,1
89,1,0.00266829,1
89,0,0.00219878,1
260_BRANCH0_330,1,0.00135225,1
260_BRANCH0_330,0,0.00227037,1
285,1,0.00234551,1
285,0,0.00166237,1
309_BRANCH0_331,1,0.00225177,1
309_BRANCH0_331,0,0.00162326,1
251,1,0.00172765,1
251,0,0.00171821,1
386,1,0.00243493,1
386,0,0.00195774,1
95_BRANCH0_147,1,0.00248266,1
95_BRANCH0_147,0,0.0017345,1
276_BRANCH0_337,1,0.00170052,1
276_BRANCH0_337,0,0.0018883,1
102,1,0.00208086,1
102,0,0.00230826,1
379,1,26.4606,0
379,0,0.00272407,1
95_BRANCH0_177,1,0.00180501,1
95_BRANCH0_177,0,0.00171192,1
319_BRANCH0_336,1,0.00239553,1
319_BRANCH0_336,0,0.00159721,1
404_BRANCH0_416,1,0.00255029,1
404_BRANCH0_416,0,1.27407,1
154_BRANCH0_224,1,0.00336579,1
154_BRANCH0_224,0,0.00155463,1
242,1,0.00248967,1
242,0,0.00132503,1
342,1,0.00154098,1
342,0,0.00214431,1
360_BRANCH0_377,1,0.00241595,1
360_BRANCH0_377,0,0.00164059,1
102_BRANCH0_150,1,0.00173212,1
102_BRANCH0_150,0,0.00170738,1
381_BRANCH0_432,1,0.00221553,1
381_BRANCH0_432,0,0.00255462,1
188,1,0.00172167,1
188,0,0.00220254,1
333,1,0.00304917,1
333,0,0.00172525,1
108_BRANCH0_151,1,0.00250849,1
108_BRANCH0_151,0,0.00183764,1
115_BRANCH0_198,1,0.00203613,1
115_BRANCH0_198,0,0.00216957,1
203_BRANCH0_247,1,0.00283081,1
203_BRANCH0_247,0,0.00175431,1
131_BRANCH0_187,1,0.00256811,1
131_BRANCH0_187,0,0.00288573,1
76,1,0.00205888,1
76,0,0.00244271,1
108,1,0.00202952,1
108,0,0.00212245,1
112,1,0.00199338,1
112,0,0.00193527,1
115_BRANCH0_379,1,0.00215094,1
115_BRANCH0_379,0,21.1951,0
319_BRANCH0_334,1,0.00165994,1
319_BRANCH0_334,0,0.00181619,1
378,1,0.0015468,1
378,0,0.00280036,1
115,1,0.00219578,1
115,0,0.0023478,1
118,1,0.0018809,1
118,0,0.00170646,1
332,1,0.00289146,1
332,0,0.00163393,1
386_BRANCH0_431,1,0.00230377,1
386_BRANCH0_431,0,0.00226817,1
119_BRANCH0_157,1,0.00331214,1
119_BRANCH0_157,0,0.00274781,1
79_BRANCH0_376,1,0.00198405,1
79_BRANCH0_376,0,0.00190525,1
393_BRANCH0_425,1,0.00233852,1
393_BRANCH0_425,0,0.00301877,1
123_BRANCH0_183,1,0.00278601,1
123_BRANCH0_183,0,0.00281768,1
165_BRANCH0_233,1,0.00246677,1
165_BRANCH0_233,0,0.0026795,1
334,1,0.00206243,1
334,0,0.00133977,1
40_BRANCH0_186,1,0.00195775,1
40_BRANCH0_186,0,0.00204509,1
422_BRANCH0_432,1,0.00340773,1
422_BRANCH0_432,0,0.00190813,1
260,1,0.00159761,1
260,0,0.00160107,1
264_BRANCH0_296,1,0.00270351,1
264_BRANCH0_296,0,0.00148276,1
300,1,0.00212434,1
300,0,0.0015428,1
264_BRANCH0_331,1,0.00167714,1
264_BRANCH0_331,0,0.00224557,1
264,1,0.00273757,1
264,0,0.00144991,1
357,1,0.00131308,1
357,0,0.0021939,1
267_BRANCH0_332,1,0.00177343,1
267_BRANCH0_332,0,0.00248743,1
267,1,0.00203393,1
267,0,0.00151841,1
270_BRANCH0_296,1,0.00248597,1
270_BRANCH0_296,0,0.0017814,1
352,1,0.00165298,1
352,0,0.00169865,1
270_BRANCH0_333,1,0.00180335,1
270_BRANCH0_333,0,0.0024491,1
425_BRANCH0_432,1,0.00302936,1
425_BRANCH0_432,0,0.00220626,1
270,1,0.00218597,1
270,0,0.00185321,1
276_BRANCH0_296,1,0.00219598,1
276_BRANCH0_296,0,0.00148493,1
276,1,0.00236833,1
276,0,0.00171177,1
309_BRANCH0_330,1,0.00225522,1
309_BRANCH0_330,0,0.00161067,1
411_BRANCH0_420,1,0.00303937,1
411_BRANCH0_420,0,0.001495,1
279_BRANCH0_296,1,0.00223838,1
279_BRANCH0_296,0,0.00150901,1
279_BRANCH0_339,1,0.00167576,1
279_BRANCH0_339,0,0.00209984,1
279,1,0.00258163,1
279,0,0.00147915,1
282_BRANCH0_296,1,0.00190791,1
282_BRANCH0_296,0,0.0015535,1
282_BRANCH0_341,1,0.00164458,1
282_BRANCH0_341,0,0.00246091,1
282,1,0.00226798,1
282,0,0.00179835,1
288,1,0.00154188,1
288,0,0.00233986,1
290,1,0.00179236,1
290,0,0.0027977,1
291,1,0.00162355,1
291,0,0.00278666,1
292,1,0.00177088,1
292,0,0.00214606,1
293,1,0.00172537,1
293,0,0.00243323,1
295,1,0.00179462,1
295,0,0.00276503,1
296_BRANCH0_309,1,0.00156472,1
296_BRANCH0_309,0,0.00192767,1
296_BRANCH0_319,1,0.00988785,1
296_BRANCH0_319,0,0.00306165,1
296,1,0.00126632,1
296,0,0.00147752,1
302,1,0.00277634,1
302,0,0.00167614,1
303,1,0.00267108,1
303,0,0.00174511,1
305,1,0.00239157,1
305,0,0.00168592,1
309_BRANCH0_333,1,0.00205026,1
309_BRANCH0_333,0,0.00158179,1
309_BRANCH0_339,1,0.00224721,1
309_BRANCH0_339,0,0.00173727,1
399_BRANCH0_428,1,0.002886,1
399_BRANCH0_428,0,0.00307953,1
309_BRANCH0_343,1,0.00223506,1
309_BRANCH0_343,0,0.0017393,1
319_BRANCH0_345,1,0.00306841,1
319_BRANCH0_345,0,0.00174214,1
309,1,0.00282354,1
309,0,0.00163461,1
319_BRANCH0_340,1,0.00306687,1
319_BRANCH0_340,0,0.0017334,1
319_BRANCH0_342,1,0.00309207,1
319_BRANCH0_342,0,0.00178188,1
319_BRANCH0_344,1,0.00233336,1
319_BRANCH0_344,0,0.00163632,1
319_BRANCH0_346,1,0.0028449,1
319_BRANCH0_346,0,0.00162054,1
319_BRANCH0_347,1,0.00308491,1
319_BRANCH0_347,0,6.92006,0
331,1,0.00288343,1
331,0,0.00171346,1
319,1,0.00245354,1
319,0,0.00992929,1
329,1,0.00164472,1
329,0,0.00126225,1
336,1,0.00150737,1
336,0,0.00214337,1
357_BRANCH0_360,1,0.00436651,1
357_BRANCH0_360,0,0.00310799,1
337,1,0.00312722,1
337,0,0.00183629,1
338,1,0.00170682,1
338,0,0.00253724,1
343,1,0.00228729,1
343,0,0.00181867,1
344,1,0.00162935,1
344,0,0.00306481,1
386_BRANCH0_422,1,0.00202864,1
386_BRANCH0_422,0,0.00333322,1
349,1,0.00172975,1
349,0,0.00227736,1
351,1,0.00176666,1
351,0,0.00194831,1
355,1,0.00178888,1
355,0,0.00240275,1
356,1,0.00181264,1
356,0,0.00208162,1
357_BRANCH0_370,1,0.00122535,1
357_BRANCH0_370,0,0.00197814,1
360_BRANCH0_371,1,0.00247527,1
360_BRANCH0_371,0,0.00225085,1
360_BRANCH0_372,1,0.00286662,1
360_BRANCH0_372,0,0.00134067,1
360_BRANCH0_374,1,0.00226161,1
360_BRANCH0_374,0,0.00167662,1
360_BRANCH0_375,1,0.00233591,1
360_BRANCH0_375,0,0.00144692,1
360_BRANCH0_379,1,0.00247714,1
360_BRANCH0_379,0,27.5549,0
370,1,0.00165527,1
370,0,0.00138479,1
371,1,0.00222466,1
371,0,0.00134968,1
372,1,0.00133008,1
372,0,0.00233039,1
373,1,0.00147798,1
373,0,0.00245747,1
374,1,0.0015914,1
374,0,0.00269279,1
375,1,0.00143524,1
375,0,0.00286456,1
376,1,0.00156116,1
376,0,0.00282362,1
377,1,0.00158935,1
377,0,0.00250621,1
380,1,0.00157565,1
380,0,0.00242272,1
381_BRANCH0_430,1,0.00290498,1
381_BRANCH0_430,0,0.00135559,1
381_BRANCH0_431,1,0.00264454,1
381_BRANCH0_431,0,0.00220397,1
381,1,0.00242183,1
381,0,0.00299104,1
386_BRANCH0_429,1,0.00252,1
386_BRANCH0_429,0,0.00272807,1
386_BRANCH0_430,1,0.00230786,1
386_BRANCH0_430,0,0.001415,1
393_BRANCH0_416,1,0.00304147,1
393_BRANCH0_416,0,1.26383,1
393_BRANCH0_417,1,0.00263902,1
393_BRANCH0_417,0,0.00200451,1
393_BRANCH0_428,1,0.00244056,1
393_BRANCH0_428,0,0.00307469,1
399_BRANCH0_416,1,0.00312905,1
399_BRANCH0_416,0,1.25096,1
399_BRANCH0_425,1,0.00252035,1
399_BRANCH0_425,0,0.00283694,1
399_BRANCH0_430,1,0.0026838,1
399_BRANCH0_430,0,0.00128105,1
399,1,0.00272624,1
399,0,0.00124459,1
407_BRANCH0_416,1,0.00302846,1
407_BRANCH0_416,0,1.28212,1
407_BRANCH0_419,1,0.00261816,1
407_BRANCH0_419,0,0.00147368,1
407,1,0.00236423,1
407,0,0.00270245,1
411,1,0.00258194,1
411,0,0.00131563,1
414,1,0.00297351,1
414,0,1.56419,1
417,1,0.00217213,1
417,0,0.00220563,1
419,1,0.00148546,1
419,0,0.002482,1
420,1,0.00146284,1
420,0,0.00218739,1
421,1,0.00121704,1
421,0,0.00295262,1
422_BRANCH0_430,1,0.00369293,1
422_BRANCH0_430,0,0.00267534,1
422,1,0.00343815,1
422,0,0.0028451,1
425_BRANCH0_431,1,0.00334655,1
425_BRANCH0_431,0,0.00338661,1
425,1,0.00332768,1
425,0,0.00241158,1
428,1,0.003297,1
428,0,0.00225964,1
429,1,0.003016,1
429,0,0.00222245,1
430,1,0.00132327,1
430,0,0.00249561,1
431,1,0.00241823,1
431,0,0.00208616,1
