0.49324
m_BRANCH0_q,1,0.031343,1
m_BRANCH0_q,0,0.0416084,0
m_BRANCH0_Z,1,0.0163812,1
m_BRANCH0_Z,0,0.0312478,1
d_BRANCH0_X,1,0.0312097,1
d_BRANCH0_X,0,0.0415688,0
d_BRANCH0_r,1,0.0312164,1
d_BRANCH0_r,0,0.0208173,1
X,1,0.0312108,0
X,0,0.0311286,1
m_BRANCH0_r,1,0.0311915,1
m_BRANCH0_r,0,0.0311879,1
B,1,0.0312387,1
B,0,0.0312058,1
d,1,0.0312694,1
d,0,0.0263216,1
d_BRANCH0_m,1,0.000143239,1
d_BRANCH0_m,0,9.0275e-05,1
s_BRANCH0_v,1,9.1751e-05,0
s_BRANCH0_v,0,0.000114876,1
B_BRANCH0_m,1,4.9881e-05,0
B_BRANCH0_m,0,9.9765e-05,1
B_BRANCH0_v,1,5.0997e-05,0
B_BRANCH0_v,0,9.8608e-05,1
C,1,0.000116016,1
C,0,0.000124005,1
s_BRANCH0_Y,1,8.77e-05,0
s_BRANCH0_Y,0,8.2736e-05,1
B_BRANCH0_d,1,8.0286e-05,1
B_BRANCH0_d,0,0.00010618,1
A,1,0.000103529,1
A,0,0.000106372,1
m,1,8.8611e-05,1
m,0,0.000110124,1
r_BRANCH0_s,1,8.365e-05,1
r_BRANCH0_s,0,8.1367e-05,0
Y,1,7.654e-05,0
Y,0,8.0697e-05,1
r_BRANCH0_X,1,8.5063e-05,1
r_BRANCH0_X,0,8.232e-05,0
Z,1,0.000103056,1
Z,0,9.0783e-05,1
r,1,8.1809e-05,1
r,0,8.476e-05,0
q,1,6.9144e-05,0
q,0,7.5212e-05,1
s,1,8.2779e-05,0
s,0,7.699e-05,1
v,1,8.7057e-05,0
v,0,0.000106691,1
