386.68
254,1,0.00183414,1
254,0,0.00235976,1
415,1,0.001841,1
415,0,0.0016468,1
250,1,0.00178419,1
250,0,0.00243927,1
341,1,0.00178567,1
341,0,0.00169047,1
247,1,0.00173071,1
247,0,0.00168681,1
236_BRANCH0_273,1,0.00175228,1
236_BRANCH0_273,0,0.00171107,1
247_BRANCH0_282,1,0.00170243,1
247_BRANCH0_282,0,0.00174567,1
246,1,0.0017461,1
246,0,0.0019228,1
157,1,0.00239715,1
157,0,0.00285804,1
30_BRANCH0_386,1,0.0019606,1
30_BRANCH0_386,0,0.0025138,1
243_BRANCH0_293,1,0.00180556,1
243_BRANCH0_293,0,0.00175582,1
273_BRANCH0_296,1,0.00177189,1
273_BRANCH0_296,0,0.00168646,1
243_BRANCH0_279,1,0.00167674,1
243_BRANCH0_279,0,0.0017244,1
239,1,0.00169042,1
239,0,0.00175415,1
239_BRANCH0_276,1,0.001737,1
239_BRANCH0_276,0,0.00177126,1
236,1,0.00169333,1
236,0,0.0017442,1
411_BRANCH0_416,1,0.00201841,1
411_BRANCH0_416,0,0.322554,1
233_BRANCH0_270,1,0.001789,1
233_BRANCH0_270,0,0.00168934,1
230,1,0.00169664,1
230,0,0.00248823,1
199_BRANCH0_223,1,0.00157195,1
199_BRANCH0_223,0,0.00149663,1
230_BRANCH0_289,1,0.00167224,1
230_BRANCH0_289,0,0.00248248,1
230_BRANCH0_267,1,0.00179012,1
230_BRANCH0_267,0,0.00240289,1
27,1,1.50837,1
27,0,1.47869,1
224,1,0.0711144,1
224,0,0.00248708,1
134,1,0.0020255,1
134,0,0.00211371,1
223,1,0.00169175,1
223,0,0.00149175,1
130,1,0.00188094,1
130,0,0.00223159,1
213_BRANCH0_259,1,0.0018554,1
213_BRANCH0_259,0,11.1255,0
213_BRANCH0_254,1,0.00166957,1
213_BRANCH0_254,0,0.010581,1
213_BRANCH0_242,1,0.071654,1
213_BRANCH0_242,0,0.00178833,1
203,1,0.00172557,1
203,0,0.180661,1
203_BRANCH0_251,1,0.0019314,1
203_BRANCH0_251,0,0.0017261,1
191,1,0.00234962,1
191,0,0.00204187,1
203_BRANCH0_243,1,0.00191166,1
203_BRANCH0_243,0,0.00180109,1
171_BRANCH0_239,1,0.00204036,1
171_BRANCH0_239,0,0.0709844,1
416,1,0.0019781,1
416,0,0.308859,1
251_BRANCH0_295,1,0.00178787,1
251_BRANCH0_295,0,0.00176302,1
203_BRANCH0_236,1,0.00186415,1
203_BRANCH0_236,0,0.00177192,1
203_BRANCH0_230,1,0.00174359,1
203_BRANCH0_230,0,0.00171958,1
203_BRANCH0_227,1,0.0350714,1
203_BRANCH0_227,0,0.001722,1
257,1,0.00189196,1
257,0,0.00212404,1
138,1,0.00211253,1
138,0,0.0021494,1
34_BRANCH0_185,1,0.00224259,1
34_BRANCH0_185,0,0.00200028,1
66_BRANCH0_375,1,0.0250951,1
66_BRANCH0_375,0,0.00262374,1
203_BRANCH0_224,1,0.0719577,1
203_BRANCH0_224,0,0.00176511,1
40_BRANCH0_373,1,0.00159861,1
40_BRANCH0_373,0,0.00185125,1
199,1,0.00160977,1
199,0,0.00158385,1
69_BRANCH0_139,1,0.00261151,1
69_BRANCH0_139,0,0.0021839,1
86_BRANCH0_345,1,0.00318359,1
86_BRANCH0_345,0,0.00205557,1
296_BRANCH0_329,1,0.00161455,1
296_BRANCH0_329,0,0.00171818,1
197,1,0.00232175,1
197,0,0.00209448,1
196,1,0.00250125,1
196,0,0.00212033,1
123_BRANCH0_184,1,0.00292174,1
123_BRANCH0_184,0,0.00292837,1
195,1,0.00246172,1
195,0,0.00209497,1
192,1,0.00249996,1
192,0,0.00213054,1
189,1,0.00242798,1
189,0,0.00210286,1
308,1,0.00188354,1
308,0,0.00178583,1
203_BRANCH0_233,1,0.00188879,1
203_BRANCH0_233,0,0.00182321,1
386_BRANCH0_416,1,0.00249023,1
386_BRANCH0_416,0,0.299566,1
386_BRANCH0_425,1,0.00252638,1
386_BRANCH0_425,0,0.00184405,1
187,1,0.00236304,1
187,0,0.00210699,1
158,1,0.00251499,1
158,0,0.00285114,1
251_BRANCH0_285,1,0.00190085,1
251_BRANCH0_285,0,0.00181208,1
184,1,0.00238504,1
184,0,0.00296498,1
285_BRANCH0_296,1,0.00179599,1
285_BRANCH0_296,0,0.00173597,1
183,1,0.0023354,1
183,0,0.00278265,1
73,1,0.00803913,1
73,0,0.00814123,1
180_BRANCH0_251,1,0.00207739,1
180_BRANCH0_251,0,0.0719908,1
263,1,0.00262368,1
263,0,0.0018006,1
180_BRANCH0_199,1,0.00194008,1
180_BRANCH0_199,0,0.00164017,1
177,1,0.00199074,1
177,0,0.00181578,1
139,1,0.00207546,1
139,0,0.00271136,1
309_BRANCH0_337,1,0.00196418,1
309_BRANCH0_337,0,0.00190194,1
227_BRANCH0_264,1,0.00176708,1
227_BRANCH0_264,0,0.0024951,1
168_BRANCH0_199,1,0.00194649,1
168_BRANCH0_199,0,0.00164695,1
174,1,0.0020699,1
174,0,0.00168389,1
34_BRANCH0_338,1,0.00162897,1
34_BRANCH0_338,0,0.00197116,1
174_BRANCH0_199,1,0.00194327,1
174_BRANCH0_199,0,0.00164763,1
171,1,0.00200579,1
171,0,0.00175911,1
95_BRANCH0_411,1,0.0018243,1
95_BRANCH0_411,0,0.00218631,1
174_BRANCH0_243,1,0.00212088,1
174_BRANCH0_243,0,0.0708461,1
224_BRANCH0_263,1,0.0713329,1
224_BRANCH0_263,0,0.00256321,1
180,1,0.00212777,1
180,0,0.00175498,1
168,1,0.00200816,1
168,0,0.00175813,1
165,1,0.00201269,1
165,0,0.0017572,1
162,1,0.00201563,1
162,0,0.00177403,1
159_BRANCH0_227,1,0.00201041,1
159_BRANCH0_227,0,0.0708504,1
21_BRANCH0_183,1,0.00290791,1
21_BRANCH0_183,0,0.00283449,1
213_BRANCH0_256,1,0.00196352,1
213_BRANCH0_256,0,0.00198348,1
4,1,0.00174538,1
4,0,0.00164454,1
154,1,0.00211341,1
154,0,0.00173875,1
159_BRANCH0_199,1,0.00193308,1
159_BRANCH0_199,0,0.00165606,1
194,1,0.00239861,1
194,0,0.00211584,1
154_BRANCH0_199,1,0.00206868,1
154_BRANCH0_199,0,0.00169013,1
151,1,0.002028,1
151,0,0.00274208,1
47_BRANCH0_340,1,0.108545,1
47_BRANCH0_340,0,0.00200643,1
122,1,0.0021364,1
122,0,0.00217615,1
151_BRANCH0_198,1,0.00228813,1
151_BRANCH0_198,0,0.0028332,1
1_BRANCH0_242,1,0.0687472,1
1_BRANCH0_242,0,0.00192292,1
47_BRANCH0_187,1,0.00220269,1
47_BRANCH0_187,0,0.00217393,1
150,1,0.00215353,1
150,0,0.00217812,1
147,1,0.00224391,1
147,0,0.00274477,1
147_BRANCH0_195,1,0.00216838,1
147_BRANCH0_195,0,0.00275482,1
233_BRANCH0_290,1,0.00191885,1
233_BRANCH0_290,0,0.00175698,1
146,1,0.00218627,1
146,0,0.00210232,1
360,1,0.0181769,1
360,0,0.279577,1
171_BRANCH0_199,1,0.00201575,1
171_BRANCH0_199,0,0.00166694,1
143_BRANCH0_194,1,0.00204418,1
143_BRANCH0_194,0,0.00293215,1
255,1,0.00203079,1
255,0,0.00237665,1
139_BRANCH0_191,1,0.00215721,1
139_BRANCH0_191,0,0.00276512,1
213_BRANCH0_255,1,0.00195312,1
213_BRANCH0_255,0,0.00193559,1
79_BRANCH0_192,1,0.0021523,1
79_BRANCH0_192,0,0.00220904,1
199_BRANCH0_213,1,0.00197042,1
199_BRANCH0_213,0,0.00191779,1
340,1,0.00201125,1
340,0,0.00184217,1
348,1,0.00257327,1
348,0,0.00185198,1
135,1,0.0021763,1
135,0,0.00279872,1
213_BRANCH0_250,1,0.00195989,1
213_BRANCH0_250,0,0.00184397,1
151_BRANCH0_197,1,0.00214477,1
151_BRANCH0_197,0,0.00278403,1
360_BRANCH0_373,1,0.753127,1
360_BRANCH0_373,0,0.319697,1
135_BRANCH0_190,1,0.00215518,1
135_BRANCH0_190,0,0.00294417,1
309_BRANCH0_332,1,0.00204784,1
309_BRANCH0_332,0,0.0458824,1
350,1,0.00266201,1
350,0,0.0018479,1
135_BRANCH0_189,1,0.00210876,1
135_BRANCH0_189,0,0.00276483,1
131,1,0.00235066,1
131,0,0.00268711,1
127,1,0.00223778,1
127,0,0.00275498,1
335,1,0.00191249,1
335,0,0.0018304,1
227,1,0.00177862,1
227,0,0.0025665,1
213_BRANCH0_246,1,0.0353901,1
213_BRANCH0_246,0,0.00189951,1
79,1,0.00741013,1
79,0,0.0072848,1
177_BRANCH0_247,1,0.00218928,1
177_BRANCH0_247,0,0.0701712,1
56,1,0.00171539,1
56,0,0.00167133,1
56_BRANCH0_168,1,0.00198173,1
56_BRANCH0_168,0,0.00211269,1
53,1,0.0940596,1
53,0,0.0936013,1
159,1,0.00216178,1
159,0,0.00178504,1
8_BRANCH0_334,1,0.132477,1
8_BRANCH0_334,0,0.134232,1
53_BRANCH0_188,1,0.00215468,1
53_BRANCH0_188,0,0.00223143,1
50,1,0.00183797,1
50,0,0.00177703,1
50_BRANCH0_255,1,0.00230518,1
50_BRANCH0_255,0,0.00189025,1
227_BRANCH0_288,1,0.00192767,1
227_BRANCH0_288,0,0.00258008,1
393_BRANCH0_429,1,29.6986,0
393_BRANCH0_429,0,0.00202458,1
50_BRANCH0_134,1,0.00221286,1
50_BRANCH0_134,0,0.00216249,1
27_BRANCH0_184,1,0.00288548,1
27_BRANCH0_184,0,0.00298523,1
40,1,0.00185339,1
40,0,0.00177455,1
309_BRANCH0_335,1,0.00197973,1
309_BRANCH0_335,0,0.00189284,1
73_BRANCH0_191,1,0.00213631,1
73_BRANCH0_191,0,0.0021858,1
247_BRANCH0_294,1,0.0019055,1
247_BRANCH0_294,0,0.00184487,1
37_BRANCH0_254,1,0.00231599,1
37_BRANCH0_254,0,0.00198535,1
224_BRANCH0_260,1,0.0713758,1
224_BRANCH0_260,0,0.00253579,1
239_BRANCH0_292,1,0.00185321,1
239_BRANCH0_292,0,0.00185955,1
108_BRANCH0_414,1,4.81609,1
108_BRANCH0_414,0,0.00205335,1
199_BRANCH0_203,1,0.182228,1
199_BRANCH0_203,0,0.00184529,1
119,1,0.0027538,1
119,0,0.00288904,1
258,1,0.00198476,1
258,0,0.002141,1
177_BRANCH0_199,1,0.00205199,1
177_BRANCH0_199,0,0.00168706,1
14,1,1.47336,1
14,0,1.48807,1
30,1,0.00174726,1
30,0,0.00175833,1
319_BRANCH0_338,1,0.00252998,1
319_BRANCH0_338,0,0.0473379,1
56_BRANCH0_399,1,0.00197994,1
56_BRANCH0_399,0,0.00240127,1
127_BRANCH0_186,1,0.00215927,1
127_BRANCH0_186,0,0.00294216,1
43_BRANCH0_393,1,0.00206169,1
43_BRANCH0_393,0,0.00251398,1
17,1,0.00189,1
17,0,0.00167787,1
11,1,0.0351791,1
11,0,0.0357482,1
236_BRANCH0_291,1,0.00180402,1
236_BRANCH0_291,0,0.00184659,1
69_BRANCH0_404,1,0.00209713,1
69_BRANCH0_404,0,0.00228282,1
37_BRANCH0_130,1,0.00221223,1
37_BRANCH0_130,0,0.00219456,1
233,1,0.00193392,1
233,0,0.00176847,1
11_BRANCH0_122,1,0.00210738,1
11_BRANCH0_122,0,0.00219515,1
360_BRANCH0_376,1,0.012588,1
360_BRANCH0_376,0,0.00797579,1
213_BRANCH0_257,1,0.00192762,1
213_BRANCH0_257,0,0.00199474,1
17_BRANCH0_123,1,0.0027594,1
17_BRANCH0_123,0,0.00222596,1
294,1,0.00187626,1
294,0,0.00188399,1
30_BRANCH0_127,1,0.00271722,1
30_BRANCH0_127,0,0.0022501,1
162_BRANCH0_199,1,0.00203956,1
162_BRANCH0_199,0,0.00172845,1
60,1,0.0266561,1
60,0,0.026671,1
105_BRANCH0_196,1,0.00211541,1
105_BRANCH0_196,0,0.00221815,1
267_BRANCH0_296,1,0.00265377,1
267_BRANCH0_296,0,0.00181072,1
56_BRANCH0_135,1,0.00269092,1
56_BRANCH0_135,0,0.00224705,1
418,1,0.0019659,1
418,0,0.00233406,1
24,1,0.00172649,1
24,0,0.00152401,1
63_BRANCH0_256,1,0.00208262,1
63_BRANCH0_256,0,0.00197814,1
168_BRANCH0_236,1,0.00222017,1
168_BRANCH0_236,0,0.0704168,1
347,1,22.4015,0
347,0,0.00175955,1
60_BRANCH0_189,1,0.00225998,1
60_BRANCH0_189,0,0.0020535,1
24_BRANCH0_250,1,0.00198586,1
24_BRANCH0_250,0,0.00191952,1
127_BRANCH0_185,1,0.00211564,1
127_BRANCH0_185,0,0.00278596,1
213_BRANCH0_258,1,0.00200072,1
213_BRANCH0_258,0,0.00203513,1
256,1,0.00207382,1
256,0,0.00254264,1
34,1,0.0019409,1
34,0,0.00191023,1
259,1,10.9104,0
259,0,0.00186891,1
37,1,0.00183918,1
37,0,0.0017559,1
89_BRANCH0_146,1,0.00208506,1
89_BRANCH0_146,0,0.00220301,1
119_BRANCH0_158,1,0.0029368,1
119_BRANCH0_158,0,0.00303314,1
1,1,0.0700063,1
1,0,0.0689016,1
76_BRANCH0_257,1,0.00213384,1
76_BRANCH0_257,0,0.00199374,1
43_BRANCH0_131,1,0.00283191,1
43_BRANCH0_131,0,0.00226366,1
17_BRANCH0_381,1,0.00191458,1
17_BRANCH0_381,0,0.00201266,1
4_BRANCH0_154,1,0.00210994,1
4_BRANCH0_154,0,0.00215088,1
63,1,0.00181838,1
63,0,0.00178165,1
123,1,0.00220814,1
123,0,0.00277901,1
14_BRANCH0_371,1,1.18794,1
14_BRANCH0_371,0,1.17952,1
147_BRANCH0_196,1,0.00223126,1
147_BRANCH0_196,0,0.00298839,1
99_BRANCH0_346,1,0.00228526,1
99_BRANCH0_346,0,0.00200156,1
353,1,0.00189143,1
353,0,0.00181677,1
82_BRANCH0_143,1,0.00275864,1
82_BRANCH0_143,0,0.00225574,1
354,1,0.00188856,1
354,0,0.00180967,1
126,1,0.00213319,1
126,0,0.00221116,1
30_BRANCH0_162,1,0.00210112,1
30_BRANCH0_162,0,0.00213377,1
165_BRANCH0_199,1,0.0021012,1
165_BRANCH0_199,0,0.00170618,1
285_BRANCH0_343,1,0.00176844,1
285_BRANCH0_343,0,0.310438,1
53_BRANCH0_374,1,0.095055,1
53_BRANCH0_374,0,0.00265554,1
1_BRANCH0_118,1,0.00222746,1
1_BRANCH0_118,0,0.00223777,1
143,1,0.00225167,1
143,0,0.00287143,1
304,1,0.00183647,1
304,0,0.00189671,1
112_BRANCH0_347,1,0.00181623,1
112_BRANCH0_347,0,20.5443,0
60_BRANCH0_342,1,0.0268146,1
60_BRANCH0_342,0,0.00207397,1
330,1,0.00197362,1
330,0,0.0462041,1
86,1,0.00331945,1
86,0,0.00343339,1
243,1,0.00178062,1
243,0,0.00186595,1
17_BRANCH0_159,1,0.00205588,1
17_BRANCH0_159,0,0.00213181,1
92_BRANCH0_194,1,0.00222271,1
92_BRANCH0_194,0,0.00227622,1
43,1,0.00181802,1
43,0,0.00178045,1
8_BRANCH0_157,1,0.00283259,1
8_BRANCH0_157,0,0.00306188,1
198,1,0.00260171,1
198,0,0.00216919,1
8,1,0.160977,1
8,0,0.162237,1
21_BRANCH0_336,1,0.134278,1
21_BRANCH0_336,0,0.133149,1
21,1,0.162495,1
21,0,0.162462,1
339,1,0.00196659,1
339,0,0.00182904,1
105,1,0.00232605,1
105,0,0.00237935,1
43_BRANCH0_165,1,0.00209684,1
43_BRANCH0_165,0,0.0021435,1
143_BRANCH0_193,1,0.00223091,1
143_BRANCH0_193,0,0.00280427,1
82,1,0.00184115,1
82,0,0.00177443,1
24_BRANCH0_126,1,0.00215086,1
24_BRANCH0_126,0,0.00220982,1
92_BRANCH0_377,1,0.00398425,1
92_BRANCH0_377,0,0.00276124,1
4_BRANCH0_119,1,0.0028993,1
4_BRANCH0_119,0,0.00282057,1
260_BRANCH0_296,1,0.00268,1
260_BRANCH0_296,0,0.00187862,1
289,1,0.00258189,1
289,0,0.00189303,1
27_BRANCH0_372,1,1.18954,1
27_BRANCH0_372,0,1.18878,1
407_BRANCH0_429,1,0.00232773,1
407_BRANCH0_429,0,0.00193392,1
193,1,0.0024408,1
193,0,0.00216392,1
190,1,0.00257471,1
190,0,0.00218195,1
139_BRANCH0_192,1,0.00223771,1
139_BRANCH0_192,0,0.00297475,1
306,1,0.0019802,1
306,0,0.0018653,1
404_BRANCH0_418,1,0.00235361,1
404_BRANCH0_418,0,0.00196773,1
432,1,0.00200684,1
432,0,0.00196924,1
63_BRANCH0_138,1,0.00217644,1
63_BRANCH0_138,0,0.00221703,1
47,1,0.109716,1
47,0,0.111717,1
105_BRANCH0_378,1,0.00234719,1
105_BRANCH0_378,0,0.00200502,1
203_BRANCH0_239,1,0.00205338,1
203_BRANCH0_239,0,0.00183422,1
102_BRANCH0_259,1,0.00199079,1
102_BRANCH0_259,0,10.9726,0
66_BRANCH0_190,1,0.00210879,1
66_BRANCH0_190,0,0.00229874,1
273_BRANCH0_335,1,0.00183671,1
273_BRANCH0_335,0,0.297067,1
142,1,0.00219003,1
142,0,0.00221498,1
307,1,0.00207238,1
307,0,0.00194579,1
393,1,0.00246831,1
393,0,0.00201385,1
66,1,0.0255929,1
66,0,0.0257735,1
186,1,0.002568,1
186,0,0.0021292,1
108_BRANCH0_180,1,0.00210164,1
108_BRANCH0_180,0,0.00198643,1
99_BRANCH0_195,1,0.00223643,1
99_BRANCH0_195,0,0.00221495,1
112_BRANCH0_197,1,0.00220595,1
112_BRANCH0_197,0,0.00219949,1
11_BRANCH0_246,1,0.0360618,1
11_BRANCH0_246,0,0.0019713,1
185,1,0.0025431,1
185,0,0.00222986,1
273,1,0.00192576,1
273,0,0.00182497,1
213,1,0.00190693,1
213,0,0.00192382,1
345,1,0.0021534,1
345,0,0.00187363,1
131_BRANCH0_188,1,0.00225713,1
131_BRANCH0_188,0,0.00305857,1
69_BRANCH0_171,1,0.00214947,1
69_BRANCH0_171,0,0.00214502,1
69,1,0.00186721,1
69,0,0.00182739,1
404,1,0.00237737,1
404,0,0.00196771,1
14_BRANCH0_158,1,0.00305185,1
14_BRANCH0_158,0,0.00298935,1
95,1,0.00184911,1
95,0,0.00175189,1
73_BRANCH0_344,1,0.0080642,1
73_BRANCH0_344,0,0.00218726,1
99,1,0.00217414,1
99,0,0.00217479,1
162_BRANCH0_230,1,0.00230197,1
162_BRANCH0_230,0,0.0708455,1
360_BRANCH0_378,1,0.00252447,1
360_BRANCH0_378,0,0.00248733,1
76_BRANCH0_142,1,0.00212526,1
76_BRANCH0_142,0,0.00222054,1
346,1,0.00218866,1
346,0,0.0018826,1
4_BRANCH0_380,1,0.00190457,1
4_BRANCH0_380,0,0.00174873,1
92,1,0.00400035,1
92,0,0.0040395,1
82_BRANCH0_174,1,0.00209166,1
82_BRANCH0_174,0,0.00213831,1
89_BRANCH0_258,1,0.00216708,1
89_BRANCH0_258,0,0.00192393,1
381_BRANCH0_416,1,0.00273593,1
381_BRANCH0_416,0,0.296524,1
82_BRANCH0_407,1,0.00203786,1
82_BRANCH0_407,0,0.00227277,1
301,1,0.00195252,1
301,0,0.00260707,1
86_BRANCH0_193,1,0.00219637,1
86_BRANCH0_193,0,0.00221522,1
309_BRANCH0_341,1,0.00207671,1
309_BRANCH0_341,0,0.00188287,1
89,1,0.00184768,1
89,0,0.00174393,1
260_BRANCH0_330,1,0.00262241,1
260_BRANCH0_330,0,0.00201405,1
285,1,0.00190572,1
285,0,0.00183293,1
309_BRANCH0_331,1,0.00194565,1
309_BRANCH0_331,0,0.0457443,1
251,1,0.00186984,1
251,0,0.00185122,1
386,1,0.00256094,1
386,0,0.0019361,1
95_BRANCH0_147,1,0.00300704,1
95_BRANCH0_147,0,0.00226125,1
276_BRANCH0_337,1,0.00189328,1
276_BRANCH0_337,0,0.297768,1
102,1,0.00183666,1
102,0,0.00181426,1
379,1,79.7423,0
379,0,0.00186613,1
95_BRANCH0_177,1,0.00215024,1
95_BRANCH0_177,0,0.0021648,1
319_BRANCH0_336,1,0.00194247,1
319_BRANCH0_336,0,0.0479016,1
404_BRANCH0_416,1,0.00238605,1
404_BRANCH0_416,0,0.30522,1
154_BRANCH0_224,1,0.00219337,1
154_BRANCH0_224,0,0.0717688,1
242,1,0.0019098,1
242,0,0.0019259,1
342,1,0.00203953,1
342,0,0.00188036,1
360_BRANCH0_377,1,0.0045942,1
360_BRANCH0_377,0,0.00356492,1
102_BRANCH0_150,1,0.00216396,1
102_BRANCH0_150,0,0.00222188,1
381_BRANCH0_432,1,0.00210733,1
381_BRANCH0_432,0,0.00207649,1
188,1,0.00261195,1
188,0,0.00219773,1
333,1,0.00199084,1
333,0,0.00180245,1
108_BRANCH0_151,1,0.00277803,1
108_BRANCH0_151,0,0.00242812,1
115_BRANCH0_198,1,0.00217578,1
115_BRANCH0_198,0,0.00233638,1
203_BRANCH0_247,1,0.00194498,1
203_BRANCH0_247,0,0.00186282,1
131_BRANCH0_187,1,0.0021667,1
131_BRANCH0_187,0,0.00298579,1
76,1,0.00189764,1
76,0,0.00180575,1
108,1,0.00180421,1
108,0,0.00183534,1
112,1,0.00190687,1
112,0,0.00201854,1
115_BRANCH0_379,1,0.00210169,1
115_BRANCH0_379,0,48.4319,0
319_BRANCH0_334,1,0.00176767,1
319_BRANCH0_334,0,0.0484343,1
378,1,0.00243994,1
378,0,0.00245853,1
115,1,0.00213955,1
115,0,0.00201984,1
118,1,0.0022307,1
118,0,0.00223996,1
332,1,0.00197077,1
332,0,0.0463021,1
386_BRANCH0_431,1,0.00261239,1
386_BRANCH0_431,0,0.00193514,1
119_BRANCH0_157,1,0.00290758,1
119_BRANCH0_157,0,0.00292837,1
79_BRANCH0_376,1,0.00781592,1
79_BRANCH0_376,0,0.0020811,1
393_BRANCH0_425,1,0.0026396,1
393_BRANCH0_425,0,0.00754876,1
123_BRANCH0_183,1,0.00284627,1
123_BRANCH0_183,0,0.00289682,1
165_BRANCH0_233,1,0.00225536,1
165_BRANCH0_233,0,0.0701443,1
334,1,0.133376,1
334,0,0.00196275,1
40_BRANCH0_186,1,0.00210827,1
40_BRANCH0_186,0,0.00218932,1
422_BRANCH0_432,1,0.0020964,1
422_BRANCH0_432,0,0.00205447,1
260,1,0.00282869,1
260,0,0.00199767,1
264_BRANCH0_296,1,0.00279683,1
264_BRANCH0_296,0,0.00194229,1
300,1,0.00189376,1
300,0,0.00285099,1
264_BRANCH0_331,1,0.00288586,1
264_BRANCH0_331,0,0.297888,1
264,1,0.00259946,1
264,0,0.0018498,1
357,1,0.00170512,1
357,0,0.00176382,1
267_BRANCH0_332,1,0.0025941,1
267_BRANCH0_332,0,0.293718,1
267,1,0.00260423,1
267,0,0.0018506,1
270_BRANCH0_296,1,0.00179544,1
270_BRANCH0_296,0,0.00181257,1
352,1,0.00182461,1
352,0,0.00182515,1
270_BRANCH0_333,1,0.00181003,1
270_BRANCH0_333,0,0.294903,1
425_BRANCH0_432,1,0.00194432,1
425_BRANCH0_432,0,0.00200582,1
270,1,0.00186609,1
270,0,0.00182914,1
276_BRANCH0_296,1,0.00185288,1
276_BRANCH0_296,0,0.0018196,1
276,1,0.00186192,1
276,0,0.00183581,1
309_BRANCH0_330,1,0.00195723,1
309_BRANCH0_330,0,0.0452137,1
411_BRANCH0_420,1,0.00216801,1
411_BRANCH0_420,0,0.00200939,1
279_BRANCH0_296,1,0.00187955,1
279_BRANCH0_296,0,0.00182,1
279_BRANCH0_339,1,0.00184735,1
279_BRANCH0_339,0,0.294288,1
279,1,0.00192169,1
279,0,0.00183838,1
282_BRANCH0_296,1,0.00184057,1
282_BRANCH0_296,0,0.00181934,1
282_BRANCH0_341,1,0.00185073,1
282_BRANCH0_341,0,0.298473,1
282,1,0.00192185,1
282,0,0.00183588,1
288,1,0.0025936,1
288,0,0.00190571,1
290,1,0.00179655,1
290,0,0.00186044,1
291,1,0.00187689,1
291,0,0.0018699,1
292,1,0.00188415,1
292,0,0.00186903,1
293,1,0.00187642,1
293,0,0.00186785,1
295,1,0.00186645,1
295,0,0.00187063,1
296_BRANCH0_309,1,0.00180367,1
296_BRANCH0_309,0,0.00196327,1
296_BRANCH0_319,1,0.0251889,1
296_BRANCH0_319,0,0.00198495,1
296,1,0.00174146,1
296,0,0.00182854,1
302,1,0.00184274,1
302,0,0.00261128,1
303,1,0.00190506,1
303,0,0.00179814,1
305,1,0.00185606,1
305,0,0.00187693,1
309_BRANCH0_333,1,0.00197863,1
309_BRANCH0_333,0,0.00185482,1
309_BRANCH0_339,1,0.00197037,1
309_BRANCH0_339,0,0.00192922,1
399_BRANCH0_428,1,0.00241347,1
399_BRANCH0_428,0,0.00189886,1
309_BRANCH0_343,1,0.00195851,1
309_BRANCH0_343,0,0.00191625,1
319_BRANCH0_345,1,0.00223668,1
319_BRANCH0_345,0,0.00215673,1
309,1,0.001987,1
309,0,0.00186235,1
319_BRANCH0_340,1,0.00249521,1
319_BRANCH0_340,0,0.0020523,1
319_BRANCH0_342,1,0.00239912,1
319_BRANCH0_342,0,0.00214153,1
319_BRANCH0_344,1,0.00234278,1
319_BRANCH0_344,0,0.00215857,1
319_BRANCH0_346,1,0.00219072,1
319_BRANCH0_346,0,0.00215492,1
319_BRANCH0_347,1,0.00205482,1
319_BRANCH0_347,0,23.2663,0
331,1,0.0017661,1
331,0,0.0456244,1
319,1,0.0020209,1
319,0,0.0253075,1
329,1,0.00188187,1
329,0,0.00166308,1
336,1,0.0474481,1
336,0,0.00191502,1
357_BRANCH0_360,1,0.279332,1
357_BRANCH0_360,0,0.0181638,1
337,1,0.00189613,1
337,0,0.00183809,1
338,1,0.048047,1
338,0,0.00191065,1
343,1,0.00188517,1
343,0,0.0018335,1
344,1,0.00212245,1
344,0,0.0018793,1
386_BRANCH0_422,1,0.0025666,1
386_BRANCH0_422,0,0.00193353,1
349,1,0.00267893,1
349,0,0.00186246,1
351,1,0.0018197,1
351,0,0.00181514,1
355,1,0.00188153,1
355,0,0.00179813,1
356,1,0.00184605,1
356,0,0.00182183,1
357_BRANCH0_370,1,0.00173349,1
357_BRANCH0_370,0,0.00175692,1
360_BRANCH0_371,1,0.00194473,1
360_BRANCH0_371,0,0.318608,1
360_BRANCH0_372,1,3.20001,1
360_BRANCH0_372,0,0.325425,1
360_BRANCH0_374,1,0.183095,1
360_BRANCH0_374,0,0.00198116,1
360_BRANCH0_375,1,0.0456382,1
360_BRANCH0_375,0,0.026289,1
360_BRANCH0_379,1,6.32159,1
360_BRANCH0_379,0,84.5975,0
370,1,0.00171095,1
370,0,0.00173295,1
371,1,1.21433,1
371,0,0.00204985,1
372,1,0.322194,1
372,0,2.98129,1
373,1,0.318633,1
373,0,0.71609,1
374,1,0.00207753,1
374,0,0.175296,1
375,1,0.0267085,1
375,0,0.044028,1
376,1,0.00808345,1
376,0,0.0119996,1
377,1,0.00354924,1
377,0,0.0042723,1
380,1,0.00177356,1
380,0,0.00199359,1
381_BRANCH0_430,1,0.00266302,1
381_BRANCH0_430,0,0.00201664,1
381_BRANCH0_431,1,0.00264084,1
381_BRANCH0_431,0,0.00194529,1
381,1,0.0020265,1
381,0,0.00176791,1
386_BRANCH0_429,1,0.00249481,1
386_BRANCH0_429,0,0.00195107,1
386_BRANCH0_430,1,0.00255272,1
386_BRANCH0_430,0,0.00201247,1
393_BRANCH0_416,1,0.00254724,1
393_BRANCH0_416,0,0.311835,1
393_BRANCH0_417,1,0.00251505,1
393_BRANCH0_417,0,0.00200052,1
393_BRANCH0_428,1,0.00252541,1
393_BRANCH0_428,0,0.0032847,1
399_BRANCH0_416,1,0.00242081,1
399_BRANCH0_416,0,0.307709,1
399_BRANCH0_425,1,0.0024591,1
399_BRANCH0_425,0,0.00197111,1
399_BRANCH0_430,1,0.00261118,1
399_BRANCH0_430,0,0.00214637,1
399,1,0.00263641,1
399,0,0.0021561,1
407_BRANCH0_416,1,0.00244932,1
407_BRANCH0_416,0,0.323176,1
407_BRANCH0_419,1,0.00227673,1
407_BRANCH0_419,0,0.00199206,1
407,1,0.00224715,1
407,0,0.00201858,1
411,1,0.00215748,1
411,0,0.00201123,1
414,1,0.00208858,1
414,0,0.356665,1
417,1,0.00203882,1
417,0,0.00250478,1
419,1,0.00197251,1
419,0,0.00225764,1
420,1,0.00201865,1
420,0,0.00216974,1
421,1,0.312888,1
421,0,0.00203237,1
422_BRANCH0_430,1,0.0023324,1
422_BRANCH0_430,0,0.00171093,1
422,1,0.00182229,1
422,0,0.00195006,1
425_BRANCH0_431,1,0.00190609,1
425_BRANCH0_431,0,0.00200626,1
425,1,0.00193361,1
425,0,0.00200932,1
428,1,0.00191735,1
428,0,0.0019997,1
429,1,0.0019649,1
429,0,0.00202166,1
430,1,0.00203957,1
430,0,0.00199516,1
431,1,0.00196677,1
431,0,0.00200464,1
