0.00527828
m_BRANCH0_q,1,0.000107663,1
m_BRANCH0_q,0,9.3473e-05,0
m_BRANCH0_Z,1,0.000114844,1
m_BRANCH0_Z,0,0.000119676,1
d_BRANCH0_X,1,9.0764e-05,1
d_BRANCH0_X,0,8.3211e-05,0
d_BRANCH0_r,1,0.000119385,1
d_BRANCH0_r,0,8.6638e-05,1
X,1,8.4648e-05,0
X,0,7.2997e-05,1
m_BRANCH0_r,1,9.2964e-05,1
m_BRANCH0_r,0,9.1862e-05,1
B,1,0.000110925,1
B,0,0.000121514,1
d,1,9.0082e-05,1
d,0,0.000118768,1
d_BRANCH0_m,1,0.000155084,1
d_BRANCH0_m,0,8.3244e-05,1
s_BRANCH0_v,1,0.000126735,0
s_BRANCH0_v,0,0.000100358,1
B_BRANCH0_m,1,5.5622e-05,0
B_BRANCH0_m,0,8.1969e-05,1
B_BRANCH0_v,1,5.2578e-05,0
B_BRANCH0_v,0,0.000105003,1
C,1,0.000159867,1
C,0,0.000157396,1
s_BRANCH0_Y,1,0.000129832,0
s_BRANCH0_Y,0,7.6927e-05,1
B_BRANCH0_d,1,8.5878e-05,1
B_BRANCH0_d,0,0.00011605,1
A,1,0.000112015,1
A,0,0.000117166,1
m,1,9.7824e-05,1
m,0,0.000112801,1
r_BRANCH0_s,1,8.9341e-05,1
r_BRANCH0_s,0,0.000127207,0
Y,1,0.000119239,0
Y,0,7.6387e-05,1
r_BRANCH0_X,1,0.000129419,1
r_BRANCH0_X,0,0.000124723,0
Z,1,0.000147851,1
Z,0,8.8873e-05,1
r,1,8.4629e-05,1
r,0,0.000124581,0
q,1,8.1713e-05,0
q,0,8.3047e-05,1
s,1,0.000126276,0
s,0,7.719e-05,1
v,1,0.000126966,0
v,0,0.000145074,1
