9.18073
539,1,0.00541309,1
539,0,0.00437852,1
298_BRANCH0_356,1,0.00272948,1
298_BRANCH0_356,0,0.00217887,1
530,1,0.00280647,1
530,0,0.00278672,1
530_BRANCH0_552,1,0.00286634,1
530_BRANCH0_552,0,0.0027762,1
529,1,0.00998323,1
529,0,0.0041887,1
201_BRANCH0_654,1,0.00613685,1
201_BRANCH0_654,0,0.00617242,1
665_BRANCH0_830,1,0.0040404,1
665_BRANCH0_830,0,0.00436489,1
525,1,0.0032207,1
525,0,0.00893098,1
521,1,0.00386571,1
521,0,0.00303641,1
483_BRANCH0_516,1,0.00466611,1
483_BRANCH0_516,0,0.00451278,1
632,1,0.0036824,1
632,0,0.00373032,1
518,1,0.00591105,1
518,0,0.00302579,1
512,1,0.00343705,1
512,0,0.00604471,1
511,1,0.00345253,1
511,0,0.00914507,1
270_BRANCH0_344,1,0.00677039,1
270_BRANCH0_344,0,0.00293231,1
505,1,0.00448581,1
505,0,0.00330463,1
219_BRANCH0_794,1,0.00579864,1
219_BRANCH0_794,0,0.00562393,1
654_BRANCH0_727,1,0.00336884,1
654_BRANCH0_727,0,0.00312747,1
708,1,0.00349111,1
708,0,0.00439397,1
504,1,0.00413071,1
504,0,0.00931028,1
503,1,0.00456286,1
503,0,0.00363736,1
382_BRANCH0_416,1,0.00378205,1
382_BRANCH0_416,0,0.00342627,1
644_BRANCH0_733,1,0.00396138,1
644_BRANCH0_733,0,0.00450258,1
502,1,0.00416905,1
502,0,0.00914679,1
501,1,0.00315069,1
501,0,0.00287745,1
814,1,0.0051592,1
814,0,0.00320615,1
498,1,0.00563569,1
498,0,0.00298453,1
301,1,0.00552049,1
301,0,0.00350322,1
495_BRANCH0_521,1,0.00313729,1
495_BRANCH0_521,0,0.00325737,1
491,1,0.00989169,1
491,0,0.00462749,1
13_BRANCH0_280,1,0.00679887,1
13_BRANCH0_280,0,0.00677241,1
489,1,0.00836663,1
489,0,0.00426136,1
460_BRANCH0_498,1,0.00316098,1
460_BRANCH0_498,0,0.00290638,1
417,1,0.00404504,1
417,0,0.00607068,1
770,1,0.0039472,1
770,0,0.0037946,1
488,1,0.00853602,1
488,0,0.00441677,1
875,1,0.00441359,1
875,0,0.00311956,1
483,1,0.00441059,1
483,0,0.00445479,1
483_BRANCH0_510,1,0.0045774,1
483_BRANCH0_510,0,0.00480666,1
310_BRANCH0_369,1,0.00608696,1
310_BRANCH0_369,0,0.00608707,1
298_BRANCH0_355,1,0.00294416,1
298_BRANCH0_355,0,0.00204129,1
481,1,0.00402705,1
481,0,0.00852824,1
476,1,0.00384652,1
476,0,0.00848398,1
412,1,0.00433356,1
412,0,0.00363176,1
466,1,0.00342275,1
466,0,0.00613892,1
466_BRANCH0_517,1,0.00332379,1
466_BRANCH0_517,0,0.00577705,1
632_BRANCH0_708,1,0.00378816,1
632_BRANCH0_708,0,0.00392726,1
849,1,0.00318016,1
849,0,0.00382638,1
466_BRANCH0_508,1,0.0032876,1
466_BRANCH0_508,0,0.00444284,1
403,1,0.00148169,1
403,0,0.00265957,1
451_BRANCH0_528,1,0.00400321,1
451_BRANCH0_528,0,0.00896479,1
449,1,0.00228257,1
449,0,0.00660511,1
146,1,0.00577034,1
146,0,0.00593451,1
447,1,0.00156055,1
447,0,0.00298534,1
183_BRANCH0_526,1,0.00894043,1
183_BRANCH0_526,0,0.00974472,1
445,1,0.00396124,1
445,0,0.00365875,1
865,1,0.00410145,1
865,0,0.00353967,1
443,1,0.00790303,1
443,0,0.00467027,1
357_BRANCH0_406,1,0.00379511,1
357_BRANCH0_406,0,0.00345452,1
543,1,0.00445116,1
543,0,0.00362682,1
451_BRANCH0_522,1,0.0041557,1
451_BRANCH0_522,0,0.00908187,1
437,1,0.00985241,1
437,0,0.00390555,1
499,1,0.00574128,1
499,0,0.00302668,1
483_BRANCH0_514,1,0.00460775,1
483_BRANCH0_514,0,0.00466127,1
839,1,0.00403797,1
839,0,0.00361747,1
444,1,0.00296127,1
444,0,0.00387934,1
713_BRANCH0_762,1,0.00387756,1
713_BRANCH0_762,0,0.00543538,1
437_BRANCH0_490,1,0.00849116,1
437_BRANCH0_490,0,0.00545512,1
553_BRANCH0_596,1,0.00392988,1
553_BRANCH0_596,0,0.00393768,1
450,1,0.0015969,1
450,0,0.0026557,1
437_BRANCH0_489,1,0.00831298,1
437_BRANCH0_489,0,0.00528676,1
325,1,0.00583984,1
325,0,0.00393145,1
437_BRANCH0_488,1,0.008369,1
437_BRANCH0_488,0,0.00541662,1
111_BRANCH0_305,1,0.00572708,1
111_BRANCH0_305,0,0.00571349,1
432_BRANCH0_482,1,0.0040728,1
432_BRANCH0_482,0,0.00854517,1
577_BRANCH0_644,1,0.00520934,1
577_BRANCH0_644,0,0.00544155,1
432_BRANCH0_480,1,0.00394943,1
432_BRANCH0_480,0,0.00860899,1
357,1,0.00448866,1
357,0,0.00349327,1
135,1,0.00568043,1
135,0,0.00568745,1
189_BRANCH0_632,1,0.00701616,1
189_BRANCH0_632,0,0.0071666,1
644_BRANCH0_761,1,0.00374962,1
644_BRANCH0_761,0,0.00462233,1
442,1,0.00463968,1
442,0,0.00448925,1
432_BRANCH0_478,1,0.00403231,1
432_BRANCH0_478,0,0.0083751,1
17_BRANCH0_432,1,0.00990111,1
17_BRANCH0_432,0,0.00835286,1
427,1,0.00409699,1
427,0,0.00483438,1
513,1,0.00366824,1
513,0,0.00906912,1
427_BRANCH0_481,1,0.00376495,1
427_BRANCH0_481,0,0.00483881,1
135_BRANCH0_501,1,0.00608204,1
135_BRANCH0_501,0,0.00571801,1
752,1,0.00341007,1
752,0,0.00696727,1
427_BRANCH0_479,1,0.00366379,1
427_BRANCH0_479,0,0.0048494,1
427_BRANCH0_477,1,0.00392853,1
427_BRANCH0_477,0,0.00514402,1
267,1,0.0060096,1
267,0,0.00621006,1
286,1,0.00647906,1
286,0,0.0055935,1
533_BRANCH0_551,1,0.00288046,1
533_BRANCH0_551,0,0.00299707,1
177_BRANCH0_525,1,0.00921232,1
177_BRANCH0_525,0,0.01003,1
121,1,0.0065853,1
121,0,0.00584069,1
507,1,0.00463836,1
507,0,0.00365421,1
425,1,0.00321513,1
425,0,0.00374039,1
510,1,0.00369313,1
510,0,0.00600146,1
171_BRANCH0_606,1,0.00741084,1
171_BRANCH0_606,0,0.00722196,1
781,1,0.00476603,1
781,0,0.00343466,1
424,1,0.00934783,1
424,0,0.00439407,1
423,1,0.00164307,1
423,0,0.00269061,1
828,1,0.00406887,1
828,0,0.004127,1
492_BRANCH0_518,1,0.00326734,1
492_BRANCH0_518,0,0.00311937,1
422,1,0.00292317,1
422,0,0.00153915,1
354,1,0.00265715,1
354,0,0.00158899,1
421,1,0.00262759,1
421,0,0.00149099,1
420,1,0.00272202,1
420,0,0.00151659,1
843,1,0.00329565,1
843,0,0.00356807,1
419,1,0.00677009,1
419,0,0.00163847,1
414,1,0.00359129,1
414,0,0.00385853,1
727_BRANCH0_759,1,0.00376061,1
727_BRANCH0_759,0,0.00311878,1
495,1,0.0032036,1
495,0,0.00315238,1
80,1,0.00822655,1
80,0,0.00810399,1
682_BRANCH0_834,1,0.00420076,1
682_BRANCH0_834,0,0.00405971,1
722_BRANCH0_763,1,0.00453271,1
722_BRANCH0_763,0,0.00546913,1
411,1,0.0038946,1
411,0,0.00385506,1
410,1,0.00806415,1
410,0,0.00371907,1
687_BRANCH0_766,1,0.00419816,1
687_BRANCH0_766,0,0.00462458,1
409,1,0.00327526,1
409,0,0.00356523,1
407,1,0.00363941,1
407,0,0.00369671,1
219_BRANCH0_852,1,0.00605593,1
219_BRANCH0_852,0,0.00621978,1
237_BRANCH0_749,1,0.00712709,1
237_BRANCH0_749,0,0.00718231,1
406,1,0.00319268,1
406,0,0.00362187,1
390,1,0.00163714,1
390,0,0.00264598,1
319_BRANCH0_443,1,0.00756389,1
319_BRANCH0_443,0,0.00533922,1
479,1,0.00388024,1
479,0,0.00819052,1
404,1,0.00388437,1
404,0,0.00366864,1
446,1,0.00625599,1
446,0,0.00187336,1
402,1,0.00130877,1
402,0,0.00671065,1
297,1,0.00148531,1
297,0,0.00174101,1
393_BRANCH0_443,1,0.0039968,1
393_BRANCH0_443,0,0.00788707,1
393_BRANCH0_437,1,0.0056999,1
393_BRANCH0_437,0,0.00867014,1
392,1,0.00765104,1
392,0,0.00123853,1
873,1,0.00312553,1
873,0,0.00399062,1
451_BRANCH0_526,1,0.00402574,1
451_BRANCH0_526,0,0.00932278,1
773,1,0.0048551,1
773,0,0.00424037,1
389,1,0.0015902,1
389,0,0.00282319,1
385,1,0.00359413,1
385,0,0.00394123,1
385_BRANCH0_416,1,0.00355358,1
385_BRANCH0_416,0,0.00381474,1
478,1,0.00375383,1
478,0,0.00889394,1
541,1,0.00543533,1
541,0,0.00369399,1
379,1,0.00371096,1
379,0,0.00379495,1
51,1,0.00522392,1
51,0,0.00502443,1
379_BRANCH0_412,1,0.0036589,1
379_BRANCH0_412,0,0.00384099,1
514,1,0.00367447,1
514,0,0.00612934,1
376_BRANCH0_413,1,0.00385778,1
376_BRANCH0_413,0,0.00383833,1
523,1,0.00347124,1
523,0,0.00938902,1
369,1,0.00688542,1
369,0,0.00593724,1
1,1,0.00331203,1
1,0,0.00301202,1
90,1,0.00283729,1
90,0,0.00274778,1
366_BRANCH0_408,1,0.00346536,1
366_BRANCH0_408,0,0.00401322,1
696,1,0.0038649,1
696,0,0.00331599,1
363,1,0.00366846,1
363,0,0.00370882,1
363_BRANCH0_409,1,0.00371132,1
363_BRANCH0_409,0,0.00371389,1
356,1,0.00172878,1
356,0,0.00263121,1
353,1,0.00277243,1
353,0,0.00157456,1
189_BRANCH0_635,1,0.0062943,1
189_BRANCH0_635,0,0.00677055,1
207_BRANCH0_520,1,0.00611131,1
207_BRANCH0_520,0,0.0058841,1
352,1,0.00867476,1
352,0,0.00600706,1
600_BRANCH0_673,1,0.00405561,1
600_BRANCH0_673,0,0.00426462,1
349,1,0.00554769,1
349,0,0.00170194,1
569,1,0.00369245,1
569,0,0.003755,1
347,1,0.00415546,1
347,0,0.00793279,1
346,1,0.00360361,1
346,0,0.00134571,1
298,1,0.00370703,1
298,0,0.00310703,1
463_BRANCH0_500,1,0.00299615,1
463_BRANCH0_500,0,0.00292646,1
345,1,0.00746535,1
345,0,0.00476283,1
528,1,0.0095278,1
528,0,0.00492412,1
344,1,0.00690046,1
344,0,0.00140224,1
1_BRANCH0_280,1,0.00679404,1
1_BRANCH0_280,0,0.00678831,1
343,1,0.00685222,1
343,0,0.00533252,1
811,1,0.00385032,1
811,0,0.00368716,1
348,1,0.00389785,1
348,0,0.00981355,1
228_BRANCH0_736,1,0.00638456,1
228_BRANCH0_736,0,0.00590294,1
544,1,0.00309333,1
544,0,0.00318816,1
340,1,0.00402696,1
340,0,0.00592042,1
466_BRANCH0_513,1,0.0035001,1
466_BRANCH0_513,0,0.00534456,1
673_BRANCH0_833,1,0.00400767,1
673_BRANCH0_833,0,0.00430928,1
768,1,0.00320925,1
768,0,0.0033565,1
339,1,0.00428905,1
339,0,0.00621572,1
809,1,0.00437655,1
809,0,0.00587906,1
337,1,0.00464998,1
337,0,0.00603235,1
336,1,0.00456132,1
336,0,0.00603585,1
334,1,0.00415436,1
334,0,0.00600035,1
777,1,0.00454336,1
777,0,0.00358831,1
519,1,0.00605296,1
519,0,0.00316927,1
379_BRANCH0_413,1,0.0037827,1
379_BRANCH0_413,0,0.00386229,1
333,1,0.004191,1
333,0,0.00592585,1
332,1,0.00417472,1
332,0,0.00614773,1
437_BRANCH0_491,1,0.00848409,1
437_BRANCH0_491,0,0.00545296,1
733,1,0.00459754,1
733,0,0.00405957,1
331,1,0.00591992,1
331,0,0.00390719,1
328,1,0.00568279,1
328,0,0.00393719,1
382,1,0.00364575,1
382,0,0.00390146,1
237_BRANCH0_737,1,0.00712795,1
237_BRANCH0_737,0,0.00714225,1
788,1,0.00361461,1
788,0,0.00370074,1
330,1,0.00590755,1
330,0,0.00377896,1
537,1,0.00813139,1
537,0,0.0042086,1
326,1,0.00605042,1
326,0,0.00369238,1
619_BRANCH0_814,1,0.00528383,1
619_BRANCH0_814,0,0.00467538,1
526,1,0.00412214,1
526,0,0.0092627,1
261_BRANCH0_733,1,0.00710722,1
261_BRANCH0_733,0,0.00619251,1
520,1,0.00330803,1
520,0,0.00317241,1
322,1,0.00625775,1
322,0,0.00915014,1
600_BRANCH0_765,1,0.00561191,1
600_BRANCH0_765,0,0.00428866,1
319,1,0.00781519,1
319,0,0.00538784,1
318,1,0.00412879,1
318,0,0.00590312,1
317,1,0.00466952,1
317,0,0.00590033,1
748,1,0.00370024,1
748,0,0.0059809,1
310,1,0.00603616,1
310,0,0.00614501,1
310_BRANCH0_478,1,0.00866098,1
310_BRANCH0_478,0,0.0100074,1
219_BRANCH0_851,1,0.00601711,1
219_BRANCH0_851,0,0.0059344,1
651_BRANCH0_722,1,0.00540029,1
651_BRANCH0_722,0,0.00467133,1
385_BRANCH0_415,1,0.00400509,1
385_BRANCH0_415,0,0.00393189,1
682,1,0.00406379,1
682,0,0.00399759,1
466_BRANCH0_511,1,0.00348394,1
466_BRANCH0_511,0,0.00540529,1
89,1,0.00314244,1
89,0,0.00285118,1
293,1,0.00151796,1
293,0,0.00271045,1
309,1,0.00406317,1
309,0,0.00597667,1
68_BRANCH0_286,1,0.00662001,1
68_BRANCH0_286,0,0.00681181,1
418,1,0.00182163,1
418,0,0.00388011,1
195_BRANCH0_528,1,0.00942063,1
195_BRANCH0_528,0,0.01018,1
393,1,0.00548543,1
393,0,0.00757145,1
17_BRANCH0_443,1,0.00841552,1
17_BRANCH0_443,0,0.00832346,1
307,1,0.00592546,1
307,0,0.0035291,1
644_BRANCH0_734,1,0.00435534,1
644_BRANCH0_734,0,0.00482935,1
432,1,0.0041388,1
432,0,0.00855783,1
306,1,0.00676777,1
306,0,0.00376482,1
268,1,0.00586697,1
268,0,0.00609396,1
305,1,0.00586637,1
305,0,0.00377823,1
793,1,0.00384673,1
793,0,0.00410521,1
482,1,0.00371633,1
482,0,0.00877332,1
538,1,0.00560559,1
538,0,0.00450631,1
360_BRANCH0_405,1,0.00383747,1
360_BRANCH0_405,0,0.00371829,1
581,1,0.00373997,1
581,0,0.00401563,1
303,1,0.00586248,1
303,0,0.00373271,1
408,1,0.00381478,1
408,0,0.00377114,1
557_BRANCH0_597,1,0.00387522,1
557_BRANCH0_597,0,0.00743185,1
310_BRANCH0_480,1,0.00862773,1
310_BRANCH0_480,0,0.00994602,1
432_BRANCH0_476,1,0.00420662,1
432_BRANCH0_476,0,0.00908416,1
451_BRANCH0_524,1,0.00442802,1
451_BRANCH0_524,0,0.0092343,1
138,1,0.007091,1
138,0,0.00635927,1
747,1,0.00502458,1
747,0,0.00417872,1
296,1,0.00176211,1
296,0,0.00271598,1
363_BRANCH0_407,1,0.00362674,1
363_BRANCH0_407,0,0.00384942,1
75_BRANCH0_287,1,0.00901625,1
75_BRANCH0_287,0,0.00940385,1
294,1,0.00546311,1
294,0,0.0093193,1
765,1,0.0046406,1
765,0,0.00338087,1
366,1,0.00386996,1
366,0,0.0034903,1
290,1,0.00178782,1
290,0,0.00275136,1
195_BRANCH0_641,1,0.00710408,1
195_BRANCH0_641,0,0.00743009,1
287_BRANCH0_437,1,0.00535889,1
287_BRANCH0_437,0,0.00860891,1
287_BRANCH0_432,1,0.00607238,1
287_BRANCH0_432,0,0.00853046,1
17_BRANCH0_317,1,0.00693705,1
17_BRANCH0_317,0,0.00585142,1
280,1,0.00696589,1
280,0,0.00410941,1
279,1,0.00811776,1
279,0,0.00420275,1
515,1,0.00378814,1
515,0,0.0092771,1
159_BRANCH0_593,1,0.00629057,1
159_BRANCH0_593,0,0.00621867,1
276,1,0.00187858,1
276,0,0.00305664,1
276_BRANCH0_346,1,0.001411,1
276_BRANCH0_346,0,0.00289123,1
276_BRANCH0_345,1,0.00459147,1
276_BRANCH0_345,0,0.00738818,1
273,1,0.00587742,1
273,0,0.00660665,1
273_BRANCH0_344,1,0.0056976,1
273_BRANCH0_344,0,0.00639455,1
273_BRANCH0_343,1,0.00567422,1
273_BRANCH0_343,0,0.00639739,1
840,1,0.00456192,1
840,0,0.00362987,1
270,1,0.00464837,1
270,0,0.00250603,1
270_BRANCH0_392,1,0.00663518,1
270_BRANCH0_392,0,0.00438747,1
36,1,0.00483972,1
36,0,0.00497647,1
338,1,0.00432395,1
338,0,0.00598958,1
228_BRANCH0_759,1,0.00615583,1
228_BRANCH0_759,0,0.00600207,1
625_BRANCH0_700,1,0.00393335,1
625_BRANCH0_700,0,0.0041185,1
269,1,0.00409932,1
269,0,0.00157958,1
195_BRANCH0_331,1,0.00570691,1
195_BRANCH0_331,0,0.00598401,1
448,1,0.00166609,1
448,0,0.00542423,1
357_BRANCH0_404,1,0.00388799,1
357_BRANCH0_404,0,0.00379118,1
319_BRANCH0_427,1,0.0078833,1
319_BRANCH0_427,0,0.00547908,1
261_BRANCH0_758,1,0.00724449,1
261_BRANCH0_758,0,0.00703487,1
466_BRANCH0_502,1,0.00354285,1
466_BRANCH0_502,0,0.00530056,1
80_BRANCH0_293,1,0.00361862,1
80_BRANCH0_293,0,0.00285394,1
302,1,0.00568969,1
302,0,0.00391401,1
261_BRANCH0_734,1,0.00609029,1
261_BRANCH0_734,0,0.00641003,1
530_BRANCH0_550,1,0.00344904,1
530_BRANCH0_550,0,0.00316016,1
815_BRANCH0_841,1,0.00398424,1
815_BRANCH0_841,0,0.00429003,1
516,1,0.00378775,1
516,0,0.00616281,1
261_BRANCH0_732,1,0.00614167,1
261_BRANCH0_732,0,0.00632054,1
401,1,0.00177037,1
401,0,0.00542465,1
260,1,0.00628737,1
260,0,0.00642179,1
255,1,0.00621868,1
255,0,0.00597471,1
116_BRANCH0_513,1,0.00948222,1
116_BRANCH0_513,0,0.00936722,1
483_BRANCH0_512,1,0.00492403,1
483_BRANCH0_512,0,0.00485897,1
101_BRANCH0_303,1,0.00586911,1
101_BRANCH0_303,0,0.00572132,1
149_BRANCH0_479,1,0.00831364,1
149_BRANCH0_479,0,0.00818823,1
287,1,0.0054817,1
287,0,0.00934997,1
165,1,0.0062867,1
165,0,0.00616108,1
116_BRANCH0_306,1,0.00614401,1
116_BRANCH0_306,0,0.00571304,1
121_BRANCH0_307,1,0.00582278,1
121_BRANCH0_307,0,0.00567773,1
640,1,0.00445861,1
640,0,0.00721515,1
143_BRANCH0_510,1,0.00639507,1
143_BRANCH0_510,0,0.00649001,1
376,1,0.00418246,1
376,0,0.00391487,1
376_BRANCH0_411,1,0.00369835,1
376_BRANCH0_411,0,0.00393639,1
111,1,0.00607848,1
111,0,0.00602604,1
616_BRANCH0_687,1,0.00466521,1
616_BRANCH0_687,0,0.00467347,1
490,1,0.00886578,1
490,0,0.00451308,1
106,1,0.00609534,1
106,0,0.00602106,1
261_BRANCH0_757,1,0.00622733,1
261_BRANCH0_757,0,0.0063216,1
156,1,0.00824713,1
156,0,0.00821976,1
88,1,0.00398628,1
88,0,0.00366571,1
101_BRANCH0_334,1,0.00595361,1
101_BRANCH0_334,0,0.00611479,1
324,1,0.00585793,1
324,0,0.00387913,1
323,1,0.00496878,1
323,0,0.00929425,1
480,1,0.0045216,1
480,0,0.0085846,1
619,1,0.00608558,1
619,0,0.00478615,1
853,1,0.0042256,1
853,0,0.00607913,1
138_BRANCH0_309,1,0.00616976,1
138_BRANCH0_309,0,0.00620707,1
237,1,0.00617969,1
237,0,0.00622834,1
561_BRANCH0_606,1,0.0044999,1
561_BRANCH0_606,0,0.00533563,1
96_BRANCH0_333,1,0.00617891,1
96_BRANCH0_333,0,0.00585311,1
451_BRANCH0_529,1,0.00412698,1
451_BRANCH0_529,0,0.0095728,1
755,1,0.00460822,1
755,0,0.00718709,1
116,1,0.00607111,1
116,0,0.00601426,1
463_BRANCH0_501,1,0.00323461,1
463_BRANCH0_501,0,0.00312067,1
177_BRANCH0_327,1,0.00581955,1
177_BRANCH0_327,0,0.00595169,1
17,1,0.0061957,1
17,0,0.00619856,1
369_BRANCH0_490,1,0.00880233,1
369_BRANCH0_490,0,0.00939005,1
36_BRANCH0_292,1,0.00397075,1
36_BRANCH0_292,0,0.00294441,1
195_BRANCH0_644,1,0.00631626,1
195_BRANCH0_644,0,0.00669266,1
717_BRANCH0_754,1,0.00393134,1
717_BRANCH0_754,0,0.0033789,1
388,1,0.00177016,1
388,0,0.00275792,1
171,1,0.00613682,1
171,0,0.00617233,1
740,1,0.00351262,1
740,0,0.00732653,1
210_BRANCH0_417,1,0.00619068,1
210_BRANCH0_417,0,0.00595154,1
86,1,0.00220843,1
86,0,0.00196048,1
451_BRANCH0_523,1,0.00407913,1
451_BRANCH0_523,0,0.00925013,1
846,1,0.00439964,1
846,0,0.0040681,1
85,1,0.00199237,1
85,0,0.00201238,1
593,1,0.00474548,1
593,0,0.0042463,1
466_BRANCH0_515,1,0.00332988,1
466_BRANCH0_515,0,0.00585437,1
80_BRANCH0_291,1,0.00348818,1
80_BRANCH0_291,0,0.00302233,1
495_BRANCH0_520,1,0.00322665,1
495_BRANCH0_520,0,0.00328983,1
665,1,0.00504601,1
665,0,0.00465868,1
285,1,0.00579048,1
285,0,0.00510662,1
8,1,0.00790105,1
8,0,0.00783742,1
29_BRANCH0_287,1,0.00943206,1
29_BRANCH0_287,0,0.00943124,1
369_BRANCH0_488,1,0.00876187,1
369_BRANCH0_488,0,0.0102115,1
171_BRANCH0_326,1,0.0061139,1
171_BRANCH0_326,0,0.00596166,1
17_BRANCH0_323,1,0.00885193,1
17_BRANCH0_323,0,0.0100373,1
327,1,0.00614103,1
327,0,0.00388128,1
644_BRANCH0_763,1,0.00367792,1
644_BRANCH0_763,0,0.00488807,1
75,1,0.00836078,1
75,0,0.00815741,1
106_BRANCH0_303,1,0.00609566,1
106_BRANCH0_303,0,0.00580515,1
228_BRANCH0_739,1,0.00705954,1
228_BRANCH0_739,0,0.00704974,1
59_BRANCH0_284,1,0.00952358,1
59_BRANCH0_284,0,0.011075,1
138_BRANCH0_318,1,0.0061358,1
138_BRANCH0_318,0,0.00613369,1
68_BRANCH0_284,1,0.00937269,1
68_BRANCH0_284,0,0.0101939,1
156_BRANCH0_319,1,0.00921417,1
156_BRANCH0_319,0,0.00816164,1
59_BRANCH0_442,1,0.00850703,1
59_BRANCH0_442,0,0.00840809,1
59_BRANCH0_319,1,0.00812501,1
59_BRANCH0_319,0,0.00830439,1
665_BRANCH0_831,1,0.00453522,1
665_BRANCH0_831,0,0.00469299,1
101,1,0.0060266,1
101,0,0.0060149,1
1_BRANCH0_269,1,0.00400818,1
1_BRANCH0_269,0,0.00398275,1
237_BRANCH0_760,1,0.00719581,1
237_BRANCH0_760,0,0.00732107,1
246_BRANCH0_640,1,0.00725682,1
246_BRANCH0_640,0,0.00724957,1
827,1,0.00466089,1
827,0,0.00446069,1
524,1,0.00380862,1
524,0,0.00947979,1
59_BRANCH0_296,1,0.00409716,1
59_BRANCH0_296,0,0.00287331,1
351,1,0.00301059,1
351,0,0.00163599,1
106_BRANCH0_335,1,0.00605175,1
106_BRANCH0_335,0,0.00631681,1
17_BRANCH0_279,1,0.00787448,1
17_BRANCH0_279,0,0.00871512,1
59_BRANCH0_294,1,0.00922779,1
59_BRANCH0_294,0,0.00925673,1
237_BRANCH0_743,1,0.00728562,1
237_BRANCH0_743,0,0.0071042,1
159_BRANCH0_522,1,0.00940796,1
159_BRANCH0_522,0,0.0102199,1
557_BRANCH0_605,1,0.00496088,1
557_BRANCH0_605,0,0.00735054,1
393_BRANCH0_432,1,0.00547741,1
393_BRANCH0_432,0,0.00867614,1
292,1,0.00250133,1
292,0,0.00298844,1
29_BRANCH0_273,1,0.00684675,1
29_BRANCH0_273,0,0.00693829,1
26,1,0.00611853,1
26,0,0.00609368,1
405,1,0.00409013,1
405,0,0.00371416,1
228_BRANCH0_751,1,0.00598561,1
228_BRANCH0_751,0,0.00606444,1
589,1,0.00326366,1
589,0,0.00323933,1
360,1,0.00385252,1
360,0,0.00384723,1
29_BRANCH0_291,1,0.00332959,1
29_BRANCH0_291,0,0.00282779,1
466_BRANCH0_506,1,0.00336057,1
466_BRANCH0_506,0,0.00579286,1
1_BRANCH0_483,1,0.00678219,1
1_BRANCH0_483,0,0.00652868,1
138_BRANCH0_316,1,0.00624678,1
138_BRANCH0_316,0,0.00626225,1
8_BRANCH0_279,1,0.00818027,1
8_BRANCH0_279,0,0.00857002,1
492,1,0.00371916,1
492,0,0.00354479,1
13_BRANCH0_269,1,0.00374157,1
13_BRANCH0_269,0,0.00404355,1
130_BRANCH0_498,1,0.00596467,1
130_BRANCH0_498,0,0.00592877,1
210_BRANCH0_336,1,0.00607144,1
210_BRANCH0_336,0,0.00629996,1
13,1,0.00620644,1
13,0,0.00602837,1
116_BRANCH0_305,1,0.00582642,1
116_BRANCH0_305,0,0.00581507,1
427_BRANCH0_475,1,0.00381739,1
427_BRANCH0_475,0,0.0051515,1
210_BRANCH0_335,1,0.00657358,1
210_BRANCH0_335,0,0.00630059,1
342,1,0.0017305,1
342,0,0.00395728,1
246_BRANCH0_659,1,0.00720373,1
246_BRANCH0_659,0,0.00723877,1
101_BRANCH0_304,1,0.00610018,1
101_BRANCH0_304,0,0.00576583,1
116_BRANCH0_338,1,0.00616828,1
116_BRANCH0_338,0,0.00633804,1
210_BRANCH0_340,1,0.00630951,1
210_BRANCH0_340,0,0.00627196,1
74,1,0.00676017,1
74,0,0.00694293,1
310_BRANCH0_482,1,0.00897838,1
310_BRANCH0_482,0,0.0101423,1
369_BRANCH0_417,1,0.00622378,1
369_BRANCH0_417,0,0.00584894,1
874,1,0.00482023,1
874,0,0.00309164,1
246_BRANCH0_605,1,0.00714961,1
246_BRANCH0_605,0,0.00727764,1
517,1,0.00363638,1
517,0,0.00962847,1
17_BRANCH0_270,1,0.00541195,1
17_BRANCH0_270,0,0.00467087,1
207_BRANCH0_521,1,0.00628369,1
207_BRANCH0_521,0,0.00603733,1
261,1,0.00595257,1
261,0,0.00593674,1
228,1,0.00618501,1
228,0,0.00633817,1
577_BRANCH0_650,1,0.00393308,1
577_BRANCH0_650,0,0.00413818,1
1_BRANCH0_279,1,0.00822615,1
1_BRANCH0_279,0,0.00878398,1
350,1,0.00680827,1
350,0,0.00210587,1
246_BRANCH0_650,1,0.00709018,1
246_BRANCH0_650,0,0.0072788,1
451,1,0.00367656,1
451,0,0.00961164,1
55,1,0.00906469,1
55,0,0.00795341,1
29,1,0.00793169,1
29,0,0.00797714,1
96_BRANCH0_301,1,0.00590678,1
96_BRANCH0_301,0,0.00569239,1
790,1,0.00335848,1
790,0,0.00387568,1
29_BRANCH0_290,1,0.00309014,1
29_BRANCH0_290,0,0.00301252,1
460,1,0.00322308,1
460,0,0.00306805,1
1_BRANCH0_276,1,0.00325848,1
1_BRANCH0_276,0,0.00315107,1
153_BRANCH0_481,1,0.00832824,1
153_BRANCH0_481,0,0.00835618,1
75_BRANCH0_293,1,0.00311308,1
75_BRANCH0_293,0,0.00299896,1
75_BRANCH0_290,1,0.00299298,1
75_BRANCH0_290,0,0.00313316,1
785,1,0.00441026,1
785,0,0.00336464,1
195,1,0.00668205,1
195,0,0.00671585,1
72,1,0.00970721,1
72,0,0.0111015,1
91_BRANCH0_302,1,0.00598894,1
91_BRANCH0_302,0,0.00581731,1
721,1,0.00382156,1
721,0,0.00449413,1
341,1,0.00459218,1
341,0,0.006483,1
26_BRANCH0_276,1,0.00344519,1
26_BRANCH0_276,0,0.00316421,1
210,1,0.00613458,1
210,0,0.00619688,1
669,1,0.00433411,1
669,0,0.00349807,1
509,1,0.00487982,1
509,0,0.00384929,1
590,1,0.00487246,1
590,0,0.00423986,1
13_BRANCH0_270,1,0.00504757,1
13_BRANCH0_270,0,0.00510361,1
126_BRANCH0_307,1,0.00597637,1
126_BRANCH0_307,0,0.0058414,1
59_BRANCH0_293,1,0.00309258,1
59_BRANCH0_293,0,0.0029877,1
280_BRANCH0_350,1,0.00644951,1
280_BRANCH0_350,0,0.00505674,1
727_BRANCH0_757,1,0.00390731,1
727_BRANCH0_757,0,0.00355487,1
871,1,0.00317551,1
871,0,0.0044807,1
201_BRANCH0_330,1,0.00612326,1
201_BRANCH0_330,0,0.00606056,1
237_BRANCH0_752,1,0.00725529,1
237_BRANCH0_752,0,0.00733581,1
36_BRANCH0_291,1,0.00323036,1
36_BRANCH0_291,0,0.00299988,1
751,1,0.00361774,1
751,0,0.00614358,1
761,1,0.00492451,1
761,0,0.00400697,1
80_BRANCH0_295,1,0.00325312,1
80_BRANCH0_295,0,0.00299785,1
654_BRANCH0_733,1,0.0038552,1
654_BRANCH0_733,0,0.00482387,1
295,1,0.00188259,1
295,0,0.0027316,1
36_BRANCH0_296,1,0.00299821,1
36_BRANCH0_296,0,0.00322662,1
156_BRANCH0_442,1,0.00825974,1
156_BRANCH0_442,0,0.00848665,1
654,1,0.00412926,1
654,0,0.0042602,1
1_BRANCH0_270,1,0.00501044,1
1_BRANCH0_270,0,0.00531007,1
527,1,0.00921364,1
527,0,0.00533675,1
739,1,0.00384178,1
739,0,0.00715966,1
201_BRANCH0_529,1,0.00944702,1
201_BRANCH0_529,0,0.0112271,1
400,1,0.00345194,1
400,0,0.00945189,1
210_BRANCH0_333,1,0.00709639,1
210_BRANCH0_333,0,0.00604788,1
121_BRANCH0_308,1,0.00592692,1
121_BRANCH0_308,0,0.005905,1
59,1,0.00605905,1
59,0,0.00609396,1
460_BRANCH0_499,1,0.00330994,1
460_BRANCH0_499,0,0.00324352,1
825,1,0.00427306,1
825,0,0.00468771,1
80_BRANCH0_287,1,0.00893873,1
80_BRANCH0_287,0,0.00987523,1
8_BRANCH0_280,1,0.00721371,1
8_BRANCH0_280,0,0.00693282,1
36_BRANCH0_295,1,0.00295051,1
36_BRANCH0_295,0,0.00299197,1
42_BRANCH0_284,1,0.00942504,1
42_BRANCH0_284,0,0.0103691,1
413,1,0.00432174,1
413,0,0.00391153,1
606_BRANCH0_678,1,0.00543136,1
606_BRANCH0_678,0,0.00463993,1
737,1,0.00355826,1
737,0,0.00716285,1
393_BRANCH0_442,1,0.00415355,1
393_BRANCH0_442,0,0.00837527,1
26_BRANCH0_270,1,0.00536076,1
26_BRANCH0_270,0,0.00494148,1
316,1,0.00443632,1
316,0,0.00631399,1
126_BRANCH0_308,1,0.00604228,1
126_BRANCH0_308,0,0.00588176,1
466_BRANCH0_504,1,0.00351048,1
466_BRANCH0_504,0,0.00582475,1
42_BRANCH0_322,1,0.00933819,1
42_BRANCH0_322,0,0.0100294,1
366_BRANCH0_409,1,0.00403077,1
366_BRANCH0_409,0,0.00390204,1
177_BRANCH0_619,1,0.00635798,1
177_BRANCH0_619,0,0.00648104,1
451_BRANCH0_525,1,0.00447172,1
451_BRANCH0_525,0,0.0093611,1
329,1,0.00711313,1
329,0,0.00389233,1
246_BRANCH0_624,1,0.0074004,1
246_BRANCH0_624,0,0.00738155,1
391,1,0.0019053,1
391,0,0.00185861,1
42_BRANCH0_323,1,0.0085154,1
42_BRANCH0_323,0,0.010128,1
291,1,0.00194129,1
291,0,0.00296952,1
153,1,0.00586663,1
153,0,0.00615475,1
810,1,0.00470234,1
810,0,0.00613715,1
55_BRANCH0_437,1,0.00893225,1
55_BRANCH0_437,0,0.00966499,1
841,1,0.00513186,1
841,0,0.00354695,1
416,1,0.00323721,1
416,0,0.00384114,1
91,1,0.00620534,1
91,0,0.00607227,1
237_BRANCH0_740,1,0.00724184,1
237_BRANCH0_740,0,0.00740784,1
876,1,0.00486045,1
876,0,0.00315531,1
189_BRANCH0_328,1,0.0059533,1
189_BRANCH0_328,0,0.00601747,1
111_BRANCH0_306,1,0.00597812,1
111_BRANCH0_306,0,0.0058663,1
121_BRANCH0_340,1,0.00621466,1
121_BRANCH0_340,0,0.00632142,1
426,1,0.00361326,1
426,0,0.00366745,1
101_BRANCH0_506,1,0.00979535,1
101_BRANCH0_506,0,0.00983325,1
29_BRANCH0_285,1,0.00637265,1
29_BRANCH0_285,0,0.00578683,1
822_BRANCH0_834,1,0.0046128,1
822_BRANCH0_834,0,0.00456217,1
492_BRANCH0_519,1,0.00344245,1
492_BRANCH0_519,0,0.00314976,1
126_BRANCH0_517,1,0.00970989,1
126_BRANCH0_517,0,0.00955486,1
705_BRANCH0_750,1,0.00417394,1
705_BRANCH0_750,0,0.00415048,1
29_BRANCH0_292,1,0.00335638,1
29_BRANCH0_292,0,0.00280921,1
96,1,0.00602953,1
96,0,0.00618522,1
159_BRANCH0_324,1,0.00605928,1
159_BRANCH0_324,0,0.00587032,1
399,1,0.0017826,1
399,0,0.00296093,1
36_BRANCH0_273,1,0.00659253,1
36_BRANCH0_273,0,0.00705243,1
42,1,0.0072806,1
42,0,0.00677752,1
522,1,0.00344307,1
522,0,0.00986424,1
360_BRANCH0_406,1,0.00460308,1
360_BRANCH0_406,0,0.00382266,1
644_BRANCH0_717,1,0.00419469,1
644_BRANCH0_717,0,0.00440563,1
96_BRANCH0_504,1,0.00952888,1
96_BRANCH0_504,0,0.00941811,1
210_BRANCH0_338,1,0.00642785,1
210_BRANCH0_338,0,0.00610157,1
111_BRANCH0_336,1,0.00656632,1
111_BRANCH0_336,0,0.00642305,1
750,1,0.0054015,1
750,0,0.00418312,1
68,1,0.00707542,1
68,0,0.00703668,1
369_BRANCH0_491,1,0.00870067,1
369_BRANCH0_491,0,0.00951941,1
335,1,0.00535543,1
335,0,0.00651791,1
59_BRANCH0_295,1,0.00308656,1
59_BRANCH0_295,0,0.00302761,1
8_BRANCH0_309,1,0.00615018,1
8_BRANCH0_309,0,0.00628091,1
593_BRANCH0_841,1,0.00486135,1
593_BRANCH0_841,0,0.00442346,1
42_BRANCH0_273,1,0.00670903,1
42_BRANCH0_273,0,0.00707879,1
246_BRANCH0_596,1,0.00759775,1
246_BRANCH0_596,0,0.00735093,1
717_BRANCH0_792,1,0.00389031,1
717_BRANCH0_792,0,0.00358543,1
201,1,0.00668238,1
201,0,0.00656352,1
850,1,0.00434525,1
850,0,0.00403256,1
96_BRANCH0_302,1,0.00591819,1
96_BRANCH0_302,0,0.00595362,1
165_BRANCH0_523,1,0.00970914,1
165_BRANCH0_523,0,0.010426,1
533_BRANCH0_552,1,0.00431492,1
533_BRANCH0_552,0,0.00321801,1
138_BRANCH0_317,1,0.00608718,1
138_BRANCH0_317,0,0.00627763,1
451_BRANCH0_527,1,0.00432575,1
451_BRANCH0_527,0,0.00948976,1
536,1,0.00539319,1
536,0,0.00428185,1
111_BRANCH0_511,1,0.00943673,1
111_BRANCH0_511,0,0.00949062,1
544_BRANCH0_585,1,0.00362623,1
544_BRANCH0_585,0,0.00315525,1
183_BRANCH0_628,1,0.0066389,1
183_BRANCH0_628,0,0.00673199,1
259,1,0.00642523,1
259,0,0.0065497,1
705,1,0.0038733,1
705,0,0.00418088,1
836,1,0.00432869,1
836,0,0.0061507,1
51_BRANCH0_276,1,0.00340062,1
51_BRANCH0_276,0,0.00317342,1
17_BRANCH0_322,1,0.00871579,1
17_BRANCH0_322,0,0.0100718,1
91_BRANCH0_332,1,0.00642106,1
91_BRANCH0_332,0,0.00591868,1
310_BRANCH0_476,1,0.0087338,1
310_BRANCH0_476,0,0.0102367,1
106_BRANCH0_304,1,0.00621727,1
106_BRANCH0_304,0,0.00564029,1
475,1,0.00362184,1
475,0,0.00838604,1
59_BRANCH0_286,1,0.00663336,1
59_BRANCH0_286,0,0.0069974,1
17_BRANCH0_269,1,0.00434356,1
17_BRANCH0_269,0,0.00410056,1
727_BRANCH0_758,1,0.00342101,1
727_BRANCH0_758,0,0.00351219,1
55_BRANCH0_280,1,0.00682692,1
55_BRANCH0_280,0,0.00704071,1
87,1,0.00419964,1
87,0,0.0038628,1
769,1,0.00470372,1
769,0,0.00422942,1
143_BRANCH0_475,1,0.00840507,1
143_BRANCH0_475,0,0.0085321,1
845,1,0.0046422,1
845,0,0.00442726,1
51_BRANCH0_279,1,0.00817845,1
51_BRANCH0_279,0,0.00847211,1
146_BRANCH0_477,1,0.00887175,1
146_BRANCH0_477,0,0.0085223,1
165_BRANCH0_325,1,0.00623592,1
165_BRANCH0_325,0,0.00605684,1
246_BRANCH0_615,1,0.00728848,1
246_BRANCH0_615,0,0.00725288,1
55_BRANCH0_427,1,0.00824854,1
55_BRANCH0_427,0,0.00848716,1
183_BRANCH0_625,1,0.00730892,1
183_BRANCH0_625,0,0.00751239,1
42_BRANCH0_290,1,0.00336752,1
42_BRANCH0_290,0,0.00344895,1
255_BRANCH0_341,1,0.00596615,1
255_BRANCH0_341,0,0.00653151,1
42_BRANCH0_296,1,0.00342978,1
42_BRANCH0_296,0,0.00311966,1
375,1,0.00490966,1
375,0,0.00708162,1
51_BRANCH0_316,1,0.00606298,1
51_BRANCH0_316,0,0.00622706,1
662_BRANCH0_735,1,0.00454468,1
662_BRANCH0_735,0,0.00430215,1
130_BRANCH0_518,1,0.00637337,1
130_BRANCH0_518,0,0.00598843,1
126,1,0.00610675,1
126,0,0.0061528,1
771,1,0.00472397,1
771,0,0.00412173,1
782_BRANCH0_793,1,0.0041866,1
782_BRANCH0_793,0,0.00453173,1
369_BRANCH0_489,1,0.00889524,1
369_BRANCH0_489,0,0.00960906,1
708_BRANCH0_791,1,0.00461689,1
708_BRANCH0_791,0,0.0043205,1
228_BRANCH0_754,1,0.00617382,1
228_BRANCH0_754,0,0.00607552,1
130_BRANCH0_519,1,0.00608483,1
130_BRANCH0_519,0,0.00615652,1
130,1,0.0061232,1
130,0,0.00597475,1
670_BRANCH0_740,1,0.00401918,1
670_BRANCH0_740,0,0.00742276,1
146_BRANCH0_512,1,0.00636548,1
146_BRANCH0_512,0,0.00638452,1
149_BRANCH0_514,1,0.0063238,1
149_BRANCH0_514,0,0.00636132,1
149,1,0.006317,1
149,0,0.00632014,1
219_BRANCH0_809,1,0.00630565,1
219_BRANCH0_809,0,0.0062929,1
587,1,0.00342169,1
587,0,0.00336283,1
135_BRANCH0_500,1,0.00604806,1
135_BRANCH0_500,0,0.0060544,1
152,1,0.00602403,1
152,0,0.00627867,1
153_BRANCH0_516,1,0.00627246,1
153_BRANCH0_516,0,0.00622625,1
393_BRANCH0_427,1,0.00401155,1
393_BRANCH0_427,0,0.00837837,1
847,1,0.00378777,1
847,0,0.00447281,1
864,1,0.00433222,1
864,0,0.00420177,1
68_BRANCH0_285,1,0.00586846,1
68_BRANCH0_285,0,0.00606885,1
159_BRANCH0_325,1,0.00618753,1
159_BRANCH0_325,0,0.00610495,1
712,1,0.0039366,1
712,0,0.00467198,1
159_BRANCH0_590,1,0.00756922,1
159_BRANCH0_590,0,0.00747526,1
813,1,0.00510723,1
813,0,0.00368761,1
246_BRANCH0_631,1,0.00742418,1
246_BRANCH0_631,0,0.00733767,1
284,1,0.00975417,1
284,0,0.00581728,1
159,1,0.0052075,1
159,0,0.00518095,1
508,1,0.00445955,1
508,0,0.00959863,1
165_BRANCH0_324,1,0.00617293,1
165_BRANCH0_324,0,0.0059402,1
91_BRANCH0_502,1,0.00957429,1
91_BRANCH0_502,0,0.00953595,1
228_BRANCH0_742,1,0.00630222,1
228_BRANCH0_742,0,0.00613853,1
791,1,0.00402441,1
791,0,0.00431155,1
219_BRANCH0_808,1,0.00630322,1
219_BRANCH0_808,0,0.00629152,1
832,1,0.00389669,1
832,0,0.00417589,1
165_BRANCH0_597,1,0.00714842,1
165_BRANCH0_597,0,0.00753993,1
121_BRANCH0_515,1,0.00976064,1
121_BRANCH0_515,0,0.00955859,1
8_BRANCH0_269,1,0.00429571,1
8_BRANCH0_269,0,0.00409916,1
165_BRANCH0_600,1,0.00631922,1
165_BRANCH0_600,0,0.0066311,1
815,1,0.00364016,1
815,0,0.00431671,1
171_BRANCH0_327,1,0.00607309,1
171_BRANCH0_327,0,0.00615011,1
500,1,0.0033158,1
500,0,0.00329438,1
171_BRANCH0_609,1,0.00650237,1
171_BRANCH0_609,0,0.00652464,1
183_BRANCH0_328,1,0.00621523,1
183_BRANCH0_328,0,0.00615947,1
304,1,0.00598623,1
304,0,0.0039249,1
143,1,0.00645343,1
143,0,0.00665478,1
177_BRANCH0_326,1,0.00619321,1
177_BRANCH0_326,0,0.00603945,1
577,1,0.00410358,1
577,0,0.00397527,1
848,1,0.00400502,1
848,0,0.0042623,1
177_BRANCH0_616,1,0.00763446,1
177_BRANCH0_616,0,0.00756656,1
73,1,0.00986127,1
73,0,0.0113411,1
177,1,0.00634744,1
177,0,0.00643651,1
255_BRANCH0_339,1,0.00660255,1
255_BRANCH0_339,0,0.0064776,1
506,1,0.00459106,1
506,0,0.00971083,1
130_BRANCH0_499,1,0.00643587,1
130_BRANCH0_499,0,0.00596023,1
183_BRANCH0_329,1,0.00575932,1
183_BRANCH0_329,0,0.00620714,1
826,1,0.00467159,1
826,0,0.00472223,1
533,1,0.00327034,1
533,0,0.00319106,1
763,1,0.00485882,1
763,0,0.00421913,1
872,1,0.00337551,1
872,0,0.0042611,1
183,1,0.00689264,1
183,0,0.00686422,1
189_BRANCH0_329,1,0.00620011,1
189_BRANCH0_329,0,0.0060369,1
606,1,0.00594802,1
606,0,0.00464793,1
731,1,0.00395939,1
731,0,0.00463964,1
280_BRANCH0_349,1,0.00593783,1
280_BRANCH0_349,0,0.00470005,1
189_BRANCH0_527,1,0.00933035,1
189_BRANCH0_527,0,0.0113899,1
308,1,0.00594345,1
308,0,0.0037556,1
189,1,0.00638103,1
189,0,0.00645444,1
822_BRANCH0_835,1,0.00495546,1
822_BRANCH0_835,0,0.00453248,1
195_BRANCH0_330,1,0.00600547,1
195_BRANCH0_330,0,0.00606778,1
219_BRANCH0_810,1,0.00629965,1
219_BRANCH0_810,0,0.00630964,1
201_BRANCH0_331,1,0.00611592,1
201_BRANCH0_331,0,0.00606465,1
565_BRANCH0_624,1,0.00430646,1
565_BRANCH0_624,0,0.00472883,1
807,1,0.00367243,1
807,0,0.00489248,1
201_BRANCH0_651,1,0.00726834,1
201_BRANCH0_651,0,0.00736693,1
540,1,0.00496,1
540,0,0.00402517,1
106_BRANCH0_508,1,0.00965197,1
106_BRANCH0_508,0,0.00953083,1
207,1,0.00625942,1
207,0,0.00590675,1
75_BRANCH0_294,1,0.00872633,1
75_BRANCH0_294,0,0.0100588,1
210_BRANCH0_332,1,0.00624757,1
210_BRANCH0_332,0,0.00612436,1
382_BRANCH0_414,1,0.00393877,1
382_BRANCH0_414,0,0.004082,1
678_BRANCH0_765,1,0.00459756,1
678_BRANCH0_765,0,0.00564735,1
796_BRANCH0_806,1,0.00404108,1
796_BRANCH0_806,0,0.00444473,1
210_BRANCH0_334,1,0.00620124,1
210_BRANCH0_334,0,0.00631314,1
280_BRANCH0_348,1,0.00971121,1
280_BRANCH0_348,0,0.00590564,1
42_BRANCH0_292,1,0.00318153,1
42_BRANCH0_292,0,0.00304121,1
219_BRANCH0_836,1,0.00614459,1
219_BRANCH0_836,0,0.00626959,1
219_BRANCH0_853,1,0.00629168,1
219_BRANCH0_853,0,0.00616061,1
857,1,0.0045751,1
857,0,0.00421723,1
477,1,0.00336918,1
477,0,0.00870023,1
171_BRANCH0_524,1,0.00953045,1
171_BRANCH0_524,0,0.0103996,1
219,1,0.00733706,1
219,0,0.00647137,1
778_BRANCH0_791,1,0.00407985,1
778_BRANCH0_791,0,0.00445881,1
228_BRANCH0_745,1,0.00621613,1
228_BRANCH0_745,0,0.00614925,1
228_BRANCH0_748,1,0.00621292,1
228_BRANCH0_748,0,0.0061874,1
237_BRANCH0_746,1,0.00735383,1
237_BRANCH0_746,0,0.00737231,1
415,1,0.00403698,1
415,0,0.00413828,1
91_BRANCH0_301,1,0.00609749,1
91_BRANCH0_301,0,0.00594411,1
237_BRANCH0_755,1,0.00729565,1
237_BRANCH0_755,0,0.00755244,1
42_BRANCH0_294,1,0.00895612,1
42_BRANCH0_294,0,0.010006,1
246,1,0.00631773,1
246,0,0.00623541,1
463,1,0.00347834,1
463,0,0.00313023,1
700_BRANCH0_748,1,0.00413974,1
700_BRANCH0_748,0,0.0032486,1
355,1,0.00324341,1
355,0,0.00171321,1
255_BRANCH0_337,1,0.00593282,1
255_BRANCH0_337,0,0.00651418,1
713_BRANCH0_753,1,0.00410955,1
713_BRANCH0_753,0,0.00418088,1
542,1,0.00462313,1
542,0,0.00406836,1
544_BRANCH0_587,1,0.00343832,1
544_BRANCH0_587,0,0.00340101,1
547_BRANCH0_586,1,0.00333601,1
547_BRANCH0_586,0,0.00346462,1
856,1,0.00434728,1
856,0,0.00422367,1
547_BRANCH0_587,1,0.00339449,1
547_BRANCH0_587,0,0.00341482,1
547,1,0.00345235,1
547,0,0.00341377,1
550,1,0.00333644,1
550,0,0.00328021,1
569_BRANCH0_625,1,0.00420624,1
569_BRANCH0_625,0,0.00419145,1
792,1,0.00373954,1
792,0,0.00400134,1
551,1,0.00340449,1
551,0,0.00328854,1
552,1,0.00327816,1
552,0,0.00327508,1
553_BRANCH0_590,1,0.00518279,1
553_BRANCH0_590,0,0.00495895,1
553_BRANCH0_593,1,0.00504108,1
553_BRANCH0_593,0,0.00449741,1
553,1,0.00424345,1
553,0,0.00451361,1
557_BRANCH0_600,1,0.00505724,1
557_BRANCH0_600,0,0.00756967,1
557,1,0.00456436,1
557,0,0.00765855,1
561_BRANCH0_609,1,0.00589577,1
561_BRANCH0_609,0,0.006072,1
561_BRANCH0_615,1,0.00478945,1
561_BRANCH0_615,0,0.00542407,1
837,1,0.0044626,1
837,0,0.00399603,1
561,1,0.00457256,1
561,0,0.00546751,1
565_BRANCH0_616,1,0.0054147,1
565_BRANCH0_616,0,0.00493074,1
593_BRANCH0_665,1,0.00513479,1
593_BRANCH0_665,0,0.0047183,1
565_BRANCH0_619,1,0.00551163,1
565_BRANCH0_619,0,0.00493119,1
565,1,0.00442186,1
565,0,0.0044789,1
569_BRANCH0_628,1,0.00459006,1
569_BRANCH0_628,0,0.00513461,1
569_BRANCH0_631,1,0.00423078,1
569_BRANCH0_631,0,0.00416158,1
717_BRANCH0_793,1,0.00400538,1
717_BRANCH0_793,0,0.00441792,1
573_BRANCH0_632,1,0.00430575,1
573_BRANCH0_632,0,0.00393531,1
573_BRANCH0_635,1,0.00491513,1
573_BRANCH0_635,0,0.00523518,1
573_BRANCH0_640,1,0.00422511,1
573_BRANCH0_640,0,0.00414583,1
628,1,0.00474495,1
628,0,0.00489781,1
717,1,0.00421687,1
717,0,0.00451402,1
760,1,0.00371054,1
760,0,0.00757773,1
573,1,0.0039804,1
573,0,0.0044098,1
682_BRANCH0_742,1,0.00433163,1
682_BRANCH0_742,0,0.00380024,1
577_BRANCH0_641,1,0.00394403,1
577_BRANCH0_641,0,0.00418533,1
581_BRANCH0_651,1,0.00420151,1
581_BRANCH0_651,0,0.00424682,1
581_BRANCH0_654,1,0.00417979,1
581_BRANCH0_654,0,0.00416823,1
660,1,0.00346967,1
660,0,0.00325637,1
581_BRANCH0_659,1,0.00373942,1
581_BRANCH0_659,0,0.00414948,1
585,1,0.00341489,1
585,0,0.00336964,1
586,1,0.0035912,1
586,0,0.00319433,1
588,1,0.00348943,1
588,0,0.00304219,1
590_BRANCH0_662,1,0.00428726,1
590_BRANCH0_662,0,0.00426377,1
590_BRANCH0_665,1,0.00468415,1
590_BRANCH0_665,0,0.00442733,1
619_BRANCH0_812,1,0.00545109,1
619_BRANCH0_812,0,0.00498471,1
596,1,0.00357187,1
596,0,0.00746126,1
597_BRANCH0_670,1,0.00739747,1
597_BRANCH0_670,0,0.00348801,1
735,1,0.00458054,1
735,0,0.0042593,1
597_BRANCH0_673,1,0.00729422,1
597_BRANCH0_673,0,0.00412832,1
597,1,0.00760922,1
597,0,0.00345576,1
600_BRANCH0_766,1,0.00411657,1
600_BRANCH0_766,0,0.00560665,1
665_BRANCH0_736,1,0.00463217,1
665_BRANCH0_736,0,0.00456702,1
708_BRANCH0_790,1,0.00361344,1
708_BRANCH0_790,0,0.00364611,1
600_BRANCH0_814,1,0.00604574,1
600_BRANCH0_814,0,0.00572662,1
600,1,0.00508617,1
600,0,0.00450409,1
697_BRANCH0_749,1,0.00410535,1
697_BRANCH0_749,0,0.00428604,1
605,1,0.00336677,1
605,0,0.00723049,1
606_BRANCH0_682,1,0.00583304,1
606_BRANCH0_682,0,0.0049257,1
609_BRANCH0_682,1,0.0041712,1
609_BRANCH0_682,0,0.00422729,1
794,1,0.00430677,1
794,0,0.0060168,1
609_BRANCH0_764,1,0.00463044,1
609_BRANCH0_764,0,0.00440188,1
609_BRANCH0_766,1,0.00471217,1
609_BRANCH0_766,0,0.00440647,1
670_BRANCH0_738,1,0.00465399,1
670_BRANCH0_738,0,0.00738305,1
834,1,0.00404717,1
834,0,0.00465199,1
609_BRANCH0_813,1,0.00587049,1
609_BRANCH0_813,0,0.00524488,1
609_BRANCH0_814,1,0.00579328,1
609_BRANCH0_814,0,0.00507342,1
631,1,0.00361821,1
631,0,0.00731919,1
819,1,0.00473417,1
819,0,0.00425406,1
862,1,0.00324892,1
862,0,0.00426258,1
609,1,0.00584219,1
609,0,0.00524416,1
615,1,0.00361643,1
615,0,0.00717698,1
616_BRANCH0_692,1,0.00491541,1
616_BRANCH0_692,0,0.00471249,1
766,1,0.00553906,1
766,0,0.00365743,1
616,1,0.00497577,1
616,0,0.0047533,1
844,1,0.0036392,1
844,0,0.0043018,1
619_BRANCH0_692,1,0.00551814,1
619_BRANCH0_692,0,0.00474716,1
866,1,0.00427187,1
866,0,0.00339793,1
619_BRANCH0_813,1,0.00550945,1
619_BRANCH0_813,0,0.00499288,1
624,1,0.00366857,1
624,0,0.00744694,1
625_BRANCH0_697,1,0.00414868,1
625_BRANCH0_697,0,0.00424675,1
625,1,0.00405143,1
625,0,0.00428074,1
628_BRANCH0_700,1,0.00400653,1
628_BRANCH0_700,0,0.00448446,1
628_BRANCH0_795,1,0.00476258,1
628_BRANCH0_795,0,0.00510924,1
632_BRANCH0_705,1,0.00435453,1
632_BRANCH0_705,0,0.00382787,1
641_BRANCH0_717,1,0.00420384,1
641_BRANCH0_717,0,0.00431461,1
635_BRANCH0_708,1,0.00400263,1
635_BRANCH0_708,0,0.00447595,1
635_BRANCH0_734,1,0.00439365,1
635_BRANCH0_734,0,0.00494829,1
773_BRANCH0_795,1,0.00488991,1
773_BRANCH0_795,0,0.00494382,1
635_BRANCH0_762,1,0.00412319,1
635_BRANCH0_762,0,0.00478268,1
635_BRANCH0_763,1,0.0040089,1
635_BRANCH0_763,0,0.00496696,1
635,1,0.00467797,1
635,0,0.00490304,1
641_BRANCH0_713,1,0.00571039,1
641_BRANCH0_713,0,0.00426734,1
641,1,0.00431096,1
641,0,0.00429916,1
822,1,0.00430933,1
822,0,0.00496388,1
644,1,0.00476921,1
644,0,0.00489569,1
650,1,0.00440519,1
650,0,0.00727677,1
651_BRANCH0_727,1,0.0043183,1
651_BRANCH0_727,0,0.00406106,1
651,1,0.00406602,1
651,0,0.0040142,1
654_BRANCH0_732,1,0.00420842,1
654_BRANCH0_732,0,0.00457501,1
654_BRANCH0_734,1,0.00466773,1
654_BRANCH0_734,0,0.00488095,1
659,1,0.00437611,1
659,0,0.00728946,1
661,1,0.0036037,1
661,0,0.00356777,1
662_BRANCH0_737,1,0.00419033,1
662_BRANCH0_737,0,0.00388379,1
819_BRANCH0_833,1,0.00455868,1
819_BRANCH0_833,0,0.00403051,1
662,1,0.00431567,1
662,0,0.00385356,1
670,1,0.00434975,1
670,0,0.0074131,1
673_BRANCH0_739,1,0.00446547,1
673_BRANCH0_739,0,0.00457603,1
673_BRANCH0_832,1,0.00404113,1
673_BRANCH0_832,0,0.00555446,1
673,1,0.00416624,1
673,0,0.00458866,1
677,1,0.00576911,1
677,0,0.00379216,1
678_BRANCH0_741,1,0.00452641,1
678_BRANCH0_741,0,0.00568882,1
678_BRANCH0_743,1,0.00377866,1
678_BRANCH0_743,0,0.00526686,1
678,1,0.004651,1
678,0,0.00499244,1
682_BRANCH0_835,1,0.00456763,1
682_BRANCH0_835,0,0.00421388,1
686,1,0.00447393,1
686,0,0.00355319,1
852,1,0.00434456,1
852,0,0.00629406,1
687_BRANCH0_744,1,0.00428116,1
687_BRANCH0_744,0,0.00491323,1
687_BRANCH0_746,1,0.00431305,1
687_BRANCH0_746,0,0.00434392,1
687_BRANCH0_764,1,0.00485531,1
687_BRANCH0_764,0,0.0048582,1
687,1,0.00499734,1
687,0,0.0046285,1
692_BRANCH0_745,1,0.00462405,1
692_BRANCH0_745,0,0.00447728,1
692_BRANCH0_806,1,0.00445542,1
692_BRANCH0_806,0,0.00492763,1
692_BRANCH0_807,1,0.00501674,1
692_BRANCH0_807,0,0.00477767,1
692,1,0.00521661,1
692,0,0.0047062,1
697_BRANCH0_747,1,0.00418918,1
697_BRANCH0_747,0,0.00517901,1
697,1,0.00426098,1
697,0,0.0041157,1
700_BRANCH0_788,1,0.00390714,1
700_BRANCH0_788,0,0.00365019,1
700_BRANCH0_789,1,0.00410748,1
700_BRANCH0_789,0,0.00448952,1
758,1,0.00392309,1
758,0,0.00346709,1
700,1,0.00420899,1
700,0,0.00427242,1
704,1,0.00434941,1
704,0,0.00369526,1
705_BRANCH0_752,1,0.00369164,1
705_BRANCH0_752,0,0.0042133,1
708_BRANCH0_751,1,0.00418483,1
708_BRANCH0_751,0,0.00326544,1
713_BRANCH0_755,1,0.00400554,1
713_BRANCH0_755,0,0.00440238,1
713,1,0.00384263,1
713,0,0.00576668,1
722_BRANCH0_756,1,0.00425013,1
722_BRANCH0_756,0,0.00421123,1
722_BRANCH0_760,1,0.00408881,1
722_BRANCH0_760,0,0.00407217,1
722_BRANCH0_761,1,0.00393852,1
722_BRANCH0_761,0,0.00561892,1
722,1,0.00484871,1
722,0,0.00585764,1
727,1,0.00404665,1
727,0,0.00336779,1
732,1,0.00446157,1
732,0,0.00397828,1
734,1,0.00493069,1
734,0,0.00411817,1
736,1,0.00415099,1
736,0,0.00623244,1
738,1,0.00743617,1
738,0,0.00370362,1
741,1,0.00561121,1
741,0,0.00475705,1
812,1,0.0048147,1
812,0,0.00362765,1
742,1,0.00412713,1
742,0,0.00633407,1
743,1,0.00344411,1
743,0,0.00730411,1
870,1,0.00474273,1
870,0,0.00350825,1
744,1,0.0046982,1
744,0,0.00464889,1
745,1,0.00403974,1
745,0,0.00624579,1
746,1,0.00340371,1
746,0,0.00741938,1
749,1,0.00377925,1
749,0,0.00737023,1
753,1,0.00560191,1
753,0,0.00422004,1
754,1,0.00380591,1
754,0,0.00622116,1
756,1,0.0041747,1
756,0,0.00417869,1
757,1,0.00358871,1
757,0,0.00400427,1
759,1,0.00367718,1
759,0,0.00630693,1
762,1,0.00449085,1
762,0,0.00414706,1
764,1,0.00452866,1
764,0,0.00373855,1
767,1,0.00361127,1
767,0,0.00310645,1
772,1,0.00461503,1
772,0,0.00405582,1
773_BRANCH0_788,1,0.00401277,1
773_BRANCH0_788,0,0.00446954,1
808,1,0.00432195,1
808,0,0.00624658,1
773_BRANCH0_789,1,0.0042407,1
773_BRANCH0_789,0,0.00460192,1
789,1,0.00387301,1
789,0,0.0043916,1
879,1,0.00442411,1
879,0,0.00343167,1
778_BRANCH0_790,1,0.00384377,1
778_BRANCH0_790,0,0.00444496,1
778,1,0.00397337,1
778,0,0.00475981,1
782_BRANCH0_792,1,0.00391104,1
782_BRANCH0_792,0,0.00357066,1
782,1,0.00427146,1
782,0,0.00459436,1
786,1,0.00388466,1
786,0,0.00348132,1
787,1,0.0047969,1
787,0,0.00377683,1
795,1,0.0049064,1
795,0,0.00412773,1
796_BRANCH0_807,1,0.00404804,1
796_BRANCH0_807,0,0.00457949,1
796_BRANCH0_812,1,0.00395904,1
796_BRANCH0_812,0,0.0047047,1
796_BRANCH0_813,1,0.00419774,1
796_BRANCH0_813,0,0.0049701,1
796_BRANCH0_814,1,0.00404565,1
796_BRANCH0_814,0,0.00480893,1
796,1,0.00426379,1
796,0,0.00510888,1
802,1,0.00409563,1
802,0,0.00379983,1
803,1,0.00400269,1
803,0,0.00368032,1
804,1,0.00400025,1
804,0,0.00401638,1
805,1,0.00389066,1
805,0,0.00459063,1
806,1,0.00436125,1
806,0,0.00457486,1
815_BRANCH0_830,1,0.00448084,1
815_BRANCH0_830,0,0.00461908,1
815_BRANCH0_831,1,0.00466454,1
815_BRANCH0_831,0,0.00430888,1
819_BRANCH0_832,1,0.00450705,1
819_BRANCH0_832,0,0.00409591,1
829,1,0.00404719,1
829,0,0.00422082,1
830,1,0.00485455,1
830,0,0.00448005,1
831,1,0.00400733,1
831,0,0.00498537,1
833,1,0.00349888,1
833,0,0.0046007,1
835,1,0.00361634,1
835,0,0.00417922,1
838,1,0.00446768,1
838,0,0.00353646,1
842,1,0.00389323,1
842,0,0.00485153,1
851,1,0.00451573,1
851,0,0.00612,1
854,1,0.00476291,1
854,0,0.00346764,1
855,1,0.00432067,1
855,0,0.00339616,1
858,1,0.00439322,1
858,0,0.00358801,1
859,1,0.00453882,1
859,0,0.00467922,1
860,1,0.00418708,1
860,0,0.00461578,1
861,1,0.00444228,1
861,0,0.00489623,1
863,1,0.00404458,1
863,0,0.003577,1
867,1,0.00456736,1
867,0,0.00341053,1
868,1,0.00441177,1
868,0,0.00339997,1
869,1,0.00432641,1
869,0,0.00343356,1
877,1,0.00437989,1
877,0,0.00342895,1
878,1,0.00441026,1
878,0,0.00344565,1
880,1,0.00433511,1
880,0,0.00359653,1
