0.00472145
m_BRANCH0_q,1,0.000187313,1
m_BRANCH0_q,0,8.5247e-05,0
m_BRANCH0_Z,1,8.568e-05,1
m_BRANCH0_Z,0,0.000125729,1
d_BRANCH0_X,1,9.5589e-05,1
d_BRANCH0_X,0,8.0977e-05,0
d_BRANCH0_r,1,8.6753e-05,1
d_BRANCH0_r,0,8.199e-05,1
X,1,7.5997e-05,0
X,0,3.6135e-05,1
m_BRANCH0_r,1,7.502e-05,1
m_BRANCH0_r,0,7.945e-05,1
B,1,0.000109932,1
B,0,0.000109897,1
d,1,9.5312e-05,1
d,0,0.000123436,1
d_BRANCH0_m,1,0.000123856,1
d_BRANCH0_m,0,8.1897e-05,1
s_BRANCH0_v,1,9.1237e-05,0
s_BRANCH0_v,0,0.000120721,1
B_BRANCH0_m,1,5.0706e-05,0
B_BRANCH0_m,0,9.8731e-05,1
B_BRANCH0_v,1,4.6148e-05,0
B_BRANCH0_v,0,9.9811e-05,1
C,1,0.000128529,1
C,0,0.000122209,1
s_BRANCH0_Y,1,9.4328e-05,0
s_BRANCH0_Y,0,8.2621e-05,1
B_BRANCH0_d,1,7.3776e-05,1
B_BRANCH0_d,0,0.000113542,1
A,1,0.000115393,1
A,0,0.000112512,1
m,1,8.9186e-05,1
m,0,0.000107801,1
r_BRANCH0_s,1,9.4409e-05,1
r_BRANCH0_s,0,9.4662e-05,0
Y,1,8.2012e-05,0
Y,0,8.2056e-05,1
r_BRANCH0_X,1,8.9681e-05,1
r_BRANCH0_X,0,9.1182e-05,0
Z,1,0.000104522,1
Z,0,9.594e-05,1
r,1,9.743e-05,1
r,0,8.8332e-05,0
q,1,6.7661e-05,0
q,0,7.0462e-05,1
s,1,8.9544e-05,0
s,0,8.9282e-05,1
v,1,8.6298e-05,0
v,0,0.000110519,1
