183.716
254,1,0.00373183,1
254,0,0.00376924,1
415,1,0.00309336,1
415,0,0.002223,1
250,1,0.0031698,1
250,0,0.00373843,1
341,1,0.00294012,1
341,0,0.0019099,1
247,1,0.00184978,1
247,0,0.00177053,1
236_BRANCH0_273,1,0.00193355,1
236_BRANCH0_273,0,0.00254445,1
247_BRANCH0_282,1,0.00184773,1
247_BRANCH0_282,0,0.00232823,1
246,1,0.00341523,1
246,0,0.00275017,1
157,1,0.00266193,1
157,0,0.00251332,1
30_BRANCH0_386,1,0.00334712,1
30_BRANCH0_386,0,0.00430621,1
243_BRANCH0_293,1,0.00210357,1
243_BRANCH0_293,0,0.00175019,1
273_BRANCH0_296,1,0.00291641,1
273_BRANCH0_296,0,0.00185434,1
243_BRANCH0_279,1,0.00193051,1
243_BRANCH0_279,0,0.0024052,1
239,1,0.00197399,1
239,0,0.00173399,1
239_BRANCH0_276,1,0.00201933,1
239_BRANCH0_276,0,0.00268418,1
236,1,0.00195647,1
236,0,0.00179302,1
411_BRANCH0_416,1,0.003967,1
411_BRANCH0_416,0,1.30732,1
233_BRANCH0_270,1,0.00211955,1
233_BRANCH0_270,0,0.00243113,1
230,1,0.00182015,1
230,0,0.0019343,1
199_BRANCH0_223,1,0.00114693,1
199_BRANCH0_223,0,0.00174328,1
230_BRANCH0_289,1,0.00182779,1
230_BRANCH0_289,0,0.0017971,1
230_BRANCH0_267,1,0.0021406,1
230_BRANCH0_267,0,0.00186179,1
27,1,0.379319,1
27,0,0.377159,1
224,1,0.00214561,1
224,0,0.00181523,1
134,1,0.00222461,1
134,0,0.00219642,1
223,1,0.00182733,1
223,0,0.00105056,1
130,1,0.00209749,1
130,0,0.00225246,1
213_BRANCH0_259,1,0.00211302,1
213_BRANCH0_259,0,6.214,0
213_BRANCH0_254,1,0.00207334,1
213_BRANCH0_254,0,0.00368373,1
213_BRANCH0_242,1,0.00219885,1
213_BRANCH0_242,0,0.00261797,1
203,1,0.00184459,1
203,0,0.00228343,1
203_BRANCH0_251,1,0.00301788,1
203_BRANCH0_251,0,0.00175373,1
191,1,0.00212614,1
191,0,0.00265052,1
203_BRANCH0_243,1,0.00233164,1
203_BRANCH0_243,0,0.00188162,1
171_BRANCH0_239,1,0.00291875,1
171_BRANCH0_239,0,0.00215785,1
416,1,0.00205631,1
416,0,1.24428,1
251_BRANCH0_295,1,0.00197337,1
251_BRANCH0_295,0,0.00179702,1
203_BRANCH0_236,1,0.00250851,1
203_BRANCH0_236,0,0.00188973,1
203_BRANCH0_230,1,0.00211842,1
203_BRANCH0_230,0,0.00207483,1
203_BRANCH0_227,1,0.00216782,1
203_BRANCH0_227,0,0.00198908,1
257,1,0.00361666,1
257,0,0.00369194,1
138,1,0.0022862,1
138,0,0.00233273,1
34_BRANCH0_185,1,0.0025239,1
34_BRANCH0_185,0,0.00255026,1
66_BRANCH0_375,1,0.0260817,1
66_BRANCH0_375,0,0.00271016,1
203_BRANCH0_224,1,0.0017556,1
203_BRANCH0_224,0,0.00249903,1
40_BRANCH0_373,1,0.00207782,1
40_BRANCH0_373,0,0.0027903,1
199,1,0.0013291,1
199,0,0.00153648,1
69_BRANCH0_139,1,0.00296302,1
69_BRANCH0_139,0,0.00250218,1
86_BRANCH0_345,1,0.00392425,1
86_BRANCH0_345,0,0.0027143,1
296_BRANCH0_329,1,0.00143819,1
296_BRANCH0_329,0,0.00196759,1
197,1,0.00204414,1
197,0,0.00237195,1
196,1,0.00214148,1
196,0,0.0024061,1
123_BRANCH0_184,1,0.00362804,1
123_BRANCH0_184,0,0.00354973,1
195,1,0.00221569,1
195,0,0.00231236,1
192,1,0.00216957,1
192,0,0.00240966,1
189,1,0.00212026,1
189,0,0.00239646,1
308,1,0.00189709,1
308,0,0.00177818,1
203_BRANCH0_233,1,0.00283838,1
203_BRANCH0_233,0,0.00194441,1
386_BRANCH0_416,1,0.00373197,1
386_BRANCH0_416,0,1.224,1
386_BRANCH0_425,1,0.00378785,1
386_BRANCH0_425,0,0.00219807,1
187,1,0.00298974,1
187,0,0.00250289,1
158,1,0.00308299,1
158,0,0.00243406,1
251_BRANCH0_285,1,0.00247766,1
251_BRANCH0_285,0,0.00197473,1
184,1,0.00179097,1
184,0,0.00343479,1
285_BRANCH0_296,1,0.00218396,1
285_BRANCH0_296,0,0.00184557,1
183,1,0.00179851,1
183,0,0.00330798,1
73,1,0.00907394,1
73,0,0.00877274,1
180_BRANCH0_251,1,0.00241199,1
180_BRANCH0_251,0,0.0019454,1
263,1,0.00201435,1
263,0,0.00175173,1
180_BRANCH0_199,1,0.00248584,1
180_BRANCH0_199,0,0.00168506,1
177,1,0.0021319,1
177,0,0.00195156,1
139,1,0.00239873,1
139,0,0.00325749,1
309_BRANCH0_337,1,0.00360006,1
309_BRANCH0_337,0,0.0018268,1
227_BRANCH0_264,1,0.00301312,1
227_BRANCH0_264,0,0.001867,1
168_BRANCH0_199,1,0.00239305,1
168_BRANCH0_199,0,0.00197361,1
174,1,0.00215865,1
174,0,0.00204443,1
34_BRANCH0_338,1,0.00209374,1
34_BRANCH0_338,0,0.00252726,1
174_BRANCH0_199,1,0.00253473,1
174_BRANCH0_199,0,0.00187287,1
171,1,0.00218976,1
171,0,0.00187103,1
95_BRANCH0_411,1,0.003782,1
95_BRANCH0_411,0,0.00432718,1
174_BRANCH0_243,1,0.00270085,1
174_BRANCH0_243,0,0.00191756,1
224_BRANCH0_263,1,0.00211244,1
224_BRANCH0_263,0,0.0026932,1
180,1,0.00228987,1
180,0,0.00185786,1
168,1,0.00212454,1
168,0,0.00191249,1
165,1,0.00215738,1
165,0,0.00179474,1
162,1,0.00221697,1
162,0,0.00208386,1
159_BRANCH0_227,1,0.00240269,1
159_BRANCH0_227,0,0.00219272,1
21_BRANCH0_183,1,0.00338153,1
21_BRANCH0_183,0,0.00345705,1
213_BRANCH0_256,1,0.00201325,1
213_BRANCH0_256,0,0.00334649,1
4,1,0.00229973,1
4,0,0.00194988,1
154,1,0.00227469,1
154,0,0.00209102,1
159_BRANCH0_199,1,0.00244037,1
159_BRANCH0_199,0,0.00173957,1
194,1,0.00197819,1
194,0,0.00232985,1
154_BRANCH0_199,1,0.00260939,1
154_BRANCH0_199,0,0.0019102,1
151,1,0.00239262,1
151,0,0.00336651,1
47_BRANCH0_340,1,0.00245159,1
47_BRANCH0_340,0,0.00256851,1
122,1,0.00264119,1
122,0,0.00246335,1
151_BRANCH0_198,1,0.00244143,1
151_BRANCH0_198,0,0.00348156,1
1_BRANCH0_242,1,0.00229226,1
1_BRANCH0_242,0,0.00355935,1
47_BRANCH0_187,1,0.00245009,1
47_BRANCH0_187,0,0.00245649,1
150,1,0.00233588,1
150,0,0.00232903,1
147,1,0.00251989,1
147,0,0.00307486,1
147_BRANCH0_195,1,0.00247003,1
147_BRANCH0_195,0,0.00325434,1
233_BRANCH0_290,1,0.00213152,1
233_BRANCH0_290,0,0.00173426,1
146,1,0.00230133,1
146,0,0.00245431,1
360,1,0.00192337,1
360,0,0.0122346,1
171_BRANCH0_199,1,0.00251097,1
171_BRANCH0_199,0,0.00158959,1
143_BRANCH0_194,1,0.0024554,1
143_BRANCH0_194,0,0.00340153,1
255,1,0.00376463,1
255,0,0.0037315,1
139_BRANCH0_191,1,0.00257143,1
139_BRANCH0_191,0,0.0032022,1
213_BRANCH0_255,1,0.00228639,1
213_BRANCH0_255,0,0.00212514,1
79_BRANCH0_192,1,0.00238423,1
79_BRANCH0_192,0,0.00242159,1
199_BRANCH0_213,1,0.00250074,1
199_BRANCH0_213,0,0.0022659,1
340,1,0.00183803,1
340,0,0.00366425,1
348,1,0.00219837,1
348,0,0.00306832,1
135,1,0.00264878,1
135,0,0.00343486,1
213_BRANCH0_250,1,0.00218212,1
213_BRANCH0_250,0,0.00382929,1
151_BRANCH0_197,1,0.0026855,1
151_BRANCH0_197,0,0.00315892,1
360_BRANCH0_373,1,0.65018,1
360_BRANCH0_373,0,0.00225276,1
135_BRANCH0_190,1,0.00232323,1
135_BRANCH0_190,0,0.0035292,1
309_BRANCH0_332,1,0.00276994,1
309_BRANCH0_332,0,0.0018426,1
350,1,0.00188118,1
350,0,0.00277596,1
135_BRANCH0_189,1,0.00252133,1
135_BRANCH0_189,0,0.00327891,1
131,1,0.00256393,1
131,0,0.00345251,1
127,1,0.00237285,1
127,0,0.00348677,1
335,1,0.00270843,1
335,0,0.00186474,1
227,1,0.00218244,1
227,0,0.00197407,1
213_BRANCH0_246,1,0.00214946,1
213_BRANCH0_246,0,0.00311991,1
79,1,0.00840879,1
79,0,0.00841193,1
177_BRANCH0_247,1,0.00242879,1
177_BRANCH0_247,0,0.00236872,1
56,1,0.0024967,1
56,0,0.00237348,1
56_BRANCH0_168,1,0.00246158,1
56_BRANCH0_168,0,0.00224339,1
53,1,0.00257466,1
53,0,0.00239226,1
159,1,0.00232784,1
159,0,0.00207451,1
8_BRANCH0_334,1,0.0477274,1
8_BRANCH0_334,0,0.0481964,1
53_BRANCH0_188,1,0.00251273,1
53_BRANCH0_188,0,0.00244731,1
50,1,0.00232178,1
50,0,0.0028658,1
50_BRANCH0_255,1,0.00379948,1
50_BRANCH0_255,0,0.00340002,1
227_BRANCH0_288,1,0.00225589,1
227_BRANCH0_288,0,0.00185301,1
393_BRANCH0_429,1,14.6666,0
393_BRANCH0_429,0,0.00180619,1
50_BRANCH0_134,1,0.00237302,1
50_BRANCH0_134,0,0.00225769,1
27_BRANCH0_184,1,0.00346881,1
27_BRANCH0_184,0,0.00350291,1
40,1,0.00261,1
40,0,0.00234988,1
309_BRANCH0_335,1,0.00304902,1
309_BRANCH0_335,0,0.00188495,1
73_BRANCH0_191,1,0.00251003,1
73_BRANCH0_191,0,0.00255442,1
247_BRANCH0_294,1,0.00183262,1
247_BRANCH0_294,0,0.00189163,1
37_BRANCH0_254,1,0.00385528,1
37_BRANCH0_254,0,0.00355645,1
224_BRANCH0_260,1,0.00208336,1
224_BRANCH0_260,0,0.00221183,1
239_BRANCH0_292,1,0.00200686,1
239_BRANCH0_292,0,0.00186742,1
108_BRANCH0_414,1,1.06835,1
108_BRANCH0_414,0,0.003544,1
199_BRANCH0_203,1,0.00244045,1
199_BRANCH0_203,0,0.00181845,1
119,1,0.00319443,1
119,0,0.00326473,1
258,1,0.00372602,1
258,0,0.003754,1
177_BRANCH0_199,1,0.00271149,1
177_BRANCH0_199,0,0.0019282,1
14,1,0.386446,1
14,0,0.386869,1
30,1,0.00267384,1
30,0,0.00250802,1
319_BRANCH0_338,1,0.00369213,1
319_BRANCH0_338,0,0.00205875,1
56_BRANCH0_399,1,0.00352673,1
56_BRANCH0_399,0,0.00438726,1
127_BRANCH0_186,1,0.00230715,1
127_BRANCH0_186,0,0.00351687,1
43_BRANCH0_393,1,0.00407167,1
43_BRANCH0_393,0,0.00433794,1
17,1,0.00209096,1
17,0,0.0019705,1
11,1,0.0354222,1
11,0,0.0351112,1
236_BRANCH0_291,1,0.00205989,1
236_BRANCH0_291,0,0.00186718,1
69_BRANCH0_404,1,0.00345102,1
69_BRANCH0_404,0,0.0043644,1
37_BRANCH0_130,1,0.00234264,1
37_BRANCH0_130,0,0.00243436,1
233,1,0.00188816,1
233,0,0.00191948,1
11_BRANCH0_122,1,0.00252278,1
11_BRANCH0_122,0,0.00244369,1
360_BRANCH0_376,1,0.00385724,1
360_BRANCH0_376,0,0.0083564,1
213_BRANCH0_257,1,0.00241403,1
213_BRANCH0_257,0,0.00366828,1
17_BRANCH0_123,1,0.00348629,1
17_BRANCH0_123,0,0.00238808,1
294,1,0.00197162,1
294,0,0.00195882,1
30_BRANCH0_127,1,0.00344381,1
30_BRANCH0_127,0,0.00234486,1
162_BRANCH0_199,1,0.00257707,1
162_BRANCH0_199,0,0.00187521,1
60,1,0.0278803,1
60,0,0.027863,1
105_BRANCH0_196,1,0.0024262,1
105_BRANCH0_196,0,0.00250189,1
267_BRANCH0_296,1,0.00220377,1
267_BRANCH0_296,0,0.00198553,1
56_BRANCH0_135,1,0.00342834,1
56_BRANCH0_135,0,0.00258879,1
418,1,0.00215148,1
418,0,0.0036957,1
24,1,0.00213335,1
24,0,0.00203775,1
63_BRANCH0_256,1,0.00353898,1
63_BRANCH0_256,0,0.00361443,1
168_BRANCH0_236,1,0.00250234,1
168_BRANCH0_236,0,0.0021012,1
347,1,9.40924,0
347,0,0.00319717,1
60_BRANCH0_189,1,0.00243766,1
60_BRANCH0_189,0,0.00259447,1
24_BRANCH0_250,1,0.00241466,1
24_BRANCH0_250,0,0.00321618,1
127_BRANCH0_185,1,0.00263903,1
127_BRANCH0_185,0,0.00335207,1
213_BRANCH0_258,1,0.00216288,1
213_BRANCH0_258,0,0.00335624,1
256,1,0.00367172,1
256,0,0.00399182,1
34,1,0.00227458,1
34,0,0.00230607,1
259,1,6.65858,0
259,0,0.00354936,1
37,1,0.00237979,1
37,0,0.00211896,1
89_BRANCH0_146,1,0.00238366,1
89_BRANCH0_146,0,0.00220132,1
119_BRANCH0_158,1,0.00261363,1
119_BRANCH0_158,0,0.00337207,1
1,1,0.00233855,1
1,0,0.00228535,1
76_BRANCH0_257,1,0.00383164,1
76_BRANCH0_257,0,0.00329907,1
43_BRANCH0_131,1,0.00312945,1
43_BRANCH0_131,0,0.00269625,1
17_BRANCH0_381,1,0.00302149,1
17_BRANCH0_381,0,0.00243093,1
4_BRANCH0_154,1,0.00255701,1
4_BRANCH0_154,0,0.00227927,1
63,1,0.00247367,1
63,0,0.00248447,1
123,1,0.00245001,1
123,0,0.00342277,1
14_BRANCH0_371,1,0.313073,1
14_BRANCH0_371,0,0.306942,1
147_BRANCH0_196,1,0.0025316,1
147_BRANCH0_196,0,0.00346031,1
99_BRANCH0_346,1,0.0029291,1
99_BRANCH0_346,0,0.00280391,1
353,1,0.00200304,1
353,0,0.00374292,1
82_BRANCH0_143,1,0.00319102,1
82_BRANCH0_143,0,0.00327588,1
354,1,0.00194629,1
354,0,0.00290018,1
126,1,0.00231822,1
126,0,0.00233983,1
30_BRANCH0_162,1,0.00260184,1
30_BRANCH0_162,0,0.00231697,1
165_BRANCH0_199,1,0.00265635,1
165_BRANCH0_199,0,0.0025662,1
285_BRANCH0_343,1,0.00173006,1
285_BRANCH0_343,0,0.00296275,1
53_BRANCH0_374,1,0.00257631,1
53_BRANCH0_374,0,0.00266066,1
1_BRANCH0_118,1,0.0025507,1
1_BRANCH0_118,0,0.00294051,1
143,1,0.00255027,1
143,0,0.00314755,1
304,1,0.00196152,1
304,0,0.00208401,1
112_BRANCH0_347,1,0.00247649,1
112_BRANCH0_347,0,12.1488,0
60_BRANCH0_342,1,0.0279911,1
60_BRANCH0_342,0,0.00284446,1
330,1,0.00267953,1
330,0,0.0020621,1
86,1,0.0041897,1
86,0,0.0039271,1
243,1,0.00184282,1
243,0,0.00180835,1
17_BRANCH0_159,1,0.00247309,1
17_BRANCH0_159,0,0.00221041,1
92_BRANCH0_194,1,0.00267147,1
92_BRANCH0_194,0,0.00246131,1
43,1,0.00268843,1
43,0,0.00271442,1
8_BRANCH0_157,1,0.00242612,1
8_BRANCH0_157,0,0.00252118,1
198,1,0.00246007,1
198,0,0.0024524,1
8,1,0.0563378,1
8,0,0.00245409,1
21_BRANCH0_336,1,0.136599,1
21_BRANCH0_336,0,0.0471124,1
21,1,0.0571339,1
21,0,0.167822,1
339,1,0.00310023,1
339,0,0.0019629,1
105,1,0.00322638,1
105,0,0.00334181,1
43_BRANCH0_165,1,0.00251506,1
43_BRANCH0_165,0,0.00229893,1
143_BRANCH0_193,1,0.0026162,1
143_BRANCH0_193,0,0.00331206,1
82,1,0.00239604,1
82,0,0.0023152,1
24_BRANCH0_126,1,0.00232717,1
24_BRANCH0_126,0,0.00234967,1
92_BRANCH0_377,1,0.00436636,1
92_BRANCH0_377,0,0.00265401,1
4_BRANCH0_119,1,0.00338078,1
4_BRANCH0_119,0,0.00322379,1
260_BRANCH0_296,1,0.00228489,1
260_BRANCH0_296,0,0.00201551,1
289,1,0.00173464,1
289,0,0.00187894,1
27_BRANCH0_372,1,0.3128,1
27_BRANCH0_372,0,0.310884,1
407_BRANCH0_429,1,0.00390835,1
407_BRANCH0_429,0,0.00202903,1
193,1,0.00208471,1
193,0,0.00251062,1
190,1,0.00212967,1
190,0,0.00259589,1
139_BRANCH0_192,1,0.00245524,1
139_BRANCH0_192,0,0.00357727,1
306,1,0.00205741,1
306,0,0.00188031,1
404_BRANCH0_418,1,0.0039227,1
404_BRANCH0_418,0,0.00221367,1
432,1,0.00328822,1
432,0,0.00293149,1
63_BRANCH0_138,1,0.00232056,1
63_BRANCH0_138,0,0.00242475,1
47,1,0.002649,1
47,0,0.00248598,1
105_BRANCH0_378,1,0.00325021,1
105_BRANCH0_378,0,0.00312883,1
203_BRANCH0_239,1,0.00222274,1
203_BRANCH0_239,0,0.00209675,1
102_BRANCH0_259,1,0.00346932,1
102_BRANCH0_259,0,8.32272,0
66_BRANCH0_190,1,0.00226756,1
66_BRANCH0_190,0,0.00261856,1
273_BRANCH0_335,1,0.00189918,1
273_BRANCH0_335,0,0.00275148,1
142,1,0.00232558,1
142,0,0.00240476,1
307,1,0.00181782,1
307,0,0.00201067,1
393,1,0.00383184,1
393,0,0.00209423,1
66,1,0.0263273,1
66,0,0.0260146,1
186,1,0.0020123,1
186,0,0.00233449,1
108_BRANCH0_180,1,0.00273115,1
108_BRANCH0_180,0,0.0022129,1
99_BRANCH0_195,1,0.00264453,1
99_BRANCH0_195,0,0.00258533,1
112_BRANCH0_197,1,0.00260538,1
112_BRANCH0_197,0,0.00260361,1
11_BRANCH0_246,1,0.0359309,1
11_BRANCH0_246,0,0.00351646,1
185,1,0.0023229,1
185,0,0.00262135,1
273,1,0.00213286,1
273,0,0.00202113,1
213,1,0.00227647,1
213,0,0.00335831,1
345,1,0.0024021,1
345,0,0.00380468,1
131_BRANCH0_188,1,0.00244982,1
131_BRANCH0_188,0,0.00360932,1
69_BRANCH0_171,1,0.00265011,1
69_BRANCH0_171,0,0.00234885,1
69,1,0.00262699,1
69,0,0.00225665,1
404,1,0.00396981,1
404,0,0.00188466,1
14_BRANCH0_158,1,0.00250767,1
14_BRANCH0_158,0,0.00255584,1
95,1,0.00231381,1
95,0,0.00239513,1
73_BRANCH0_344,1,0.00894459,1
73_BRANCH0_344,0,0.00287875,1
99,1,0.00292401,1
99,0,0.00295427,1
162_BRANCH0_230,1,0.00249531,1
162_BRANCH0_230,0,0.00245591,1
360_BRANCH0_378,1,0.00378808,1
360_BRANCH0_378,0,0.00277488,1
76_BRANCH0_142,1,0.00242684,1
76_BRANCH0_142,0,0.00243168,1
346,1,0.00229044,1
346,0,0.00376369,1
4_BRANCH0_380,1,0.00224048,1
4_BRANCH0_380,0,0.00234513,1
92,1,0.00458061,1
92,0,0.0044117,1
82_BRANCH0_174,1,0.0025291,1
82_BRANCH0_174,0,0.00230403,1
89_BRANCH0_258,1,0.00377408,1
89_BRANCH0_258,0,0.00370552,1
381_BRANCH0_416,1,0.00387033,1
381_BRANCH0_416,0,1.20644,1
82_BRANCH0_407,1,0.00358778,1
82_BRANCH0_407,0,0.00452227,1
301,1,0.00197955,1
301,0,0.00204361,1
86_BRANCH0_193,1,0.00243294,1
86_BRANCH0_193,0,0.00264385,1
309_BRANCH0_341,1,0.00236245,1
309_BRANCH0_341,0,0.00200804,1
89,1,0.0027604,1
89,0,0.00287002,1
260_BRANCH0_330,1,0.00221906,1
260_BRANCH0_330,0,0.0027769,1
285,1,0.00213401,1
285,0,0.00216749,1
309_BRANCH0_331,1,0.00285108,1
309_BRANCH0_331,0,0.139953,1
251,1,0.00183841,1
251,0,0.00178337,1
386,1,0.00389611,1
386,0,0.00205485,1
95_BRANCH0_147,1,0.00341961,1
95_BRANCH0_147,0,0.00254913,1
276_BRANCH0_337,1,0.00190311,1
276_BRANCH0_337,0,0.0027491,1
102,1,0.00291771,1
102,0,0.0029455,1
379,1,30.8103,0
379,0,0.00302137,1
95_BRANCH0_177,1,0.00264591,1
95_BRANCH0_177,0,0.00237593,1
319_BRANCH0_336,1,0.00267673,1
319_BRANCH0_336,0,0.146175,1
404_BRANCH0_416,1,0.00383808,1
404_BRANCH0_416,0,1.24651,1
154_BRANCH0_224,1,0.00265699,1
154_BRANCH0_224,0,0.00238793,1
242,1,0.00368266,1
242,0,0.00277123,1
342,1,0.00232525,1
342,0,0.00378829,1
360_BRANCH0_377,1,0.00404381,1
360_BRANCH0_377,0,0.00476788,1
102_BRANCH0_150,1,0.0025336,1
102_BRANCH0_150,0,0.00238397,1
381_BRANCH0_432,1,0.00277979,1
381_BRANCH0_432,0,0.00337338,1
188,1,0.00210173,1
188,0,0.00247543,1
333,1,0.0025729,1
333,0,0.00198763,1
108_BRANCH0_151,1,0.00326532,1
108_BRANCH0_151,0,0.00271855,1
115_BRANCH0_198,1,0.00233761,1
115_BRANCH0_198,0,0.00249249,1
203_BRANCH0_247,1,0.0023776,1
203_BRANCH0_247,0,0.00206561,1
131_BRANCH0_187,1,0.00252669,1
131_BRANCH0_187,0,0.00339554,1
76,1,0.002584,1
76,0,0.00196903,1
108,1,0.00239416,1
108,0,0.0025686,1
112,1,0.00271492,1
112,0,0.00262198,1
115_BRANCH0_379,1,0.00310125,1
115_BRANCH0_379,0,29.0244,0
319_BRANCH0_334,1,0.00221619,1
319_BRANCH0_334,0,0.00221787,1
378,1,0.00299787,1
378,0,0.00387796,1
115,1,0.0031762,1
115,0,0.00318643,1
118,1,0.00272343,1
118,0,0.00267272,1
332,1,0.00301168,1
332,0,0.00185756,1
386_BRANCH0_431,1,0.00396787,1
386_BRANCH0_431,0,0.00222451,1
119_BRANCH0_157,1,0.00247286,1
119_BRANCH0_157,0,0.00338188,1
79_BRANCH0_376,1,0.00851554,1
79_BRANCH0_376,0,0.00313283,1
393_BRANCH0_425,1,0.0039709,1
393_BRANCH0_425,0,0.00194629,1
123_BRANCH0_183,1,0.00344791,1
123_BRANCH0_183,0,0.00339027,1
165_BRANCH0_233,1,0.00259535,1
165_BRANCH0_233,0,0.00223392,1
334,1,0.047781,1
334,0,0.0034301,1
40_BRANCH0_186,1,0.00238449,1
40_BRANCH0_186,0,0.00236041,1
422_BRANCH0_432,1,0.00190862,1
422_BRANCH0_432,0,0.00381638,1
260,1,0.00241299,1
260,0,0.00202,1
264_BRANCH0_296,1,0.00210668,1
264_BRANCH0_296,0,0.00247466,1
300,1,0.00176855,1
300,0,0.00227087,1
264_BRANCH0_331,1,0.00201802,1
264_BRANCH0_331,0,0.00304347,1
264,1,0.00211036,1
264,0,0.00205555,1
357,1,0.00152898,1
357,0,0.00368145,1
267_BRANCH0_332,1,0.00185568,1
267_BRANCH0_332,0,0.0028195,1
267,1,0.00211272,1
267,0,0.00203771,1
270_BRANCH0_296,1,0.00193713,1
270_BRANCH0_296,0,0.00215083,1
352,1,0.00183929,1
352,0,0.0037611,1
270_BRANCH0_333,1,0.00207334,1
270_BRANCH0_333,0,0.00271021,1
425_BRANCH0_432,1,0.00193805,1
425_BRANCH0_432,0,0.00325964,1
270,1,0.00214553,1
270,0,0.00230621,1
276_BRANCH0_296,1,0.00196719,1
276_BRANCH0_296,0,0.00196928,1
276,1,0.00249197,1
276,0,0.0022649,1
309_BRANCH0_330,1,0.00289094,1
309_BRANCH0_330,0,0.00234714,1
411_BRANCH0_420,1,0.0040263,1
411_BRANCH0_420,0,0.00215479,1
279_BRANCH0_296,1,0.00186905,1
279_BRANCH0_296,0,0.0017545,1
279_BRANCH0_339,1,0.00179516,1
279_BRANCH0_339,0,0.00290012,1
279,1,0.00208587,1
279,0,0.00206111,1
282_BRANCH0_296,1,0.00195144,1
282_BRANCH0_296,0,0.00218242,1
282_BRANCH0_341,1,0.00187845,1
282_BRANCH0_341,0,0.00360939,1
282,1,0.00230082,1
282,0,0.00200251,1
288,1,0.00202489,1
288,0,0.00179708,1
290,1,0.00196145,1
290,0,0.00185113,1
291,1,0.00196596,1
291,0,0.00202214,1
292,1,0.00184215,1
292,0,0.00183005,1
293,1,0.00198979,1
293,0,0.00194418,1
295,1,0.00178988,1
295,0,0.00196824,1
296_BRANCH0_309,1,0.0018809,1
296_BRANCH0_309,0,0.00314719,1
296_BRANCH0_319,1,0.00232703,1
296_BRANCH0_319,0,0.00261128,1
296,1,0.00167154,1
296,0,0.00196742,1
302,1,0.00180805,1
302,0,0.0018251,1
303,1,0.00181669,1
303,0,0.00181785,1
305,1,0.00196558,1
305,0,0.00192317,1
309_BRANCH0_333,1,0.00255676,1
309_BRANCH0_333,0,0.00190682,1
309_BRANCH0_339,1,0.00288955,1
309_BRANCH0_339,0,0.00193908,1
399_BRANCH0_428,1,0.00384453,1
399_BRANCH0_428,0,0.00291415,1
309_BRANCH0_343,1,0.00367142,1
309_BRANCH0_343,0,0.00188722,1
319_BRANCH0_345,1,0.00400275,1
319_BRANCH0_345,0,0.00233748,1
309,1,0.00309245,1
309,0,0.00192474,1
319_BRANCH0_340,1,0.0039527,1
319_BRANCH0_340,0,0.00234527,1
319_BRANCH0_342,1,0.00387467,1
319_BRANCH0_342,0,0.00242039,1
319_BRANCH0_344,1,0.00376104,1
319_BRANCH0_344,0,0.00221978,1
319_BRANCH0_346,1,0.00389756,1
319_BRANCH0_346,0,0.00225445,1
319_BRANCH0_347,1,0.00321815,1
319_BRANCH0_347,0,9.84639,0
331,1,0.00271153,1
331,0,0.138011,1
319,1,0.00310403,1
319,0,0.00233005,1
329,1,0.00305929,1
329,0,0.00152833,1
336,1,0.145706,1
336,0,0.00310972,1
357_BRANCH0_360,1,0.0123822,1
357_BRANCH0_360,0,0.00269682,1
337,1,0.00309488,1
337,0,0.00194319,1
338,1,0.00211697,1
338,0,0.00375502,1
343,1,0.00305005,1
343,0,0.00193334,1
344,1,0.0023229,1
344,0,0.00377646,1
386_BRANCH0_422,1,0.00395593,1
386_BRANCH0_422,0,0.00232369,1
349,1,0.00208149,1
349,0,0.00376454,1
351,1,0.00200128,1
351,0,0.00310806,1
355,1,0.00189025,1
355,0,0.00283502,1
356,1,0.00208403,1
356,0,0.00368755,1
357_BRANCH0_370,1,0.00160901,1
357_BRANCH0_370,0,0.00289289,1
360_BRANCH0_371,1,0.00293754,1
360_BRANCH0_371,0,0.00276676,1
360_BRANCH0_372,1,0.00294387,1
360_BRANCH0_372,0,1.29702,1
360_BRANCH0_374,1,0.00396404,1
360_BRANCH0_374,0,0.103097,1
360_BRANCH0_375,1,0.00389333,1
360_BRANCH0_375,0,0.0275377,1
360_BRANCH0_379,1,0.00408328,1
360_BRANCH0_379,0,34.8614,0
370,1,0.00241602,1
370,0,0.00168134,1
371,1,0.309082,1
371,0,0.00369375,1
372,1,1.31088,1
372,0,0.0032713,1
373,1,0.00231537,1
373,0,0.00386731,1
374,1,0.102548,1
374,0,0.00388361,1
375,1,0.0277083,1
375,0,0.0038617,1
376,1,0.00844485,1
376,0,0.00392136,1
377,1,0.00169397,1
377,0,0.00376442,1
380,1,0.00237858,1
380,0,0.00356166,1
381_BRANCH0_430,1,0.00382229,1
381_BRANCH0_430,0,0.00210408,1
381_BRANCH0_431,1,0.0036551,1
381_BRANCH0_431,0,0.00221138,1
381,1,0.00252726,1
381,0,0.00260523,1
386_BRANCH0_429,1,0.00378393,1
386_BRANCH0_429,0,0.00251543,1
386_BRANCH0_430,1,0.00386515,1
386_BRANCH0_430,0,0.00197231,1
393_BRANCH0_416,1,0.00383075,1
393_BRANCH0_416,0,0.309974,1
393_BRANCH0_417,1,0.00381382,1
393_BRANCH0_417,0,0.00193716,1
393_BRANCH0_428,1,0.00385551,1
393_BRANCH0_428,0,0.00294639,1
399_BRANCH0_416,1,0.00396351,1
399_BRANCH0_416,0,1.22957,1
399_BRANCH0_425,1,0.00386003,1
399_BRANCH0_425,0,0.00273518,1
399_BRANCH0_430,1,0.00376813,1
399_BRANCH0_430,0,0.00203197,1
399,1,0.00376237,1
399,0,0.00174175,1
407_BRANCH0_416,1,0.00375553,1
407_BRANCH0_416,0,1.23812,1
407_BRANCH0_419,1,0.00408158,1
407_BRANCH0_419,0,0.00201569,1
407,1,0.00391362,1
407,0,0.00212715,1
411,1,0.00379446,1
411,0,0.00221106,1
414,1,0.00306291,1
414,0,1.44893,1
417,1,0.00197665,1
417,0,0.00393763,1
419,1,0.00203469,1
419,0,0.00379132,1
420,1,0.00211714,1
420,0,0.00389339,1
421,1,0.00269959,1
421,0,0.00286266,1
422_BRANCH0_430,1,0.00189351,1
422_BRANCH0_430,0,0.00374303,1
422,1,0.00183082,1
422,0,0.00374697,1
425_BRANCH0_431,1,0.00209737,1
425_BRANCH0_431,0,0.003797,1
425,1,0.00206567,1
425,0,0.00378454,1
428,1,0.00280238,1
428,0,0.0038103,1
429,1,0.0020625,1
429,0,0.00341494,1
430,1,0.00232022,1
430,0,0.00280118,1
431,1,0.00227185,1
431,0,0.00331768,1
