0.00499891
m_BRANCH0_q,1,0.000161099,1
m_BRANCH0_q,0,8.8685e-05,0
m_BRANCH0_Z,1,8.2407e-05,1
m_BRANCH0_Z,0,0.000119819,1
d_BRANCH0_X,1,9.7504e-05,1
d_BRANCH0_X,0,8.4763e-05,0
d_BRANCH0_r,1,0.000106597,1
d_BRANCH0_r,0,0.000102934,1
X,1,8.1855e-05,0
X,0,3.4527e-05,1
m_BRANCH0_r,1,7.8372e-05,1
m_BRANCH0_r,0,8.7285e-05,1
B,1,0.000113816,1
B,0,0.000158956,1
d,1,0.000115311,1
d,0,0.000128358,1
d_BRANCH0_m,1,0.000115947,1
d_BRANCH0_m,0,8.8485e-05,1
s_BRANCH0_v,1,9.0447e-05,0
s_BRANCH0_v,0,0.00012775,1
B_BRANCH0_m,1,4.8701e-05,0
B_BRANCH0_m,0,7.6941e-05,1
B_BRANCH0_v,1,4.3677e-05,0
B_BRANCH0_v,0,0.000102343,1
C,1,0.000164196,1
C,0,0.000195015,1
s_BRANCH0_Y,1,0.000110765,0
s_BRANCH0_Y,0,8.8432e-05,1
B_BRANCH0_d,1,8.6974e-05,1
B_BRANCH0_d,0,0.000109591,1
A,1,0.00011609,1
A,0,0.000113324,1
m,1,9.0788e-05,1
m,0,0.000111639,1
r_BRANCH0_s,1,9.0479e-05,1
r_BRANCH0_s,0,9.4664e-05,0
Y,1,8.7432e-05,0
Y,0,8.2351e-05,1
r_BRANCH0_X,1,9.1232e-05,1
r_BRANCH0_X,0,9.6254e-05,0
Z,1,0.000108733,1
Z,0,9.7715e-05,1
r,1,9.0098e-05,1
r,0,9.2327e-05,0
q,1,7.5109e-05,0
q,0,7.9538e-05,1
s,1,9.6928e-05,0
s,0,9.0806e-05,1
v,1,9.5228e-05,0
v,0,0.000106626,1
