0.00508321
m_BRANCH0_q,1,0.000158697,1
m_BRANCH0_q,0,9.3643e-05,0
m_BRANCH0_Z,1,8.403e-05,1
m_BRANCH0_Z,0,0.000123222,1
d_BRANCH0_X,1,9.8977e-05,1
d_BRANCH0_X,0,8.7697e-05,0
d_BRANCH0_r,1,7.9173e-05,1
d_BRANCH0_r,0,9.2543e-05,1
X,1,8.5476e-05,0
X,0,3.4854e-05,1
m_BRANCH0_r,1,8.2773e-05,1
m_BRANCH0_r,0,9.0878e-05,1
B,1,0.000119502,1
B,0,0.000120073,1
d,1,0.000119728,1
d,0,0.000134183,1
d_BRANCH0_m,1,0.000120499,1
d_BRANCH0_m,0,9.0486e-05,1
s_BRANCH0_v,1,9.3648e-05,0
s_BRANCH0_v,0,0.000128018,1
B_BRANCH0_m,1,5.0437e-05,0
B_BRANCH0_m,0,7.887e-05,1
B_BRANCH0_v,1,5.0156e-05,0
B_BRANCH0_v,0,0.00010495,1
C,1,0.000171459,1
C,0,0.000168781,1
s_BRANCH0_Y,1,0.000100287,0
s_BRANCH0_Y,0,9.5305e-05,1
B_BRANCH0_d,1,9.0617e-05,1
B_BRANCH0_d,0,0.000115133,1
A,1,0.000120452,1
A,0,0.000117963,1
m,1,0.000125213,1
m,0,0.000117376,1
r_BRANCH0_s,1,9.7121e-05,1
r_BRANCH0_s,0,9.6949e-05,0
Y,1,9.0298e-05,0
Y,0,8.5801e-05,1
r_BRANCH0_X,1,9.4415e-05,1
r_BRANCH0_X,0,0.000100981,0
Z,1,0.000112892,1
Z,0,0.00010091,1
r,1,9.5548e-05,1
r,0,9.4324e-05,0
q,1,7.8714e-05,0
q,0,8.3141e-05,1
s,1,9.9405e-05,0
s,0,9.2838e-05,1
v,1,0.000101236,0
v,0,0.000113535,1
