246.839
254,1,0.00279673,1
254,0,0.00133859,1
415,1,0.00231779,1
415,0,0.00103479,1
250,1,0.00268592,1
250,0,0.0013095,1
341,1,0.00136359,1
341,0,0.00118226,1
247,1,0.00119467,1
247,0,0.00118592,1
236_BRANCH0_273,1,0.00128182,1
236_BRANCH0_273,0,0.00180973,1
247_BRANCH0_282,1,0.00130181,1
247_BRANCH0_282,0,0.00170166,1
246,1,0.00261594,1
246,0,0.00122899,1
157,1,0.0010074,1
157,0,0.00173768,1
30_BRANCH0_386,1,0.00129717,1
30_BRANCH0_386,0,0.00180134,1
243_BRANCH0_293,1,0.00145463,1
243_BRANCH0_293,0,0.00114002,1
273_BRANCH0_296,1,0.00204601,1
273_BRANCH0_296,0,0.00101291,1
243_BRANCH0_279,1,0.00120788,1
243_BRANCH0_279,0,0.00204321,1
239,1,0.00120665,1
239,0,0.00114818,1
239_BRANCH0_276,1,0.00128196,1
239_BRANCH0_276,0,0.00215183,1
236,1,0.00126602,1
236,0,0.0011347,1
411_BRANCH0_416,1,0.00136109,1
411_BRANCH0_416,0,4.99667,1
233_BRANCH0_270,1,0.00132463,1
233_BRANCH0_270,0,0.00213908,1
230,1,0.0012126,1
230,0,0.001147,1
199_BRANCH0_223,1,0.000730701,1
199_BRANCH0_223,0,0.000604428,1
230_BRANCH0_289,1,0.00130912,1
230_BRANCH0_289,0,0.00117894,1
230_BRANCH0_267,1,0.00122899,1
230_BRANCH0_267,0,0.00205626,1
27,1,0.00112122,1
27,0,0.00108242,1
224,1,0.00126227,1
224,0,0.00107552,1
134,1,0.000710132,1
134,0,0.000620477,1
223,1,0.000681733,1
223,0,0.000525185,1
130,1,0.000526365,1
130,0,0.00122171,1
213_BRANCH0_259,1,0.00132684,1
213_BRANCH0_259,0,7.91048,0
213_BRANCH0_254,1,0.00115971,1
213_BRANCH0_254,0,0.00282148,1
213_BRANCH0_242,1,0.00100658,1
213_BRANCH0_242,0,0.00121068,1
203,1,0.00114171,1
203,0,0.00139184,1
203_BRANCH0_251,1,0.00227153,1
203_BRANCH0_251,0,0.00132187,1
191,1,0.00115935,1
191,0,0.00137107,1
203_BRANCH0_243,1,0.00183514,1
203_BRANCH0_243,0,0.00130473,1
171_BRANCH0_239,1,0.0017175,1
171_BRANCH0_239,0,0.00130865,1
416,1,0.00134836,1
416,0,4.80026,1
251_BRANCH0_295,1,0.00224744,1
251_BRANCH0_295,0,0.00116181,1
203_BRANCH0_236,1,0.00192057,1
203_BRANCH0_236,0,0.00124219,1
203_BRANCH0_230,1,0.00202314,1
203_BRANCH0_230,0,0.00117951,1
203_BRANCH0_227,1,0.00204692,1
203_BRANCH0_227,0,0.00161413,1
257,1,0.00281043,1
257,0,0.00151529,1
138,1,0.00121896,1
138,0,0.000711804,1
34_BRANCH0_185,1,0.00131702,1
34_BRANCH0_185,0,0.0012639,1
66_BRANCH0_375,1,0.00110964,1
66_BRANCH0_375,0,0.0012177,1
203_BRANCH0_224,1,0.000923508,1
203_BRANCH0_224,0,0.0017047,1
40_BRANCH0_373,1,0.00103393,1
40_BRANCH0_373,0,0.00107861,1
199,1,0.000684922,1
199,0,0.000669472,1
69_BRANCH0_139,1,0.00246553,1
69_BRANCH0_139,0,0.00194773,1
86_BRANCH0_345,1,0.00148879,1
86_BRANCH0_345,0,0.00128232,1
296_BRANCH0_329,1,0.00078904,1
296_BRANCH0_329,0,0.000887035,1
197,1,0.000969743,1
197,0,0.00198967,1
196,1,0.00103348,1
196,0,0.0013194,1
123_BRANCH0_184,1,0.00132443,1
123_BRANCH0_184,0,0.00213641,1
195,1,0.00112729,1
195,0,0.00247558,1
192,1,0.00115157,1
192,0,0.00119897,1
189,1,0.0011596,1
189,0,0.00137464,1
308,1,0.00226142,1
308,0,0.00121733,1
203_BRANCH0_233,1,0.00205869,1
203_BRANCH0_233,0,0.00126454,1
386_BRANCH0_416,1,0.00145007,1
386_BRANCH0_416,0,4.83465,1
386_BRANCH0_425,1,0.00138804,1
386_BRANCH0_425,0,0.00269319,1
187,1,0.00110701,1
187,0,0.00138294,1
158,1,0.00103256,1
158,0,0.00121185,1
251_BRANCH0_285,1,0.00199498,1
251_BRANCH0_285,0,0.00172382,1
184,1,0.00106965,1
184,0,0.00122382,1
285_BRANCH0_296,1,0.00229266,1
285_BRANCH0_296,0,0.000984128,1
183,1,0.000997568,1
183,0,0.00134927,1
73,1,0.00122343,1
73,0,0.0013886,1
180_BRANCH0_251,1,0.0011711,1
180_BRANCH0_251,0,0.00137269,1
263,1,0.00108739,1
263,0,0.00236153,1
180_BRANCH0_199,1,0.000742071,1
180_BRANCH0_199,0,0.000711137,1
177,1,0.00122555,1
177,0,0.000869045,1
139,1,0.00179009,1
139,0,0.00269253,1
309_BRANCH0_337,1,0.00126308,1
309_BRANCH0_337,0,0.0011817,1
227_BRANCH0_264,1,0.00131237,1
227_BRANCH0_264,0,0.00230775,1
168_BRANCH0_199,1,0.000752009,1
168_BRANCH0_199,0,0.000810249,1
174,1,0.00108862,1
174,0,0.000868245,1
34_BRANCH0_338,1,0.00119283,1
34_BRANCH0_338,0,0.00124719,1
174_BRANCH0_199,1,0.00122617,1
174_BRANCH0_199,0,0.00072698,1
171,1,0.000564719,1
171,0,0.000750807,1
95_BRANCH0_411,1,0.00163541,1
95_BRANCH0_411,0,0.00217031,1
174_BRANCH0_243,1,0.00222567,1
174_BRANCH0_243,0,0.0013035,1
224_BRANCH0_263,1,0.00141288,1
224_BRANCH0_263,0,0.000911385,1
180,1,0.00116306,1
180,0,0.000708536,1
168,1,0.00061586,1
168,0,0.000684957,1
165,1,0.0011875,1
165,0,0.00073909,1
162,1,0.000631214,1
162,0,0.000720594,1
159_BRANCH0_227,1,0.00243136,1
159_BRANCH0_227,0,0.00135373,1
21_BRANCH0_183,1,0.00147087,1
21_BRANCH0_183,0,0.00125112,1
213_BRANCH0_256,1,0.0013682,1
213_BRANCH0_256,0,0.00291079,1
4,1,0.00139259,1
4,0,0.00115415,1
154,1,0.00113474,1
154,0,0.000862726,1
159_BRANCH0_199,1,0.00101446,1
159_BRANCH0_199,0,0.000740277,1
194,1,0.00105531,1
194,0,0.00134688,1
154_BRANCH0_199,1,0.00136387,1
154_BRANCH0_199,0,0.000705136,1
151,1,0.00121459,1
151,0,0.0026076,1
47_BRANCH0_340,1,0.00125666,1
47_BRANCH0_340,0,0.00134896,1
122,1,0.00128393,1
122,0,0.00108993,1
151_BRANCH0_198,1,0.00117856,1
151_BRANCH0_198,0,0.00228411,1
1_BRANCH0_242,1,0.00113787,1
1_BRANCH0_242,0,0.00129069,1
47_BRANCH0_187,1,0.00146275,1
47_BRANCH0_187,0,0.00129415,1
150,1,0.000749288,1
150,0,0.00109423,1
147,1,0.00114117,1
147,0,0.00262298,1
147_BRANCH0_195,1,0.00271821,1
147_BRANCH0_195,0,0.00216807,1
233_BRANCH0_290,1,0.00140724,1
233_BRANCH0_290,0,0.00119659,1
146,1,0.00117642,1
146,0,0.000653822,1
360,1,0.00129572,1
360,0,0.00382913,1
171_BRANCH0_199,1,0.00133807,1
171_BRANCH0_199,0,0.00078757,1
143_BRANCH0_194,1,0.00107259,1
143_BRANCH0_194,0,0.00216568,1
255,1,0.00295574,1
255,0,0.0013498,1
139_BRANCH0_191,1,0.00203422,1
139_BRANCH0_191,0,0.00217792,1
213_BRANCH0_255,1,0.00134797,1
213_BRANCH0_255,0,0.0029386,1
79_BRANCH0_192,1,0.00128786,1
79_BRANCH0_192,0,0.00145396,1
199_BRANCH0_213,1,0.00301843,1
199_BRANCH0_213,0,0.00142798,1
340,1,0.0012749,1
340,0,0.00128652,1
348,1,0.00094085,1
348,0,0.00121576,1
135,1,0.00121881,1
135,0,0.00265585,1
213_BRANCH0_250,1,0.00127043,1
213_BRANCH0_250,0,0.00284763,1
151_BRANCH0_197,1,0.00134116,1
151_BRANCH0_197,0,0.00214451,1
360_BRANCH0_373,1,0.00141163,1
360_BRANCH0_373,0,0.00094632,1
135_BRANCH0_190,1,0.00128596,1
135_BRANCH0_190,0,0.00211061,1
309_BRANCH0_332,1,0.00129666,1
309_BRANCH0_332,0,0.00124947,1
350,1,0.00121397,1
350,0,0.00126831,1
135_BRANCH0_189,1,0.00253996,1
135_BRANCH0_189,0,0.00213175,1
131,1,0.0017633,1
131,0,0.0026234,1
127,1,0.00229623,1
127,0,0.002291,1
335,1,0.00137304,1
335,0,0.0013225,1
227,1,0.00131157,1
227,0,0.0022644,1
213_BRANCH0_246,1,0.00128973,1
213_BRANCH0_246,0,0.0011785,1
79,1,0.00147281,1
79,0,0.00139452,1
177_BRANCH0_247,1,0.00157759,1
177_BRANCH0_247,0,0.00138025,1
56,1,0.00148605,1
56,0,0.00158313,1
56_BRANCH0_168,1,0.00127867,1
56_BRANCH0_168,0,0.00123521,1
53,1,0.00106528,1
53,0,0.00135557,1
159,1,0.0013404,1
159,0,0.00074429,1
8_BRANCH0_334,1,0.00100137,1
8_BRANCH0_334,0,0.00153905,1
53_BRANCH0_188,1,0.00122918,1
53_BRANCH0_188,0,0.00149458,1
50,1,0.0020683,1
50,0,0.00205037,1
50_BRANCH0_255,1,0.00328654,1
50_BRANCH0_255,0,0.00280641,1
227_BRANCH0_288,1,0.00152077,1
227_BRANCH0_288,0,0.00121874,1
393_BRANCH0_429,1,17.6697,0
393_BRANCH0_429,0,0.00203853,1
50_BRANCH0_134,1,0.000875776,1
50_BRANCH0_134,0,0.000622272,1
27_BRANCH0_184,1,0.001223,1
27_BRANCH0_184,0,0.00127392,1
40,1,0.00127657,1
40,0,0.00137363,1
309_BRANCH0_335,1,0.00119713,1
309_BRANCH0_335,0,0.00118343,1
73_BRANCH0_191,1,0.00125932,1
73_BRANCH0_191,0,0.00127185,1
247_BRANCH0_294,1,0.00146919,1
247_BRANCH0_294,0,0.00121023,1
37_BRANCH0_254,1,0.00346097,1
37_BRANCH0_254,0,0.00314656,1
224_BRANCH0_260,1,0.00138848,1
224_BRANCH0_260,0,0.00104046,1
239_BRANCH0_292,1,0.00148988,1
239_BRANCH0_292,0,0.00118205,1
108_BRANCH0_414,1,0.00178602,1
108_BRANCH0_414,0,0.00238438,1
199_BRANCH0_203,1,0.0015537,1
199_BRANCH0_203,0,0.00119272,1
119,1,0.0025391,1
119,0,0.00262044,1
258,1,0.00303266,1
258,0,0.00132331,1
177_BRANCH0_199,1,0.00126282,1
177_BRANCH0_199,0,0.000833287,1
14,1,0.00110152,1
14,0,0.00120654,1
30,1,0.0017638,1
30,0,0.00131982,1
319_BRANCH0_338,1,0.00128811,1
319_BRANCH0_338,0,0.00122181,1
56_BRANCH0_399,1,0.0016361,1
56_BRANCH0_399,0,0.00196779,1
127_BRANCH0_186,1,0.00133829,1
127_BRANCH0_186,0,0.00215993,1
43_BRANCH0_393,1,0.00176347,1
43_BRANCH0_393,0,0.00178143,1
17,1,0.00181281,1
17,0,0.00182177,1
11,1,0.00129919,1
11,0,0.00153878,1
236_BRANCH0_291,1,0.00150344,1
236_BRANCH0_291,0,0.00127606,1
69_BRANCH0_404,1,0.00158844,1
69_BRANCH0_404,0,0.00178228,1
37_BRANCH0_130,1,0.000815133,1
37_BRANCH0_130,0,0.0011148,1
233,1,0.00118796,1
233,0,0.0011156,1
11_BRANCH0_122,1,0.00128788,1
11_BRANCH0_122,0,0.0012299,1
360_BRANCH0_376,1,0.00141134,1
360_BRANCH0_376,0,0.00110442,1
213_BRANCH0_257,1,0.0013569,1
213_BRANCH0_257,0,0.00294338,1
17_BRANCH0_123,1,0.00258519,1
17_BRANCH0_123,0,0.0022718,1
294,1,0.00122988,1
294,0,0.00237843,1
30_BRANCH0_127,1,0.00274574,1
30_BRANCH0_127,0,0.00177952,1
162_BRANCH0_199,1,0.000842185,1
162_BRANCH0_199,0,0.000761521,1
60,1,0.00132979,1
60,0,0.00142619,1
105_BRANCH0_196,1,0.00146417,1
105_BRANCH0_196,0,0.00129883,1
267_BRANCH0_296,1,0.00183813,1
267_BRANCH0_296,0,0.00104137,1
56_BRANCH0_135,1,0.00217573,1
56_BRANCH0_135,0,0.00190029,1
418,1,0.00152805,1
418,0,0.00137548,1
24,1,0.00177114,1
24,0,0.00137457,1
63_BRANCH0_256,1,0.00328864,1
63_BRANCH0_256,0,0.00323754,1
168_BRANCH0_236,1,0.00197077,1
168_BRANCH0_236,0,0.00140639,1
347,1,11.8361,0
347,0,0.00115931,1
60_BRANCH0_189,1,0.00127556,1
60_BRANCH0_189,0,0.00213026,1
24_BRANCH0_250,1,0.00213961,1
24_BRANCH0_250,0,0.00316516,1
127_BRANCH0_185,1,0.0014919,1
127_BRANCH0_185,0,0.00209262,1
213_BRANCH0_258,1,0.00142885,1
213_BRANCH0_258,0,0.0029663,1
256,1,0.00291446,1
256,0,0.00139297,1
34,1,0.00121997,1
34,0,0.00152091,1
259,1,7.69707,0
259,0,0.00117193,1
37,1,0.00140537,1
37,0,0.00118388,1
89_BRANCH0_146,1,0.00136938,1
89_BRANCH0_146,0,0.00127093,1
119_BRANCH0_158,1,0.0012279,1
119_BRANCH0_158,0,0.00227947,1
1,1,0.00126077,1
1,0,0.00126039,1
76_BRANCH0_257,1,0.00293165,1
76_BRANCH0_257,0,0.00322464,1
43_BRANCH0_131,1,0.00264061,1
43_BRANCH0_131,0,0.00131695,1
17_BRANCH0_381,1,0.00138826,1
17_BRANCH0_381,0,0.00179375,1
4_BRANCH0_154,1,0.000947135,1
4_BRANCH0_154,0,0.00112853,1
63,1,0.00129403,1
63,0,0.00149403,1
123,1,0.00126413,1
123,0,0.00268802,1
14_BRANCH0_371,1,0.00118117,1
14_BRANCH0_371,0,0.0019516,1
147_BRANCH0_196,1,0.00152212,1
147_BRANCH0_196,0,0.00184708,1
99_BRANCH0_346,1,0.00129967,1
99_BRANCH0_346,0,0.00139819,1
353,1,0.00121849,1
353,0,0.00124776,1
82_BRANCH0_143,1,0.00221496,1
82_BRANCH0_143,0,0.00178129,1
354,1,0.00122243,1
354,0,0.00118736,1
126,1,0.000755139,1
126,0,0.000640978,1
30_BRANCH0_162,1,0.000646492,1
30_BRANCH0_162,0,0.000973164,1
165_BRANCH0_199,1,0.00110953,1
165_BRANCH0_199,0,0.00071765,1
285_BRANCH0_343,1,0.00113948,1
285_BRANCH0_343,0,0.00121001,1
53_BRANCH0_374,1,0.00126642,1
53_BRANCH0_374,0,0.00133967,1
1_BRANCH0_118,1,0.00083961,1
1_BRANCH0_118,0,0.00122025,1
143,1,0.00136618,1
143,0,0.00263159,1
304,1,0.00244401,1
304,0,0.00128349,1
112_BRANCH0_347,1,0.00157221,1
112_BRANCH0_347,0,12.2896,0
60_BRANCH0_342,1,0.00121795,1
60_BRANCH0_342,0,0.00143326,1
330,1,0.00142018,1
330,0,0.0011169,1
86,1,0.00137651,1
86,0,0.00124971,1
243,1,0.00133629,1
243,0,0.00127911,1
17_BRANCH0_159,1,0.0012244,1
17_BRANCH0_159,0,0.00103716,1
92_BRANCH0_194,1,0.0011431,1
92_BRANCH0_194,0,0.00130742,1
43,1,0.00162003,1
43,0,0.00163236,1
8_BRANCH0_157,1,0.0025021,1
8_BRANCH0_157,0,0.00271323,1
198,1,0.00104299,1
198,0,0.0013167,1
8,1,0.0025204,1
8,0,0.00269745,1
21_BRANCH0_336,1,0.00141274,1
21_BRANCH0_336,0,0.00145463,1
21,1,0.00147135,1
21,0,0.00138629,1
339,1,0.00138683,1
339,0,0.0012707,1
105,1,0.00138043,1
105,0,0.00134096,1
43_BRANCH0_165,1,0.00133099,1
43_BRANCH0_165,0,0.00116882,1
143_BRANCH0_193,1,0.00133226,1
143_BRANCH0_193,0,0.00181557,1
82,1,0.00181765,1
82,0,0.00189057,1
24_BRANCH0_126,1,0.00135652,1
24_BRANCH0_126,0,0.0012985,1
92_BRANCH0_377,1,0.00135163,1
92_BRANCH0_377,0,0.0014675,1
4_BRANCH0_119,1,0.00271854,1
4_BRANCH0_119,0,0.00257338,1
260_BRANCH0_296,1,0.00110549,1
260_BRANCH0_296,0,0.000974582,1
289,1,0.00119304,1
289,0,0.00240094,1
27_BRANCH0_372,1,0.00136112,1
27_BRANCH0_372,0,0.0011801,1
407_BRANCH0_429,1,0.00134876,1
407_BRANCH0_429,0,0.0023352,1
193,1,0.00121818,1
193,0,0.00230941,1
190,1,0.00123403,1
190,0,0.0012815,1
139_BRANCH0_192,1,0.00146726,1
139_BRANCH0_192,0,0.00218066,1
306,1,0.00232856,1
306,0,0.00125882,1
404_BRANCH0_418,1,0.00137236,1
404_BRANCH0_418,0,0.00137394,1
432,1,0.00188865,1
432,0,0.00130995,1
63_BRANCH0_138,1,0.00123653,1
63_BRANCH0_138,0,0.00100372,1
47,1,0.00139181,1
47,0,0.00155185,1
105_BRANCH0_378,1,0.00118668,1
105_BRANCH0_378,0,0.00137856,1
203_BRANCH0_239,1,0.00233511,1
203_BRANCH0_239,0,0.00124227,1
102_BRANCH0_259,1,0.00312297,1
102_BRANCH0_259,0,7.05066,0
66_BRANCH0_190,1,0.0011133,1
66_BRANCH0_190,0,0.00138046,1
273_BRANCH0_335,1,0.0012951,1
273_BRANCH0_335,0,0.00127323,1
142,1,0.00120351,1
142,0,0.00125383,1
307,1,0.00216589,1
307,0,0.00124712,1
393,1,0.00140188,1
393,0,0.00140625,1
66,1,0.00131483,1
66,0,0.00118497,1
186,1,0.00105514,1
186,0,0.0013751,1
108_BRANCH0_180,1,0.00120599,1
108_BRANCH0_180,0,0.000995114,1
99_BRANCH0_195,1,0.00132579,1
99_BRANCH0_195,0,0.00179186,1
112_BRANCH0_197,1,0.00124959,1
112_BRANCH0_197,0,0.00125614,1
11_BRANCH0_246,1,0.00305159,1
11_BRANCH0_246,0,0.00320592,1
185,1,0.00111955,1
185,0,0.0012689,1
273,1,0.00214017,1
273,0,0.00117188,1
213,1,0.00146861,1
213,0,0.00306809,1
345,1,0.00121607,1
345,0,0.00131385,1
131_BRANCH0_188,1,0.00127099,1
131_BRANCH0_188,0,0.00228164,1
69_BRANCH0_171,1,0.00135366,1
69_BRANCH0_171,0,0.00133946,1
69,1,0.00144175,1
69,0,0.00185196,1
404,1,0.0015187,1
404,0,0.00150721,1
14_BRANCH0_158,1,0.00150037,1
14_BRANCH0_158,0,0.00143059,1
95,1,0.00187956,1
95,0,0.00177638,1
73_BRANCH0_344,1,0.00140269,1
73_BRANCH0_344,0,0.00144588,1
99,1,0.00152617,1
99,0,0.00143807,1
162_BRANCH0_230,1,0.00198909,1
162_BRANCH0_230,0,0.00141294,1
360_BRANCH0_378,1,0.00148272,1
360_BRANCH0_378,0,0.00114368,1
76_BRANCH0_142,1,0.00116307,1
76_BRANCH0_142,0,0.00123648,1
346,1,0.00114496,1
346,0,0.00138339,1
4_BRANCH0_380,1,0.00168204,1
4_BRANCH0_380,0,0.00112888,1
92,1,0.00120008,1
92,0,0.00115558,1
82_BRANCH0_174,1,0.00133988,1
82_BRANCH0_174,0,0.00117106,1
89_BRANCH0_258,1,0.00292658,1
89_BRANCH0_258,0,0.00263529,1
381_BRANCH0_416,1,0.00151725,1
381_BRANCH0_416,0,4.81572,1
82_BRANCH0_407,1,0.00157273,1
82_BRANCH0_407,0,0.00216373,1
301,1,0.00242851,1
301,0,0.00123657,1
86_BRANCH0_193,1,0.00140546,1
86_BRANCH0_193,0,0.00130079,1
309_BRANCH0_341,1,0.00129688,1
309_BRANCH0_341,0,0.00116423,1
89,1,0.00149668,1
89,0,0.00153218,1
260_BRANCH0_330,1,0.000946499,1
260_BRANCH0_330,0,0.00118033,1
285,1,0.002154,1
285,0,0.00103429,1
309_BRANCH0_331,1,0.00120362,1
309_BRANCH0_331,0,0.0012057,1
251,1,0.00204399,1
251,0,0.00125457,1
386,1,0.00136295,1
386,0,0.00148662,1
95_BRANCH0_147,1,0.00227894,1
95_BRANCH0_147,0,0.00178373,1
276_BRANCH0_337,1,0.00133592,1
276_BRANCH0_337,0,0.00131531,1
102,1,0.00234553,1
102,0,0.00150792,1
379,1,44.0519,0
379,0,0.00139918,1
95_BRANCH0_177,1,0.00131101,1
95_BRANCH0_177,0,0.000795313,1
319_BRANCH0_336,1,0.0012346,1
319_BRANCH0_336,0,0.00119447,1
404_BRANCH0_416,1,0.00149098,1
404_BRANCH0_416,0,4.88807,1
154_BRANCH0_224,1,0.00274783,1
154_BRANCH0_224,0,0.00104456,1
242,1,0.00287805,1
242,0,0.000957529,1
342,1,0.00118421,1
342,0,0.00134064,1
360_BRANCH0_377,1,0.00150422,1
360_BRANCH0_377,0,0.00122971,1
102_BRANCH0_150,1,0.00122552,1
102_BRANCH0_150,0,0.00126915,1
381_BRANCH0_432,1,0.00117254,1
381_BRANCH0_432,0,0.00157279,1
188,1,0.00113742,1
188,0,0.00130653,1
333,1,0.00139906,1
333,0,0.00116608,1
108_BRANCH0_151,1,0.00268338,1
108_BRANCH0_151,0,0.00186597,1
115_BRANCH0_198,1,0.00134772,1
115_BRANCH0_198,0,0.00161857,1
203_BRANCH0_247,1,0.00186856,1
203_BRANCH0_247,0,0.00119907,1
131_BRANCH0_187,1,0.00191726,1
131_BRANCH0_187,0,0.00217528,1
76,1,0.00135442,1
76,0,0.00142637,1
108,1,0.00188591,1
108,0,0.00198714,1
112,1,0.00160476,1
112,0,0.00132244,1
115_BRANCH0_379,1,0.00175498,1
115_BRANCH0_379,0,33.6444,0
319_BRANCH0_334,1,0.00096139,1
319_BRANCH0_334,0,0.00138372,1
378,1,0.00109547,1
378,0,0.00138512,1
115,1,0.00184444,1
115,0,0.00187409,1
118,1,0.00081661,1
118,0,0.00116334,1
332,1,0.00136755,1
332,0,0.00133793,1
386_BRANCH0_431,1,0.00130708,1
386_BRANCH0_431,0,0.00175379,1
119_BRANCH0_157,1,0.00136973,1
119_BRANCH0_157,0,0.00218356,1
79_BRANCH0_376,1,0.00146053,1
79_BRANCH0_376,0,0.00148877,1
393_BRANCH0_425,1,0.00142234,1
393_BRANCH0_425,0,0.00258034,1
123_BRANCH0_183,1,0.00252389,1
123_BRANCH0_183,0,0.00226928,1
165_BRANCH0_233,1,0.00213217,1
165_BRANCH0_233,0,0.00139827,1
334,1,0.00155726,1
334,0,0.000834622,1
40_BRANCH0_186,1,0.0011557,1
40_BRANCH0_186,0,0.00150936,1
422_BRANCH0_432,1,0.00306011,1
422_BRANCH0_432,0,0.00132522,1
260,1,0.00108479,1
260,0,0.00102954,1
264_BRANCH0_296,1,0.00233173,1
264_BRANCH0_296,0,0.00102429,1
300,1,0.00237519,1
300,0,0.000922236,1
264_BRANCH0_331,1,0.00123953,1
264_BRANCH0_331,0,0.00123832,1
264,1,0.00238688,1
264,0,0.00105544,1
357,1,0.0007808,1
357,0,0.0010772,1
267_BRANCH0_332,1,0.00120491,1
267_BRANCH0_332,0,0.00126993,1
267,1,0.00161468,1
267,0,0.00110658,1
270_BRANCH0_296,1,0.00195856,1
270_BRANCH0_296,0,0.00102689,1
352,1,0.00120225,1
352,0,0.00123289,1
270_BRANCH0_333,1,0.00123906,1
270_BRANCH0_333,0,0.00129336,1
425_BRANCH0_432,1,0.00253017,1
425_BRANCH0_432,0,0.00123909,1
270,1,0.00211448,1
270,0,0.00101943,1
276_BRANCH0_296,1,0.00209262,1
276_BRANCH0_296,0,0.00101722,1
276,1,0.00168846,1
276,0,0.00108902,1
309_BRANCH0_330,1,0.00117078,1
309_BRANCH0_330,0,0.00104906,1
411_BRANCH0_420,1,0.00143355,1
411_BRANCH0_420,0,0.000956243,1
279_BRANCH0_296,1,0.00215861,1
279_BRANCH0_296,0,0.00104912,1
279_BRANCH0_339,1,0.00116342,1
279_BRANCH0_339,0,0.00127957,1
279,1,0.00184149,1
279,0,0.00102663,1
282_BRANCH0_296,1,0.00227659,1
282_BRANCH0_296,0,0.00104914,1
282_BRANCH0_341,1,0.00115814,1
282_BRANCH0_341,0,0.00130076,1
282,1,0.00179091,1
282,0,0.00104348,1
288,1,0.00123387,1
288,0,0.00238383,1
290,1,0.00129286,1
290,0,0.00207649,1
291,1,0.0013543,1
291,0,0.00242339,1
292,1,0.00133155,1
292,0,0.00185735,1
293,1,0.00135727,1
293,0,0.0023746,1
295,1,0.00137098,1
295,0,0.00238849,1
296_BRANCH0_309,1,0.00122085,1
296_BRANCH0_309,0,0.001314,1
296_BRANCH0_319,1,0.00917644,1
296_BRANCH0_319,0,0.00136994,1
296,1,0.000855179,1
296,0,0.000910601,1
302,1,0.00172381,1
302,0,0.00127977,1
303,1,0.00190408,1
303,0,0.00128226,1
305,1,0.00233055,1
305,0,0.00122874,1
309_BRANCH0_333,1,0.00120381,1
309_BRANCH0_333,0,0.00124533,1
309_BRANCH0_339,1,0.00128826,1
309_BRANCH0_339,0,0.00122107,1
399_BRANCH0_428,1,0.00137952,1
399_BRANCH0_428,0,0.0026345,1
309_BRANCH0_343,1,0.00123683,1
309_BRANCH0_343,0,0.00110853,1
319_BRANCH0_345,1,0.00141782,1
319_BRANCH0_345,0,0.00121295,1
309,1,0.00117614,1
309,0,0.00113364,1
319_BRANCH0_340,1,0.0014072,1
319_BRANCH0_340,0,0.00127688,1
319_BRANCH0_342,1,0.00133857,1
319_BRANCH0_342,0,0.00119019,1
319_BRANCH0_344,1,0.00125994,1
319_BRANCH0_344,0,0.00124386,1
319_BRANCH0_346,1,0.00133046,1
319_BRANCH0_346,0,0.00116885,1
319_BRANCH0_347,1,0.00149621,1
319_BRANCH0_347,0,12.057,0
331,1,0.00122879,1
331,0,0.00123732,1
319,1,0.0014748,1
319,0,0.00931665,1
329,1,0.00107322,1
329,0,0.000767651,1
336,1,0.000948218,1
336,0,0.00135105,1
357_BRANCH0_360,1,0.00378518,1
357_BRANCH0_360,0,0.00149858,1
337,1,0.00144483,1
337,0,0.00124477,1
338,1,0.0012565,1
338,0,0.00127215,1
343,1,0.00180918,1
343,0,0.00134351,1
344,1,0.0011828,1
344,0,0.00133817,1
386_BRANCH0_422,1,0.00129331,1
386_BRANCH0_422,0,0.00287187,1
349,1,0.00121688,1
349,0,0.00128152,1
351,1,0.00124469,1
351,0,0.00126613,1
355,1,0.00118815,1
355,0,0.00111564,1
356,1,0.00122435,1
356,0,0.00121316,1
357_BRANCH0_370,1,0.000895299,1
357_BRANCH0_370,0,0.00110901,1
360_BRANCH0_371,1,0.00132733,1
360_BRANCH0_371,0,0.00185762,1
360_BRANCH0_372,1,0.00133618,1
360_BRANCH0_372,0,0.00095826,1
360_BRANCH0_374,1,0.00138837,1
360_BRANCH0_374,0,0.00113122,1
360_BRANCH0_375,1,0.00122855,1
360_BRANCH0_375,0,0.00105422,1
360_BRANCH0_379,1,0.0015148,1
360_BRANCH0_379,0,46.9043,0
370,1,0.00115525,1
370,0,0.00084178,1
371,1,0.00140833,1
371,0,0.0010201,1
372,1,0.00084454,1
372,0,0.00130203,1
373,1,0.00104246,1
373,0,0.00133726,1
374,1,0.00118693,1
374,0,0.00134915,1
375,1,0.00113376,1
375,0,0.00133386,1
376,1,0.00118568,1
376,0,0.00134107,1
377,1,0.00118443,1
377,0,0.00141369,1
380,1,0.00116613,1
380,0,0.00193681,1
381_BRANCH0_430,1,0.00124528,1
381_BRANCH0_430,0,0.000873175,1
381_BRANCH0_431,1,0.00126356,1
381_BRANCH0_431,0,0.00165987,1
381,1,0.00142893,1
381,0,0.00166084,1
386_BRANCH0_429,1,0.00137496,1
386_BRANCH0_429,0,0.0023322,1
386_BRANCH0_430,1,0.00129419,1
386_BRANCH0_430,0,0.000870226,1
393_BRANCH0_416,1,0.00141566,1
393_BRANCH0_416,0,4.79234,1
393_BRANCH0_417,1,0.00129392,1
393_BRANCH0_417,0,0.00142367,1
393_BRANCH0_428,1,0.00139943,1
393_BRANCH0_428,0,0.0026307,1
399_BRANCH0_416,1,0.00147693,1
399_BRANCH0_416,0,4.77271,1
399_BRANCH0_425,1,0.00136586,1
399_BRANCH0_425,0,0.00228002,1
399_BRANCH0_430,1,0.00137764,1
399_BRANCH0_430,0,0.000906634,1
399,1,0.00132002,1
399,0,0.000899877,1
407_BRANCH0_416,1,0.00131977,1
407_BRANCH0_416,0,4.91564,1
407_BRANCH0_419,1,0.00160999,1
407_BRANCH0_419,0,0.000945579,1
407,1,0.0012122,1
407,0,0.00236913,1
411,1,0.0014662,1
411,0,0.00102294,1
414,1,0.00138918,1
414,0,5.6321,1
417,1,0.00135796,1
417,0,0.00135621,1
419,1,0.000923782,1
419,0,0.00132131,1
420,1,0.000968811,1
420,0,0.00129536,1
421,1,0.000887543,1
421,0,0.00182569,1
422_BRANCH0_430,1,0.00282553,1
422_BRANCH0_430,0,0.00142599,1
422,1,0.00294786,1
422,0,0.0012904,1
425_BRANCH0_431,1,0.00246809,1
425_BRANCH0_431,0,0.00139809,1
425,1,0.00256883,1
425,0,0.00123853,1
428,1,0.00257728,1
428,0,0.0012669,1
429,1,0.00227262,1
429,0,0.00136535,1
430,1,0.000959911,1
430,0,0.00111826,1
431,1,0.00177999,1
431,0,0.00134149,1
