0.00303458
16_BRANCH0_22,1,0.000121064,1
16_BRANCH0_22,0,9.8166e-05,1
11,1,0.000111295,1
11,0,7.8029e-05,1
11_BRANCH0_19,1,7.4469e-05,1
11_BRANCH0_19,0,9.1176e-05,1
11_BRANCH0_16,1,8.3483e-05,1
11_BRANCH0_16,0,9.2974e-05,1
7,1,0.000161732,1
7,0,8.5696e-05,1
6,1,8.7906e-05,1
6,0,8.9286e-05,1
19,1,9.2525e-05,1
19,0,7.1874e-05,1
3_BRANCH0_11,1,8.9001e-05,1
3_BRANCH0_11,0,9.0557e-05,1
16_BRANCH0_23,1,9.4625e-05,1
16_BRANCH0_23,0,7.0957e-05,1
10,1,9.1913e-05,1
10,0,7.1937e-05,1
3_BRANCH0_10,1,7.0308e-05,1
3_BRANCH0_10,0,8.9802e-05,1
2,1,9.7011e-05,1
2,0,9.6255e-05,1
3,1,8.9886e-05,1
3,0,9.0056e-05,1
16,1,9.9512e-05,1
16,0,7.7883e-05,1
1,1,9.1655e-05,1
1,0,9.3432e-05,1
22,1,7.3044e-05,1
22,0,7.4377e-05,1
23,1,7.5227e-05,1
23,0,6.7464e-05,1
