0.00357389
m_BRANCH0_q,1,0.000108479,1
m_BRANCH0_q,0,6.9225e-05,0
m_BRANCH0_Z,1,6.9105e-05,1
m_BRANCH0_Z,0,9.2985e-05,1
d_BRANCH0_X,1,8.3511e-05,1
d_BRANCH0_X,0,7.351e-05,0
d_BRANCH0_r,1,7.593e-05,1
d_BRANCH0_r,0,4.8435e-05,1
X,1,7.5566e-05,0
X,0,3.5555e-05,1
m_BRANCH0_r,1,5.9311e-05,1
m_BRANCH0_r,0,5.8335e-05,1
B,1,0.000133082,1
B,0,5.8283e-05,1
d,1,8.1975e-05,1
d,0,8.6844e-05,1
d_BRANCH0_m,1,8.5164e-05,1
d_BRANCH0_m,0,4.9062e-05,1
s_BRANCH0_v,1,8.1606e-05,0
s_BRANCH0_v,0,7.0948e-05,1
B_BRANCH0_m,1,4.451e-05,0
B_BRANCH0_m,0,4.2323e-05,1
B_BRANCH0_v,1,4.4166e-05,0
B_BRANCH0_v,0,4.1387e-05,1
C,1,8.9015e-05,1
C,0,8.8918e-05,1
s_BRANCH0_Y,1,8.1909e-05,0
s_BRANCH0_Y,0,6.779e-05,1
B_BRANCH0_d,1,4.6787e-05,1
B_BRANCH0_d,0,5.1487e-05,1
A,1,7.8005e-05,1
A,0,7.8218e-05,1
m,1,6.734e-05,1
m,0,8.7657e-05,1
r_BRANCH0_s,1,8.0462e-05,1
r_BRANCH0_s,0,8.0534e-05,0
Y,1,7.4534e-05,0
Y,0,5.8382e-05,1
r_BRANCH0_X,1,7.2403e-05,1
r_BRANCH0_X,0,8.0254e-05,0
Z,1,7.3614e-05,1
Z,0,7.1538e-05,1
r,1,7.1001e-05,1
r,0,7.9522e-05,0
q,1,5.5641e-05,0
q,0,6.5901e-05,1
s,1,8.4619e-05,0
s,0,7.0236e-05,1
v,1,7.6482e-05,0
v,0,7.2343e-05,1
