0.00467237
m_BRANCH0_q,1,0.000190717,1
m_BRANCH0_q,0,8.9431e-05,0
m_BRANCH0_Z,1,8.3535e-05,1
m_BRANCH0_Z,0,0.000118509,1
d_BRANCH0_X,1,9.8142e-05,1
d_BRANCH0_X,0,7.3152e-05,0
d_BRANCH0_r,1,9.1533e-05,1
d_BRANCH0_r,0,7.5745e-05,1
X,1,7.3973e-05,0
X,0,3.3132e-05,1
m_BRANCH0_r,1,7.3847e-05,1
m_BRANCH0_r,0,8.7397e-05,1
B,1,0.000113222,1
B,0,0.000113168,1
d,1,9.2608e-05,1
d,0,0.000122647,1
d_BRANCH0_m,1,0.000121845,1
d_BRANCH0_m,0,7.716e-05,1
s_BRANCH0_v,1,8.91e-05,0
s_BRANCH0_v,0,0.000124387,1
B_BRANCH0_m,1,5.0622e-05,0
B_BRANCH0_m,0,9.6921e-05,1
B_BRANCH0_v,1,4.7022e-05,0
B_BRANCH0_v,0,0.000103685,1
C,1,0.000122349,1
C,0,0.000122725,1
s_BRANCH0_Y,1,0.000101978,0
s_BRANCH0_Y,0,8.1412e-05,1
B_BRANCH0_d,1,7.7269e-05,1
B_BRANCH0_d,0,0.000113505,1
A,1,0.000109958,1
A,0,0.000109683,1
m,1,8.506e-05,1
m,0,0.000110755,1
r_BRANCH0_s,1,8.8783e-05,1
r_BRANCH0_s,0,8.9651e-05,0
Y,1,8.0533e-05,0
Y,0,8.2965e-05,1
r_BRANCH0_X,1,8.5953e-05,1
r_BRANCH0_X,0,8.84e-05,0
Z,1,0.000101656,1
Z,0,9.2191e-05,1
r,1,8.6079e-05,1
r,0,9.3674e-05,0
q,1,6.417e-05,0
q,0,7.1676e-05,1
s,1,8.8309e-05,0
s,0,8.3867e-05,1
v,1,8.7659e-05,0
v,0,0.000110607,1
