176.853
254,1,0.0054055,1
254,0,0.00422508,1
415,1,0.00299384,1
415,0,0.00468203,1
250,1,0.00465984,1
250,0,0.00373871,1
341,1,0.00323124,1
341,0,0.00374975,1
247,1,0.0039723,1
247,0,0.00357394,1
236_BRANCH0_273,1,0.0047459,1
236_BRANCH0_273,0,0.00409708,1
247_BRANCH0_282,1,0.00436255,1
247_BRANCH0_282,0,0.00333959,1
246,1,0.00460409,1
246,0,0.00364266,1
157,1,0.00347114,1
157,0,0.00476856,1
30_BRANCH0_386,1,0.00433656,1
30_BRANCH0_386,0,0.00378272,1
243_BRANCH0_293,1,0.00402058,1
243_BRANCH0_293,0,0.00386865,1
273_BRANCH0_296,1,0.00375189,1
273_BRANCH0_296,0,0.00375427,1
243_BRANCH0_279,1,0.00472831,1
243_BRANCH0_279,0,0.00416351,1
239,1,0.00419826,1
239,0,0.0037338,1
239_BRANCH0_276,1,0.00416767,1
239_BRANCH0_276,0,0.00452607,1
236,1,0.00390722,1
236,0,0.00394957,1
411_BRANCH0_416,1,0.00439999,1
411_BRANCH0_416,0,0.0340448,1
233_BRANCH0_270,1,0.00440819,1
233_BRANCH0_270,0,0.00417307,1
230,1,0.00455374,1
230,0,0.0038209,1
199_BRANCH0_223,1,0.00122296,1
199_BRANCH0_223,0,0.00419723,1
230_BRANCH0_289,1,0.00387699,1
230_BRANCH0_289,0,0.00401228,1
230_BRANCH0_267,1,0.00459815,1
230_BRANCH0_267,0,0.00367035,1
27,1,0.00440457,1
27,0,0.00404228,1
224,1,0.00401655,1
224,0,0.00339258,1
134,1,0.00500456,1
134,0,0.00493984,1
223,1,0.00419731,1
223,0,0.00112797,1
130,1,0.0048679,1
130,0,0.00504244,1
213_BRANCH0_259,1,0.00463703,1
213_BRANCH0_259,0,13.5862,0
213_BRANCH0_254,1,0.0139896,1
213_BRANCH0_254,0,0.00351673,1
213_BRANCH0_242,1,0.00459059,1
213_BRANCH0_242,0,0.0036834,1
203,1,0.00391443,1
203,0,0.00358751,1
203_BRANCH0_251,1,0.0048755,1
203_BRANCH0_251,0,0.00343165,1
191,1,0.00351871,1
191,0,0.00448794,1
203_BRANCH0_243,1,0.00481655,1
203_BRANCH0_243,0,0.00360239,1
171_BRANCH0_239,1,0.00450887,1
171_BRANCH0_239,0,0.00426668,1
416,1,0.00307805,1
416,0,0.0288033,1
251_BRANCH0_295,1,0.0034995,1
251_BRANCH0_295,0,0.00378853,1
203_BRANCH0_236,1,0.00412463,1
203_BRANCH0_236,0,0.00357737,1
203_BRANCH0_230,1,0.00509678,1
203_BRANCH0_230,0,0.0042285,1
203_BRANCH0_227,1,0.00448392,1
203_BRANCH0_227,0,0.00354646,1
257,1,0.00338225,1
257,0,0.00363588,1
138,1,0.00472423,1
138,0,0.00493204,1
34_BRANCH0_185,1,0.00431865,1
34_BRANCH0_185,0,0.00437655,1
66_BRANCH0_375,1,0.00944475,1
66_BRANCH0_375,0,0.00952627,1
203_BRANCH0_224,1,0.00455809,1
203_BRANCH0_224,0,0.00327959,1
40_BRANCH0_373,1,0.00938646,1
40_BRANCH0_373,0,0.00942729,1
199,1,0.00121852,1
199,0,0.00378271,1
69_BRANCH0_139,1,0.00519358,1
69_BRANCH0_139,0,0.00438194,1
86_BRANCH0_345,1,0.00390375,1
86_BRANCH0_345,0,0.00422301,1
296_BRANCH0_329,1,0.0016585,1
296_BRANCH0_329,0,0.00432015,1
197,1,0.00345879,1
197,0,0.00430506,1
196,1,0.00322382,1
196,0,0.00397714,1
123_BRANCH0_184,1,0.00419863,1
123_BRANCH0_184,0,0.00561212,1
195,1,0.0036026,1
195,0,0.00432731,1
192,1,0.00350353,1
192,0,0.00391792,1
189,1,0.00380835,1
189,0,0.00431053,1
308,1,0.00317388,1
308,0,0.00357798,1
203_BRANCH0_233,1,0.0127082,1
203_BRANCH0_233,0,0.00419107,1
386_BRANCH0_416,1,0.00358895,1
386_BRANCH0_416,0,0.0817404,1
386_BRANCH0_425,1,0.00368678,1
386_BRANCH0_425,0,0.00400268,1
187,1,0.00325052,1
187,0,0.00460193,1
158,1,0.00328214,1
158,0,0.0039841,1
251_BRANCH0_285,1,0.00352046,1
251_BRANCH0_285,0,0.00329973,1
184,1,0.00325495,1
184,0,0.00397565,1
285_BRANCH0_296,1,0.00367646,1
285_BRANCH0_296,0,0.00383928,1
183,1,0.00326271,1
183,0,0.00442404,1
73,1,0.00408027,1
73,0,0.00476878,1
180_BRANCH0_251,1,0.00465945,1
180_BRANCH0_251,0,0.00516395,1
263,1,0.00418223,1
263,0,0.00346214,1
180_BRANCH0_199,1,0.00552538,1
180_BRANCH0_199,0,0.00393894,1
177,1,0.00563455,1
177,0,0.00460534,1
139,1,0.00418733,1
139,0,0.00565595,1
309_BRANCH0_337,1,0.00448289,1
309_BRANCH0_337,0,0.00330075,1
227_BRANCH0_264,1,0.00389058,1
227_BRANCH0_264,0,0.00373553,1
168_BRANCH0_199,1,0.00537301,1
168_BRANCH0_199,0,0.00407586,1
174,1,0.00483653,1
174,0,0.00466331,1
34_BRANCH0_338,1,0.00958466,1
34_BRANCH0_338,0,0.00425592,1
174_BRANCH0_199,1,0.00584252,1
174_BRANCH0_199,0,0.00423798,1
171,1,0.00530252,1
171,0,0.0049707,1
95_BRANCH0_411,1,0.00427902,1
95_BRANCH0_411,0,0.00462742,1
174_BRANCH0_243,1,0.00462442,1
174_BRANCH0_243,0,0.00436807,1
224_BRANCH0_263,1,0.0040485,1
224_BRANCH0_263,0,0.00361114,1
180,1,0.00531567,1
180,0,0.00411714,1
168,1,0.00506578,1
168,0,0.00423879,1
165,1,0.00470014,1
165,0,0.00457561,1
162,1,0.00486478,1
162,0,0.00481494,1
159_BRANCH0_227,1,0.00459059,1
159_BRANCH0_227,0,0.00446651,1
21_BRANCH0_183,1,0.00434058,1
21_BRANCH0_183,0,0.00413743,1
213_BRANCH0_256,1,0.00462971,1
213_BRANCH0_256,0,0.0036265,1
4,1,0.00541243,1
4,0,0.00597383,1
154,1,0.00507783,1
154,0,0.00436004,1
159_BRANCH0_199,1,0.00530889,1
159_BRANCH0_199,0,0.00401315,1
194,1,0.00330004,1
194,0,0.00403523,1
154_BRANCH0_199,1,0.00542584,1
154_BRANCH0_199,0,0.00354283,1
151,1,0.00418276,1
151,0,0.00601914,1
47_BRANCH0_340,1,0.0073368,1
47_BRANCH0_340,0,0.00442383,1
122,1,0.00511389,1
122,0,0.00503512,1
151_BRANCH0_198,1,0.00421406,1
151_BRANCH0_198,0,0.00585151,1
1_BRANCH0_242,1,0.00397204,1
1_BRANCH0_242,0,0.00413118,1
47_BRANCH0_187,1,0.00457757,1
47_BRANCH0_187,0,0.00444768,1
150,1,0.00536266,1
150,0,0.00571441,1
147,1,0.0038648,1
147,0,0.00510499,1
147_BRANCH0_195,1,0.00479526,1
147_BRANCH0_195,0,0.00520046,1
233_BRANCH0_290,1,0.00410243,1
233_BRANCH0_290,0,0.00367834,1
146,1,0.00486882,1
146,0,0.00558025,1
360,1,0.00338922,1
360,0,0.00394798,1
171_BRANCH0_199,1,0.00539544,1
171_BRANCH0_199,0,0.00356269,1
143_BRANCH0_194,1,0.00416677,1
143_BRANCH0_194,0,0.00559254,1
255,1,0.00360946,1
255,0,0.00357161,1
139_BRANCH0_191,1,0.00422208,1
139_BRANCH0_191,0,0.00495487,1
213_BRANCH0_255,1,0.00423065,1
213_BRANCH0_255,0,0.0035531,1
79_BRANCH0_192,1,0.00416415,1
79_BRANCH0_192,0,0.00401207,1
199_BRANCH0_213,1,0.00395819,1
199_BRANCH0_213,0,0.00446298,1
340,1,0.00381578,1
340,0,0.00372185,1
348,1,0.00358237,1
348,0,0.00352888,1
135,1,0.00418787,1
135,0,0.00513134,1
213_BRANCH0_250,1,0.00443034,1
213_BRANCH0_250,0,0.00356254,1
151_BRANCH0_197,1,0.00437793,1
151_BRANCH0_197,0,0.00498179,1
360_BRANCH0_373,1,0.00373866,1
360_BRANCH0_373,0,0.026174,1
135_BRANCH0_190,1,0.0041999,1
135_BRANCH0_190,0,0.00562804,1
309_BRANCH0_332,1,0.00459781,1
309_BRANCH0_332,0,0.00347511,1
350,1,0.00358327,1
350,0,0.00337709,1
135_BRANCH0_189,1,0.00433619,1
135_BRANCH0_189,0,0.00495799,1
131,1,0.00519139,1
131,0,0.005797,1
127,1,0.00419734,1
127,0,0.00526442,1
335,1,0.00340165,1
335,0,0.00357555,1
227,1,0.00426269,1
227,0,0.0045925,1
213_BRANCH0_246,1,0.00476694,1
213_BRANCH0_246,0,0.00468471,1
79,1,0.00388233,1
79,0,0.00374592,1
177_BRANCH0_247,1,0.00476366,1
177_BRANCH0_247,0,0.00480279,1
56,1,0.204536,1
56,0,0.0946343,1
56_BRANCH0_168,1,0.00554762,1
56_BRANCH0_168,0,0.00512591,1
53,1,0.0109476,1
53,0,0.010872,1
159,1,0.00562717,1
159,0,0.00406236,1
8_BRANCH0_334,1,0.00414991,1
8_BRANCH0_334,0,0.00419132,1
53_BRANCH0_188,1,0.0040473,1
53_BRANCH0_188,0,0.00412764,1
50,1,0.00519025,1
50,0,0.00498845,1
50_BRANCH0_255,1,0.00405876,1
50_BRANCH0_255,0,0.00402829,1
227_BRANCH0_288,1,0.00383657,1
227_BRANCH0_288,0,0.00377678,1
393_BRANCH0_429,1,19.4993,0
393_BRANCH0_429,0,0.00366698,1
50_BRANCH0_134,1,0.00487672,1
50_BRANCH0_134,0,0.00519786,1
27_BRANCH0_184,1,0.0041884,1
27_BRANCH0_184,0,0.00414357,1
40,1,0.0111038,1
40,0,0.011253,1
309_BRANCH0_335,1,0.00455092,1
309_BRANCH0_335,0,0.0032294,1
73_BRANCH0_191,1,0.00437842,1
73_BRANCH0_191,0,0.00467357,1
247_BRANCH0_294,1,0.00391967,1
247_BRANCH0_294,0,0.00372653,1
37_BRANCH0_254,1,0.00478448,1
37_BRANCH0_254,0,0.00408062,1
224_BRANCH0_260,1,0.00493744,1
224_BRANCH0_260,0,0.00368328,1
239_BRANCH0_292,1,0.00390404,1
239_BRANCH0_292,0,0.00336492,1
108_BRANCH0_414,1,0.362884,1
108_BRANCH0_414,0,0.00487934,1
199_BRANCH0_203,1,0.00344461,1
199_BRANCH0_203,0,0.00411951,1
119,1,0.004682,1
119,0,0.00498228,1
258,1,0.00363121,1
258,0,0.00378903,1
177_BRANCH0_199,1,0.00550181,1
177_BRANCH0_199,0,0.00409203,1
14,1,0.00422784,1
14,0,0.00436308,1
30,1,0.00627997,1
30,0,0.00640647,1
319_BRANCH0_338,1,0.00456072,1
319_BRANCH0_338,0,0.003539,1
56_BRANCH0_399,1,0.0046128,1
56_BRANCH0_399,0,0.0045869,1
127_BRANCH0_186,1,0.00421507,1
127_BRANCH0_186,0,0.00585393,1
43_BRANCH0_393,1,0.00475829,1
43_BRANCH0_393,0,0.00466463,1
17,1,0.0058428,1
17,0,0.00498232,1
11,1,0.0042261,1
11,0,0.00487585,1
236_BRANCH0_291,1,0.00370506,1
236_BRANCH0_291,0,0.00353581,1
69_BRANCH0_404,1,0.00468049,1
69_BRANCH0_404,0,0.00459605,1
37_BRANCH0_130,1,0.00521397,1
37_BRANCH0_130,0,0.00498087,1
233,1,0.00424175,1
233,0,0.00352716,1
11_BRANCH0_122,1,0.00501169,1
11_BRANCH0_122,0,0.00539571,1
360_BRANCH0_376,1,0.0153899,1
360_BRANCH0_376,0,0.00375007,1
213_BRANCH0_257,1,0.00473003,1
213_BRANCH0_257,0,0.00354229,1
17_BRANCH0_123,1,0.00523063,1
17_BRANCH0_123,0,0.00419073,1
294,1,0.00378756,1
294,0,0.00320888,1
30_BRANCH0_127,1,0.00541204,1
30_BRANCH0_127,0,0.00425782,1
162_BRANCH0_199,1,0.00552535,1
162_BRANCH0_199,0,0.0035909,1
60,1,0.00650734,1
60,0,0.00679736,1
105_BRANCH0_196,1,0.00413074,1
105_BRANCH0_196,0,0.00417376,1
267_BRANCH0_296,1,0.00426668,1
267_BRANCH0_296,0,0.00370193,1
56_BRANCH0_135,1,0.00513312,1
56_BRANCH0_135,0,0.0043123,1
418,1,0.0040484,1
418,0,0.00383345,1
24,1,0.00495938,1
24,0,0.00481891,1
63_BRANCH0_256,1,0.00417579,1
63_BRANCH0_256,0,0.00390658,1
168_BRANCH0_236,1,0.00502345,1
168_BRANCH0_236,0,0.0037521,1
347,1,9.14101,0
347,0,0.0038025,1
60_BRANCH0_189,1,0.00465753,1
60_BRANCH0_189,0,0.00446542,1
24_BRANCH0_250,1,0.00419679,1
24_BRANCH0_250,0,0.00412064,1
127_BRANCH0_185,1,0.00484571,1
127_BRANCH0_185,0,0.00493964,1
213_BRANCH0_258,1,0.00401643,1
213_BRANCH0_258,0,0.00431772,1
256,1,0.00394058,1
256,0,0.00372226,1
34,1,0.0066812,1
34,0,0.00705172,1
259,1,12.9901,0
259,0,0.00355521,1
37,1,0.00505977,1
37,0,0.00495337,1
89_BRANCH0_146,1,0.00564882,1
89_BRANCH0_146,0,0.00556894,1
119_BRANCH0_158,1,0.00424542,1
119_BRANCH0_158,0,0.00525601,1
1,1,0.00515798,1
1,0,0.00518091,1
76_BRANCH0_257,1,0.00482297,1
76_BRANCH0_257,0,0.00408616,1
43_BRANCH0_131,1,0.0056184,1
43_BRANCH0_131,0,0.00509672,1
17_BRANCH0_381,1,0.00424194,1
17_BRANCH0_381,0,0.00449258,1
4_BRANCH0_154,1,0.00548846,1
4_BRANCH0_154,0,0.00477504,1
63,1,0.00399705,1
63,0,0.00377085,1
123,1,0.00402176,1
123,0,0.00580342,1
14_BRANCH0_371,1,0.00438842,1
14_BRANCH0_371,0,0.00440374,1
147_BRANCH0_196,1,0.00433098,1
147_BRANCH0_196,0,0.00540468,1
99_BRANCH0_346,1,0.00444847,1
99_BRANCH0_346,0,0.00422479,1
353,1,0.00361918,1
353,0,0.00348047,1
82_BRANCH0_143,1,0.00599313,1
82_BRANCH0_143,0,0.00400769,1
354,1,0.00390779,1
354,0,0.00335514,1
126,1,0.00502629,1
126,0,0.00517884,1
30_BRANCH0_162,1,0.00559995,1
30_BRANCH0_162,0,0.00552053,1
165_BRANCH0_199,1,0.00548325,1
165_BRANCH0_199,0,0.00412835,1
285_BRANCH0_343,1,0.00381052,1
285_BRANCH0_343,0,0.0171805,1
53_BRANCH0_374,1,0.00966711,1
53_BRANCH0_374,0,0.00975032,1
1_BRANCH0_118,1,0.00475366,1
1_BRANCH0_118,0,0.00511705,1
143,1,0.0039039,1
143,0,0.00523777,1
304,1,0.0034107,1
304,0,0.0037642,1
112_BRANCH0_347,1,0.00406052,1
112_BRANCH0_347,0,10.5025,0
60_BRANCH0_342,1,0.00647852,1
60_BRANCH0_342,0,0.00424399,1
330,1,0.00463644,1
330,0,0.00348794,1
86,1,0.00415744,1
86,0,0.00388948,1
243,1,0.00426526,1
243,0,0.00399388,1
17_BRANCH0_159,1,0.00566039,1
17_BRANCH0_159,0,0.00490804,1
92_BRANCH0_194,1,0.00419669,1
92_BRANCH0_194,0,0.00425636,1
43,1,0.105119,1
43,0,0.0982597,1
8_BRANCH0_157,1,0.00439881,1
8_BRANCH0_157,0,0.0045452,1
198,1,0.00351331,1
198,0,0.00403025,1
8,1,0.0039237,1
8,0,0.00385734,1
21_BRANCH0_336,1,0.00375681,1
21_BRANCH0_336,0,0.00426887,1
21,1,0.00437609,1
21,0,0.00421841,1
339,1,0.0033785,1
339,0,0.00364294,1
105,1,0.00472147,1
105,0,0.00464185,1
43_BRANCH0_165,1,0.00562795,1
43_BRANCH0_165,0,0.00504597,1
143_BRANCH0_193,1,0.00416118,1
143_BRANCH0_193,0,0.00506655,1
82,1,0.138269,1
82,0,0.0947405,1
24_BRANCH0_126,1,0.00537158,1
24_BRANCH0_126,0,0.00533509,1
92_BRANCH0_377,1,0.00408149,1
92_BRANCH0_377,0,0.00417452,1
4_BRANCH0_119,1,0.0051833,1
4_BRANCH0_119,0,0.00472542,1
260_BRANCH0_296,1,0.00424798,1
260_BRANCH0_296,0,0.00438681,1
289,1,0.00371929,1
289,0,0.00336691,1
27_BRANCH0_372,1,0.00377178,1
27_BRANCH0_372,0,0.0042163,1
407_BRANCH0_429,1,0.00470526,1
407_BRANCH0_429,0,0.00387921,1
193,1,0.00357869,1
193,0,0.00442176,1
190,1,0.00356884,1
190,0,0.00414378,1
139_BRANCH0_192,1,0.00434858,1
139_BRANCH0_192,0,0.00579807,1
306,1,0.00327551,1
306,0,0.00336961,1
404_BRANCH0_418,1,0.00373313,1
404_BRANCH0_418,0,0.00409098,1
432,1,0.00430121,1
432,0,0.00317145,1
63_BRANCH0_138,1,0.00498838,1
63_BRANCH0_138,0,0.00553006,1
47,1,0.00674129,1
47,0,0.00661128,1
105_BRANCH0_378,1,0.00473157,1
105_BRANCH0_378,0,0.00430033,1
203_BRANCH0_239,1,0.00458029,1
203_BRANCH0_239,0,0.00362145,1
102_BRANCH0_259,1,0.00448223,1
102_BRANCH0_259,0,9.02662,0
66_BRANCH0_190,1,0.00408634,1
66_BRANCH0_190,0,0.00431485,1
273_BRANCH0_335,1,0.00332745,1
273_BRANCH0_335,0,0.0172988,1
142,1,0.00503756,1
142,0,0.00577363,1
307,1,0.00333385,1
307,0,0.00384657,1
393,1,0.00366226,1
393,0,0.00326901,1
66,1,0.0108635,1
66,0,0.0111426,1
186,1,0.00366227,1
186,0,0.0080625,1
108_BRANCH0_180,1,0.00574976,1
108_BRANCH0_180,0,0.00490858,1
99_BRANCH0_195,1,0.00460341,1
99_BRANCH0_195,0,0.00454805,1
112_BRANCH0_197,1,0.00450919,1
112_BRANCH0_197,0,0.00460699,1
11_BRANCH0_246,1,0.00386584,1
11_BRANCH0_246,0,0.00439132,1
185,1,0.00350569,1
185,0,0.00465562,1
273,1,0.00383558,1
273,0,0.00333154,1
213,1,0.00484126,1
213,0,0.00375527,1
345,1,0.00378126,1
345,0,0.00393076,1
131_BRANCH0_188,1,0.0042392,1
131_BRANCH0_188,0,0.00573533,1
69_BRANCH0_171,1,0.00565828,1
69_BRANCH0_171,0,0.00529042,1
69,1,0.00777941,1
69,0,0.0076584,1
404,1,0.00403467,1
404,0,0.00369888,1
14_BRANCH0_158,1,0.00424473,1
14_BRANCH0_158,0,0.00443735,1
95,1,0.208136,1
95,0,0.0946692,1
73_BRANCH0_344,1,0.00406258,1
73_BRANCH0_344,0,0.0041849,1
99,1,0.0044371,1
99,0,0.00458314,1
162_BRANCH0_230,1,0.0049145,1
162_BRANCH0_230,0,0.00484419,1
360_BRANCH0_378,1,0.00441012,1
360_BRANCH0_378,0,0.00350626,1
76_BRANCH0_142,1,0.00567796,1
76_BRANCH0_142,0,0.00555995,1
346,1,0.00373702,1
346,0,0.00393809,1
4_BRANCH0_380,1,0.00506522,1
4_BRANCH0_380,0,0.00449666,1
92,1,0.00411577,1
92,0,0.00396751,1
82_BRANCH0_174,1,0.00569554,1
82_BRANCH0_174,0,0.00539282,1
89_BRANCH0_258,1,0.00448367,1
89_BRANCH0_258,0,0.00472279,1
381_BRANCH0_416,1,0.00376977,1
381_BRANCH0_416,0,0.0286751,1
82_BRANCH0_407,1,0.00464759,1
82_BRANCH0_407,0,0.00464258,1
301,1,0.00360083,1
301,0,0.00386527,1
86_BRANCH0_193,1,0.00458841,1
86_BRANCH0_193,0,0.00477867,1
309_BRANCH0_341,1,0.00453237,1
309_BRANCH0_341,0,0.00346535,1
89,1,0.00431143,1
89,0,0.0044264,1
260_BRANCH0_330,1,0.00408901,1
260_BRANCH0_330,0,0.0047648,1
285,1,0.00436506,1
285,0,0.00370067,1
309_BRANCH0_331,1,0.00458917,1
309_BRANCH0_331,0,0.00355406,1
251,1,0.00439563,1
251,0,0.00366804,1
386,1,0.00377513,1
386,0,0.00314114,1
95_BRANCH0_147,1,0.00468687,1
95_BRANCH0_147,0,0.00433213,1
276_BRANCH0_337,1,0.00384556,1
276_BRANCH0_337,0,0.0168185,1
102,1,0.00445115,1
102,0,0.00432346,1
379,1,33.1532,0
379,0,0.00388543,1
95_BRANCH0_177,1,0.00556628,1
95_BRANCH0_177,0,0.00516011,1
319_BRANCH0_336,1,0.0049237,1
319_BRANCH0_336,0,0.0037705,1
404_BRANCH0_416,1,0.0100553,1
404_BRANCH0_416,0,0.0293646,1
154_BRANCH0_224,1,0.00476778,1
154_BRANCH0_224,0,0.00483574,1
242,1,0.0042648,1
242,0,0.00457945,1
342,1,0.00362554,1
342,0,0.00397465,1
360_BRANCH0_377,1,0.00680611,1
360_BRANCH0_377,0,0.00335464,1
102_BRANCH0_150,1,0.00523658,1
102_BRANCH0_150,0,0.00533219,1
381_BRANCH0_432,1,0.00404979,1
381_BRANCH0_432,0,0.00442829,1
188,1,0.00359801,1
188,0,0.00421914,1
333,1,0.00354126,1
333,0,0.00367746,1
108_BRANCH0_151,1,0.00603425,1
108_BRANCH0_151,0,0.00396672,1
115_BRANCH0_198,1,0.00416763,1
115_BRANCH0_198,0,0.00443501,1
203_BRANCH0_247,1,0.00486331,1
203_BRANCH0_247,0,0.00378051,1
131_BRANCH0_187,1,0.00430623,1
131_BRANCH0_187,0,0.00495889,1
76,1,0.00408863,1
76,0,0.00368288,1
108,1,0.203827,1
108,0,0.101012,1
112,1,0.00435149,1
112,0,0.00428419,1
115_BRANCH0_379,1,0.00484928,1
115_BRANCH0_379,0,22.2256,0
319_BRANCH0_334,1,0.00454693,1
319_BRANCH0_334,0,0.00409485,1
378,1,0.00325783,1
378,0,0.00378882,1
115,1,0.00448784,1
115,0,0.00454876,1
118,1,0.0049377,1
118,0,0.00522484,1
332,1,0.00420589,1
332,0,0.00945149,1
386_BRANCH0_431,1,0.00365594,1
386_BRANCH0_431,0,0.00374638,1
119_BRANCH0_157,1,0.00436127,1
119_BRANCH0_157,0,0.00525316,1
79_BRANCH0_376,1,0.00386844,1
79_BRANCH0_376,0,0.00425651,1
393_BRANCH0_425,1,0.00381719,1
393_BRANCH0_425,0,0.00407511,1
123_BRANCH0_183,1,0.00431371,1
123_BRANCH0_183,0,0.00499746,1
165_BRANCH0_233,1,0.00513427,1
165_BRANCH0_233,0,0.0041751,1
334,1,0.00424073,1
334,0,0.00482288,1
40_BRANCH0_186,1,0.00411604,1
40_BRANCH0_186,0,0.00437606,1
422_BRANCH0_432,1,0.00399513,1
422_BRANCH0_432,0,0.00322742,1
260,1,0.00436051,1
260,0,0.00462555,1
264_BRANCH0_296,1,0.00412119,1
264_BRANCH0_296,0,0.00439649,1
300,1,0.00352209,1
300,0,0.00444642,1
264_BRANCH0_331,1,0.00405888,1
264_BRANCH0_331,0,0.00474947,1
264,1,0.0041976,1
264,0,0.00380206,1
357,1,0.00321919,1
357,0,0.00348967,1
267_BRANCH0_332,1,0.00513129,1
267_BRANCH0_332,0,0.00473328,1
267,1,0.00377864,1
267,0,0.00449312,1
270_BRANCH0_296,1,0.00408732,1
270_BRANCH0_296,0,0.00376244,1
352,1,0.00343246,1
352,0,0.00338396,1
270_BRANCH0_333,1,0.00336126,1
270_BRANCH0_333,0,0.00466466,1
425_BRANCH0_432,1,0.00421406,1
425_BRANCH0_432,0,0.00377429,1
270,1,0.00366812,1
270,0,0.00379332,1
276_BRANCH0_296,1,0.00412597,1
276_BRANCH0_296,0,0.00418217,1
276,1,0.00429033,1
276,0,0.00431471,1
309_BRANCH0_330,1,0.00455493,1
309_BRANCH0_330,0,0.00346824,1
411_BRANCH0_420,1,0.0037867,1
411_BRANCH0_420,0,0.00309782,1
279_BRANCH0_296,1,0.00408751,1
279_BRANCH0_296,0,0.00373555,1
279_BRANCH0_339,1,0.00375078,1
279_BRANCH0_339,0,0.0183418,1
279,1,0.00444613,1
279,0,0.00422502,1
282_BRANCH0_296,1,0.00447572,1
282_BRANCH0_296,0,0.00457519,1
282_BRANCH0_341,1,0.00365694,1
282_BRANCH0_341,0,0.0186109,1
282,1,0.00372705,1
282,0,0.00398058,1
288,1,0.0043429,1
288,0,0.00369705,1
290,1,0.00410514,1
290,0,0.00368424,1
291,1,0.00413494,1
291,0,0.00379341,1
292,1,0.00400826,1
292,0,0.00345623,1
293,1,0.00410589,1
293,0,0.00368185,1
295,1,0.00418133,1
295,0,0.00369411,1
296_BRANCH0_309,1,0.00356352,1
296_BRANCH0_309,0,0.00504946,1
296_BRANCH0_319,1,0.00367701,1
296_BRANCH0_319,0,0.00563398,1
296,1,0.00234075,1
296,0,0.00438254,1
302,1,0.00374854,1
302,0,0.00387009,1
303,1,0.00388578,1
303,0,0.00407949,1
305,1,0.00355728,1
305,0,0.00423398,1
309_BRANCH0_333,1,0.00521576,1
309_BRANCH0_333,0,0.00375035,1
309_BRANCH0_339,1,0.00513363,1
309_BRANCH0_339,0,0.00383777,1
399_BRANCH0_428,1,0.00763921,1
399_BRANCH0_428,0,0.00489855,1
309_BRANCH0_343,1,0.00495435,1
309_BRANCH0_343,0,0.00378836,1
319_BRANCH0_345,1,0.00557558,1
319_BRANCH0_345,0,0.00420686,1
309,1,0.00514075,1
309,0,0.00369389,1
319_BRANCH0_340,1,0.00497621,1
319_BRANCH0_340,0,0.00412273,1
319_BRANCH0_342,1,0.00562263,1
319_BRANCH0_342,0,0.00411577,1
319_BRANCH0_344,1,0.00566955,1
319_BRANCH0_344,0,0.00413593,1
319_BRANCH0_346,1,0.00540032,1
319_BRANCH0_346,0,0.00411493,1
319_BRANCH0_347,1,0.00576742,1
319_BRANCH0_347,0,10.1803,0
331,1,0.0042555,1
331,0,0.00380766,1
319,1,0.00451669,1
319,0,0.00372506,1
329,1,0.00426394,1
329,0,0.00193539,1
336,1,0.0035493,1
336,0,0.00447129,1
357_BRANCH0_360,1,0.00339176,1
357_BRANCH0_360,0,0.00376313,1
337,1,0.00346895,1
337,0,0.0034895,1
338,1,0.00376526,1
338,0,0.00430361,1
343,1,0.00342614,1
343,0,0.00382622,1
344,1,0.00381806,1
344,0,0.00381572,1
386_BRANCH0_422,1,0.00410944,1
386_BRANCH0_422,0,0.00470714,1
349,1,0.00391813,1
349,0,0.00380171,1
351,1,0.00372545,1
351,0,0.00346426,1
355,1,0.00382217,1
355,0,0.00321709,1
356,1,0.00355331,1
356,0,0.00330042,1
357_BRANCH0_370,1,0.00328461,1
357_BRANCH0_370,0,0.00371343,1
360_BRANCH0_371,1,0.00388093,1
360_BRANCH0_371,0,0.00385785,1
360_BRANCH0_372,1,0.00377548,1
360_BRANCH0_372,0,0.00369281,1
360_BRANCH0_374,1,0.00391481,1
360_BRANCH0_374,0,0.0258108,1
360_BRANCH0_375,1,0.0575389,1
360_BRANCH0_375,0,0.00357841,1
360_BRANCH0_379,1,0.125067,1
360_BRANCH0_379,0,30.4205,0
370,1,0.00328621,1
370,0,0.00316538,1
371,1,0.00443959,1
371,0,0.00373674,1
372,1,0.00377481,1
372,0,0.0031981,1
373,1,0.025339,1
373,0,0.0035296,1
374,1,0.025878,1
374,0,0.0036622,1
375,1,0.00356913,1
375,0,0.00350775,1
376,1,0.00388212,1
376,0,0.0035661,1
377,1,0.00336489,1
377,0,0.00378257,1
380,1,0.00477842,1
380,0,0.0032533,1
381_BRANCH0_430,1,0.00381482,1
381_BRANCH0_430,0,0.00350131,1
381_BRANCH0_431,1,0.00372861,1
381_BRANCH0_431,0,0.00363452,1
381,1,0.00380742,1
381,0,0.00345362,1
386_BRANCH0_429,1,0.00378343,1
386_BRANCH0_429,0,0.00426211,1
386_BRANCH0_430,1,0.00372029,1
386_BRANCH0_430,0,0.00332753,1
393_BRANCH0_416,1,0.00422228,1
393_BRANCH0_416,0,0.0324662,1
393_BRANCH0_417,1,0.00394324,1
393_BRANCH0_417,0,0.00351319,1
393_BRANCH0_428,1,0.00384994,1
393_BRANCH0_428,0,0.00413802,1
399_BRANCH0_416,1,0.0328594,1
399_BRANCH0_416,0,0.0711632,1
399_BRANCH0_425,1,0.00440072,1
399_BRANCH0_425,0,0.00455677,1
399_BRANCH0_430,1,0.00402791,1
399_BRANCH0_430,0,0.00330694,1
399,1,0.00405558,1
399,0,0.00326815,1
407_BRANCH0_416,1,0.00581852,1
407_BRANCH0_416,0,0.0322789,1
407_BRANCH0_419,1,0.00427756,1
407_BRANCH0_419,0,0.00357795,1
407,1,0.0041656,1
407,0,0.00439984,1
411,1,0.00418843,1
411,0,0.00359301,1
414,1,0.00396868,1
414,0,0.0373626,1
417,1,0.00356093,1
417,0,0.00386124,1
419,1,0.00407926,1
419,0,0.00440323,1
420,1,0.00343414,1
420,0,0.00420926,1
421,1,0.00453524,1
421,0,0.00345727,1
422_BRANCH0_430,1,0.00421541,1
422_BRANCH0_430,0,0.00355039,1
422,1,0.00401705,1
422,0,0.00363587,1
425_BRANCH0_431,1,0.00486599,1
425_BRANCH0_431,0,0.00366981,1
425,1,0.00465939,1
425,0,0.00411413,1
428,1,0.00435149,1
428,0,0.00341052,1
429,1,0.00411406,1
429,0,0.00371626,1
430,1,0.0032389,1
430,0,0.00329358,1
431,1,0.00364954,1
431,0,0.00348237,1
