0.00444451
m_BRANCH0_q,1,0.000243256,1
m_BRANCH0_q,0,0.000125201,0
m_BRANCH0_Z,1,7.638e-05,1
m_BRANCH0_Z,0,0.000116325,1
d_BRANCH0_X,1,9.2021e-05,1
d_BRANCH0_X,0,7.7225e-05,0
d_BRANCH0_r,1,8.2307e-05,1
d_BRANCH0_r,0,7.975e-05,1
X,1,7.3916e-05,0
X,0,3.5506e-05,1
m_BRANCH0_r,1,8.3808e-05,1
m_BRANCH0_r,0,8.2332e-05,1
B,1,0.000104454,1
B,0,0.000106454,1
d,1,8.5359e-05,1
d,0,0.000110178,1
d_BRANCH0_m,1,0.000110461,1
d_BRANCH0_m,0,8.2037e-05,1
s_BRANCH0_v,1,8.1425e-05,0
s_BRANCH0_v,0,9.9343e-05,1
B_BRANCH0_m,1,4.6944e-05,0
B_BRANCH0_m,0,9.2019e-05,1
B_BRANCH0_v,1,4.5992e-05,0
B_BRANCH0_v,0,9.0498e-05,1
C,1,0.000108815,1
C,0,0.000113421,1
s_BRANCH0_Y,1,8.1818e-05,0
s_BRANCH0_Y,0,7.408e-05,1
B_BRANCH0_d,1,7.5211e-05,1
B_BRANCH0_d,0,0.000102299,1
A,1,0.000101237,1
A,0,0.000101088,1
m,1,8.0243e-05,1
m,0,0.000104437,1
r_BRANCH0_s,1,8.023e-05,1
r_BRANCH0_s,0,8.0781e-05,0
Y,1,7.5532e-05,0
Y,0,7.4141e-05,1
r_BRANCH0_X,1,7.8126e-05,1
r_BRANCH0_X,0,7.6267e-05,0
Z,1,9.8777e-05,1
Z,0,8.1713e-05,1
r,1,7.9272e-05,1
r,0,7.9411e-05,0
q,1,6.6358e-05,0
q,0,6.9504e-05,1
s,1,7.9556e-05,0
s,0,7.9449e-05,1
v,1,8.0445e-05,0
v,0,9.911e-05,1
