0.00446566
m_BRANCH0_q,1,0.00023976,1
m_BRANCH0_q,0,0.000118375,0
m_BRANCH0_Z,1,9.1012e-05,1
m_BRANCH0_Z,0,0.000115275,1
d_BRANCH0_X,1,9.263e-05,1
d_BRANCH0_X,0,7.2914e-05,0
d_BRANCH0_r,1,7.9412e-05,1
d_BRANCH0_r,0,8.4281e-05,1
X,1,8.0389e-05,0
X,0,3.9279e-05,1
m_BRANCH0_r,1,7.6476e-05,1
m_BRANCH0_r,0,7.985e-05,1
B,1,0.000104118,1
B,0,0.000106299,1
d,1,8.7496e-05,1
d,0,0.000112596,1
d_BRANCH0_m,1,0.000106143,1
d_BRANCH0_m,0,7.9101e-05,1
s_BRANCH0_v,1,8.0647e-05,0
s_BRANCH0_v,0,0.000101487,1
B_BRANCH0_m,1,4.6268e-05,0
B_BRANCH0_m,0,9.1135e-05,1
B_BRANCH0_v,1,4.493e-05,0
B_BRANCH0_v,0,9.1995e-05,1
C,1,0.000106269,1
C,0,0.000110583,1
s_BRANCH0_Y,1,8.1394e-05,0
s_BRANCH0_Y,0,7.5843e-05,1
B_BRANCH0_d,1,7.613e-05,1
B_BRANCH0_d,0,0.000103791,1
A,1,0.000104623,1
A,0,0.00010291,1
m,1,8.5084e-05,1
m,0,0.000106512,1
r_BRANCH0_s,1,8.4532e-05,1
r_BRANCH0_s,0,8.2752e-05,0
Y,1,7.3649e-05,0
Y,0,7.5022e-05,1
r_BRANCH0_X,1,8.2334e-05,1
r_BRANCH0_X,0,7.9517e-05,0
Z,1,9.7954e-05,1
Z,0,8.7093e-05,1
r,1,8.3375e-05,1
r,0,7.7784e-05,0
q,1,6.3447e-05,0
q,0,7.4483e-05,1
s,1,8.0482e-05,0
s,0,7.2842e-05,1
v,1,8.1102e-05,0
v,0,9.4288e-05,1
