0.0044245
m_BRANCH0_q,1,0.000240754,1
m_BRANCH0_q,0,9.7347e-05,0
m_BRANCH0_Z,1,9.3251e-05,1
m_BRANCH0_Z,0,0.000114215,1
d_BRANCH0_X,1,8.1329e-05,1
d_BRANCH0_X,0,7.787e-05,0
d_BRANCH0_r,1,7.7314e-05,1
d_BRANCH0_r,0,7.7948e-05,1
X,1,7.4037e-05,0
X,0,3.1784e-05,1
m_BRANCH0_r,1,8.0709e-05,1
m_BRANCH0_r,0,8.1679e-05,1
B,1,0.000107527,1
B,0,0.000105594,1
d,1,8.1007e-05,1
d,0,0.000112027,1
d_BRANCH0_m,1,0.000111763,1
d_BRANCH0_m,0,8.0376e-05,1
s_BRANCH0_v,1,8.119e-05,0
s_BRANCH0_v,0,0.000104971,1
B_BRANCH0_m,1,4.4437e-05,0
B_BRANCH0_m,0,9.3562e-05,1
B_BRANCH0_v,1,4.8647e-05,0
B_BRANCH0_v,0,9.1422e-05,1
C,1,0.000110017,1
C,0,0.000105363,1
s_BRANCH0_Y,1,8.2605e-05,0
s_BRANCH0_Y,0,7.2306e-05,1
B_BRANCH0_d,1,8.0559e-05,1
B_BRANCH0_d,0,9.8011e-05,1
A,1,9.9356e-05,1
A,0,9.8877e-05,1
m,1,8.5321e-05,1
m,0,0.000114242,1
r_BRANCH0_s,1,8.3225e-05,1
r_BRANCH0_s,0,7.5804e-05,0
Y,1,7.1441e-05,0
Y,0,7.0259e-05,1
r_BRANCH0_X,1,8.0971e-05,1
r_BRANCH0_X,0,8.0504e-05,0
Z,1,0.00010199,1
Z,0,8.4618e-05,1
r,1,8.5394e-05,1
r,0,7.9369e-05,0
q,1,6.5814e-05,0
q,0,7.132e-05,1
s,1,7.9084e-05,0
s,0,7.6179e-05,1
v,1,7.9442e-05,0
v,0,0.000101667,1
