0.0052637
m_BRANCH0_q,1,0.000109038,1
m_BRANCH0_q,0,9.3743e-05,0
m_BRANCH0_Z,1,0.000114949,1
m_BRANCH0_Z,0,0.000120342,1
d_BRANCH0_X,1,8.9365e-05,1
d_BRANCH0_X,0,8.2776e-05,0
d_BRANCH0_r,1,0.000123776,1
d_BRANCH0_r,0,8.6495e-05,1
X,1,8.3988e-05,0
X,0,7.3523e-05,1
m_BRANCH0_r,1,9.2536e-05,1
m_BRANCH0_r,0,9.1793e-05,1
B,1,0.000110488,1
B,0,0.000121743,1
d,1,9.0364e-05,1
d,0,0.000117807,1
d_BRANCH0_m,1,0.000154676,1
d_BRANCH0_m,0,8.3076e-05,1
s_BRANCH0_v,1,0.000125962,0
s_BRANCH0_v,0,9.8908e-05,1
B_BRANCH0_m,1,5.4926e-05,0
B_BRANCH0_m,0,8.1092e-05,1
B_BRANCH0_v,1,5.3058e-05,0
B_BRANCH0_v,0,0.00010501,1
C,1,0.000160338,1
C,0,0.000157685,1
s_BRANCH0_Y,1,0.000128868,0
s_BRANCH0_Y,0,7.6144e-05,1
B_BRANCH0_d,1,8.6137e-05,1
B_BRANCH0_d,0,0.000115697,1
A,1,0.000112466,1
A,0,0.000113111,1
m,1,9.7075e-05,1
m,0,0.000112305,1
r_BRANCH0_s,1,8.9815e-05,1
r_BRANCH0_s,0,0.000125705,0
Y,1,0.000118515,0
Y,0,7.6355e-05,1
r_BRANCH0_X,1,0.000128769,1
r_BRANCH0_X,0,0.000123815,0
Z,1,0.000146074,1
Z,0,8.9226e-05,1
r,1,8.3294e-05,1
r,0,0.000124158,0
q,1,8.4186e-05,0
q,0,8.2711e-05,1
s,1,0.000125934,0
s,0,7.6242e-05,1
v,1,0.000126444,0
v,0,0.000143198,1
