0.00402004
16_BRANCH0_22,1,0.00014158,1
16_BRANCH0_22,0,0.000125462,1
11,1,0.000116032,1
11,0,0.000118028,1
11_BRANCH0_19,1,9.4404e-05,1
11_BRANCH0_19,0,0.000113139,1
11_BRANCH0_16,1,9.2588e-05,1
11_BRANCH0_16,0,0.000138416,1
7,1,0.000120575,1
7,0,0.000107354,1
6,1,0.000112152,1
6,0,0.000113005,1
19,1,0.000117054,1
19,0,9.0535e-05,1
3_BRANCH0_11,1,0.000110303,1
3_BRANCH0_11,0,0.000114952,1
16_BRANCH0_23,1,0.000121923,1
16_BRANCH0_23,0,8.8802e-05,1
10,1,0.000115368,1
10,0,0.000105947,1
3_BRANCH0_10,1,9.5928e-05,1
3_BRANCH0_10,0,0.000124858,1
2,1,0.000161966,1
2,0,0.000155263,1
3,1,0.000127288,1
3,0,0.000124923,1
16,1,0.000156774,1
16,0,0.000110601,1
1,1,0.000127399,1
1,0,0.00012801,1
22,1,0.000101009,1
22,0,0.000126293,1
23,1,0.000106851,1
23,0,0.000115255,1
