0.00355333
16_BRANCH0_22,1,0.000134813,1
16_BRANCH0_22,0,0.000116016,1
11,1,0.000106796,1
11,0,0.000109094,1
11_BRANCH0_19,1,8.7142e-05,1
11_BRANCH0_19,0,0.000103401,1
11_BRANCH0_16,1,8.4515e-05,1
11_BRANCH0_16,0,0.000127772,1
7,1,0.000110672,1
7,0,9.8322e-05,1
6,1,0.00011033,1
6,0,0.000103304,1
19,1,0.000107022,1
19,0,8.269e-05,1
3_BRANCH0_11,1,0.000100338,1
3_BRANCH0_11,0,0.000104932,1
16_BRANCH0_23,1,0.000110505,1
16_BRANCH0_23,0,8.2006e-05,1
10,1,0.000106069,1
10,0,8.3886e-05,1
3_BRANCH0_10,1,8.0607e-05,1
3_BRANCH0_10,0,0.000105594,1
2,1,0.000133692,1
2,0,0.000130965,1
3,1,0.000107787,1
3,0,0.000105868,1
16,1,0.000131794,1
16,0,9.4603e-05,1
1,1,0.000107121,1
1,0,0.000107706,1
22,1,8.5159e-05,1
22,0,0.00010678,1
23,1,8.9462e-05,1
23,0,9.6572e-05,1
