397.04
254,1,0.00272581,1
254,0,0.00289308,1
415,1,0.00295674,1
415,0,0.00343581,1
250,1,0.00250704,1
250,0,0.00274403,1
341,1,0.00250986,1
341,0,0.00244187,1
247,1,0.00286908,1
247,0,0.00251004,1
236_BRANCH0_273,1,0.00325854,1
236_BRANCH0_273,0,0.00309523,1
247_BRANCH0_282,1,0.00322761,1
247_BRANCH0_282,0,0.00251589,1
246,1,0.00245877,1
246,0,0.00279315,1
157,1,0.00341947,1
157,0,0.00350144,1
30_BRANCH0_386,1,0.0032623,1
30_BRANCH0_386,0,0.00315003,1
243_BRANCH0_293,1,0.00278171,1
243_BRANCH0_293,0,0.00255834,1
273_BRANCH0_296,1,0.00309422,1
273_BRANCH0_296,0,0.0028474,1
243_BRANCH0_279,1,0.00330633,1
243_BRANCH0_279,0,0.00247753,1
239,1,0.00285768,1
239,0,0.00243971,1
239_BRANCH0_276,1,0.00326564,1
239_BRANCH0_276,0,0.00245219,1
236,1,0.00283686,1
236,0,0.00319885,1
411_BRANCH0_416,1,0.621014,1
411_BRANCH0_416,0,0.0380233,1
233_BRANCH0_270,1,0.00333039,1
233_BRANCH0_270,0,0.00312706,1
230,1,0.00286394,1
230,0,0.0031938,1
199_BRANCH0_223,1,0.00235279,1
199_BRANCH0_223,0,0.00315535,1
230_BRANCH0_289,1,0.00284086,1
230_BRANCH0_289,0,0.00320137,1
230_BRANCH0_267,1,0.00329412,1
230_BRANCH0_267,0,0.00310925,1
27,1,0.0281466,1
27,0,0.0272481,1
224,1,0.0805139,1
224,0,0.00315125,1
134,1,0.00330767,1
134,0,0.00319432,1
223,1,0.0033027,1
223,0,0.00232082,1
130,1,0.00312617,1
130,0,0.00330168,1
213_BRANCH0_259,1,0.00345965,1
213_BRANCH0_259,0,11.1341,0
213_BRANCH0_254,1,0.0109626,1
213_BRANCH0_254,0,0.00257913,1
213_BRANCH0_242,1,0.08002,1
213_BRANCH0_242,0,0.00255176,1
203,1,0.00334503,1
203,0,0.0833013,1
203_BRANCH0_251,1,0.0034538,1
203_BRANCH0_251,0,0.00254687,1
191,1,0.00346215,1
191,0,0.00287394,1
203_BRANCH0_243,1,0.00339105,1
203_BRANCH0_243,0,0.00256568,1
171_BRANCH0_239,1,0.0031624,1
171_BRANCH0_239,0,0.0794234,1
416,1,0.00266324,1
416,0,0.0378653,1
251_BRANCH0_295,1,0.00301945,1
251_BRANCH0_295,0,0.00252725,1
203_BRANCH0_236,1,0.0033592,1
203_BRANCH0_236,0,0.00252744,1
203_BRANCH0_230,1,0.0201469,1
203_BRANCH0_230,0,0.00248348,1
203_BRANCH0_227,1,0.0388913,1
203_BRANCH0_227,0,0.00253,1
257,1,0.0025382,1
257,0,0.00291364,1
138,1,0.00336757,1
138,0,0.0033159,1
34_BRANCH0_185,1,0.00357491,1
34_BRANCH0_185,0,0.00372958,1
66_BRANCH0_375,1,0.0225267,1
66_BRANCH0_375,0,0.0221291,1
203_BRANCH0_224,1,0.0802066,1
203_BRANCH0_224,0,0.00254075,1
40_BRANCH0_373,1,0.022369,1
40_BRANCH0_373,0,0.0225691,1
199,1,0.0023457,1
199,0,0.00326478,1
69_BRANCH0_139,1,0.00347211,1
69_BRANCH0_139,0,0.00295066,1
86_BRANCH0_345,1,0.00431314,1
86_BRANCH0_345,0,0.00311163,1
296_BRANCH0_329,1,0.00251719,1
296_BRANCH0_329,0,0.00287244,1
197,1,0.00348079,1
197,0,0.00286147,1
196,1,0.00385093,1
196,0,0.00289802,1
123_BRANCH0_184,1,0.00375259,1
123_BRANCH0_184,0,0.00375728,1
195,1,0.00360774,1
195,0,0.00283455,1
192,1,0.00387497,1
192,0,0.00291562,1
189,1,0.00356,1
189,0,0.00280852,1
308,1,0.00263899,1
308,0,0.00256865,1
203_BRANCH0_233,1,0.0111416,1
203_BRANCH0_233,0,0.00254239,1
386_BRANCH0_416,1,0.992987,1
386_BRANCH0_416,0,0.0368927,1
386_BRANCH0_425,1,0.00290938,1
386_BRANCH0_425,0,0.00255395,1
187,1,0.00350742,1
187,0,0.00363328,1
158,1,0.00383139,1
158,0,0.00370424,1
251_BRANCH0_285,1,0.00382368,1
251_BRANCH0_285,0,0.00256865,1
184,1,0.0037357,1
184,0,0.00371848,1
285_BRANCH0_296,1,0.00266828,1
285_BRANCH0_296,0,0.0028657,1
183,1,0.00349831,1
183,0,0.00356962,1
73,1,0.00293605,1
73,0,0.00289097,1
180_BRANCH0_251,1,0.00325621,1
180_BRANCH0_251,0,0.0808014,1
263,1,0.00321361,1
263,0,0.00305904,1
180_BRANCH0_199,1,0.00330711,1
180_BRANCH0_199,0,0.00318037,1
177,1,0.00332797,1
177,0,0.00335559,1
139,1,0.0028044,1
139,0,0.00359127,1
309_BRANCH0_337,1,0.00301976,1
309_BRANCH0_337,0,0.00257949,1
227_BRANCH0_264,1,0.00331788,1
227_BRANCH0_264,0,0.00318862,1
168_BRANCH0_199,1,0.0031298,1
168_BRANCH0_199,0,0.00330212,1
174,1,0.0033008,1
174,0,0.00335627,1
34_BRANCH0_338,1,0.00894541,1
34_BRANCH0_338,0,0.00825909,1
174_BRANCH0_199,1,0.00322049,1
174_BRANCH0_199,0,0.00330287,1
171,1,0.00333611,1
171,0,0.00328456,1
95_BRANCH0_411,1,0.00325111,1
95_BRANCH0_411,0,0.0032183,1
174_BRANCH0_243,1,0.003265,1
174_BRANCH0_243,0,0.0798352,1
224_BRANCH0_263,1,0.0807123,1
224_BRANCH0_263,0,0.00327951,1
180,1,0.00339566,1
180,0,0.0032964,1
168,1,0.0032453,1
168,0,0.00351414,1
165,1,0.00350445,1
165,0,0.00349012,1
162,1,0.00348912,1
162,0,0.00351441,1
159_BRANCH0_227,1,0.00342581,1
159_BRANCH0_227,0,0.0876704,1
21_BRANCH0_183,1,0.00365017,1
21_BRANCH0_183,0,0.0036348,1
213_BRANCH0_256,1,0.00343217,1
213_BRANCH0_256,0,0.00500936,1
4,1,0.00437744,1
4,0,0.0044857,1
154,1,0.00326842,1
154,0,0.00337741,1
159_BRANCH0_199,1,0.00331046,1
159_BRANCH0_199,0,0.00323041,1
194,1,0.00378192,1
194,0,0.0029297,1
154_BRANCH0_199,1,0.00324183,1
154_BRANCH0_199,0,0.00332656,1
151,1,0.00291071,1
151,0,0.00356044,1
47_BRANCH0_340,1,0.00832776,1
47_BRANCH0_340,0,0.00826425,1
122,1,0.00352155,1
122,0,0.00336731,1
151_BRANCH0_198,1,0.00308118,1
151_BRANCH0_198,0,0.00386183,1
1_BRANCH0_242,1,0.0744417,1
1_BRANCH0_242,0,0.00290817,1
47_BRANCH0_187,1,0.00368007,1
47_BRANCH0_187,0,0.00368076,1
150,1,0.00337241,1
150,0,0.00337662,1
147,1,0.00306417,1
147,0,0.00357713,1
147_BRANCH0_195,1,0.00286867,1
147_BRANCH0_195,0,0.00358006,1
233_BRANCH0_290,1,0.00307953,1
233_BRANCH0_290,0,0.00331161,1
146,1,0.00335287,1
146,0,0.00341203,1
360,1,0.00310881,1
360,0,0.0488262,1
171_BRANCH0_199,1,0.00320047,1
171_BRANCH0_199,0,0.00336293,1
143_BRANCH0_194,1,0.0028915,1
143_BRANCH0_194,0,0.00383203,1
255,1,0.00261825,1
255,0,0.00291918,1
139_BRANCH0_191,1,0.0028503,1
139_BRANCH0_191,0,0.00352964,1
213_BRANCH0_255,1,0.00352714,1
213_BRANCH0_255,0,0.00266181,1
79_BRANCH0_192,1,0.00296541,1
79_BRANCH0_192,0,0.00291959,1
199_BRANCH0_213,1,0.00271813,1
199_BRANCH0_213,0,0.00349538,1
340,1,0.00821242,1
340,0,0.0029833,1
348,1,0.00328026,1
348,0,0.00308506,1
135,1,0.00295767,1
135,0,0.00356621,1
213_BRANCH0_250,1,0.0199757,1
213_BRANCH0_250,0,0.00263569,1
151_BRANCH0_197,1,0.00286833,1
151_BRANCH0_197,0,0.00351492,1
360_BRANCH0_373,1,2.46917,1
360_BRANCH0_373,0,0.0234186,1
135_BRANCH0_190,1,0.00285669,1
135_BRANCH0_190,0,0.00382233,1
309_BRANCH0_332,1,0.196079,1
309_BRANCH0_332,0,0.00786069,1
350,1,0.00335992,1
350,0,0.00268465,1
135_BRANCH0_189,1,0.00284839,1
135_BRANCH0_189,0,0.00352977,1
131,1,0.00299169,1
131,0,0.00357279,1
127,1,0.00372169,1
127,0,0.003598,1
335,1,0.00266475,1
335,0,0.00782945,1
227,1,0.00305028,1
227,0,0.0032747,1
213_BRANCH0_246,1,0.0391272,1
213_BRANCH0_246,0,0.00298875,1
79,1,0.00299735,1
79,0,0.0028438,1
177_BRANCH0_247,1,0.00334596,1
177_BRANCH0_247,0,0.080155,1
56,1,0.44338,1
56,0,0.437962,1
56_BRANCH0_168,1,0.00326127,1
56_BRANCH0_168,0,0.00346742,1
53,1,0.0276645,1
53,0,0.0269986,1
159,1,0.00334979,1
159,0,0.00341687,1
8_BRANCH0_334,1,0.00808809,1
8_BRANCH0_334,0,0.00814403,1
53_BRANCH0_188,1,0.00376952,1
53_BRANCH0_188,0,0.00385855,1
50,1,0.00754771,1
50,0,0.00734501,1
50_BRANCH0_255,1,0.00749625,1
50_BRANCH0_255,0,0.00301513,1
227_BRANCH0_288,1,0.00306318,1
227_BRANCH0_288,0,0.00328572,1
393_BRANCH0_429,1,29.8885,0
393_BRANCH0_429,0,0.0025347,1
50_BRANCH0_134,1,0.00340073,1
50_BRANCH0_134,0,0.00343861,1
27_BRANCH0_184,1,0.00368591,1
27_BRANCH0_184,0,0.00393688,1
40,1,0.0277145,1
40,0,0.0277906,1
309_BRANCH0_335,1,0.00308502,1
309_BRANCH0_335,0,0.00775715,1
73_BRANCH0_191,1,0.00293366,1
73_BRANCH0_191,0,0.002973,1
247_BRANCH0_294,1,0.00306724,1
247_BRANCH0_294,0,0.00263032,1
37_BRANCH0_254,1,0.0119998,1
37_BRANCH0_254,0,0.00301126,1
224_BRANCH0_260,1,0.0805847,1
224_BRANCH0_260,0,0.00320883,1
239_BRANCH0_292,1,0.00294178,1
239_BRANCH0_292,0,0.00255268,1
108_BRANCH0_414,1,6.11414,1
108_BRANCH0_414,0,0.706891,1
199_BRANCH0_203,1,0.084462,1
199_BRANCH0_203,0,0.00344545,1
119,1,0.00369452,1
119,0,0.00366951,1
258,1,0.00266145,1
258,0,0.00296926,1
177_BRANCH0_199,1,0.00318943,1
177_BRANCH0_199,0,0.00335824,1
14,1,0.0273209,1
14,0,0.0276502,1
30,1,0.00404145,1
30,0,0.00407183,1
319_BRANCH0_338,1,0.20749,1
319_BRANCH0_338,0,0.00819316,1
56_BRANCH0_399,1,0.00328113,1
56_BRANCH0_399,0,0.00329593,1
127_BRANCH0_186,1,0.00417961,1
127_BRANCH0_186,0,0.00388613,1
43_BRANCH0_393,1,0.00332769,1
43_BRANCH0_393,0,0.00336659,1
17,1,0.00419185,1
17,0,0.00431019,1
11,1,0.0388163,1
11,0,0.0386795,1
236_BRANCH0_291,1,0.00300072,1
236_BRANCH0_291,0,0.00336013,1
69_BRANCH0_404,1,0.0032892,1
69_BRANCH0_404,0,0.00336352,1
37_BRANCH0_130,1,0.00344645,1
37_BRANCH0_130,0,0.00343904,1
233,1,0.00304524,1
233,0,0.00330908,1
11_BRANCH0_122,1,0.00333677,1
11_BRANCH0_122,0,0.00341128,1
360_BRANCH0_376,1,1.73065,1
360_BRANCH0_376,0,0.00272698,1
213_BRANCH0_257,1,0.00347499,1
213_BRANCH0_257,0,0.00274169,1
17_BRANCH0_123,1,0.00363271,1
17_BRANCH0_123,0,0.00366483,1
294,1,0.0026941,1
294,0,0.00264549,1
30_BRANCH0_127,1,0.0035545,1
30_BRANCH0_127,0,0.00373235,1
162_BRANCH0_199,1,0.0032914,1
162_BRANCH0_199,0,0.00336752,1
60,1,0.00927921,1
60,0,0.00926392,1
105_BRANCH0_196,1,0.00294862,1
105_BRANCH0_196,0,0.00312443,1
267_BRANCH0_296,1,0.00321114,1
267_BRANCH0_296,0,0.00299065,1
56_BRANCH0_135,1,0.00352847,1
56_BRANCH0_135,0,0.0030098,1
418,1,0.0027399,1
418,0,0.00303641,1
24,1,0.0212291,1
24,0,0.0213506,1
63_BRANCH0_256,1,0.00305643,1
63_BRANCH0_256,0,0.00302312,1
168_BRANCH0_236,1,0.00335911,1
168_BRANCH0_236,0,0.0806258,1
347,1,22.6051,0
347,0,0.706061,1
60_BRANCH0_189,1,0.00298996,1
60_BRANCH0_189,0,0.00298142,1
24_BRANCH0_250,1,0.0210564,1
24_BRANCH0_250,0,0.00294263,1
127_BRANCH0_185,1,0.00372164,1
127_BRANCH0_185,0,0.00355257,1
213_BRANCH0_258,1,0.0035968,1
213_BRANCH0_258,0,0.00274269,1
256,1,0.00261475,1
256,0,0.00301726,1
34,1,0.00914709,1
34,0,0.00918266,1
259,1,11.0851,0
259,0,0.708812,1
37,1,0.0121277,1
37,0,0.0119525,1
89_BRANCH0_146,1,0.00339522,1
89_BRANCH0_146,0,0.00336194,1
119_BRANCH0_158,1,0.00384306,1
119_BRANCH0_158,0,0.00383826,1
1,1,0.0746347,1
1,0,0.0746312,1
76_BRANCH0_257,1,0.00324994,1
76_BRANCH0_257,0,0.00311529,1
43_BRANCH0_131,1,0.00365606,1
43_BRANCH0_131,0,0.00295317,1
17_BRANCH0_381,1,0.00327528,1
17_BRANCH0_381,0,0.00324435,1
4_BRANCH0_154,1,0.00323326,1
4_BRANCH0_154,0,0.00337566,1
63,1,0.00288003,1
63,0,0.00274956,1
123,1,0.00364362,1
123,0,0.00362774,1
14_BRANCH0_371,1,0.0221071,1
14_BRANCH0_371,0,0.0227498,1
147_BRANCH0_196,1,0.00301314,1
147_BRANCH0_196,0,0.00387055,1
99_BRANCH0_346,1,0.00337541,1
99_BRANCH0_346,0,0.00326194,1
353,1,0.00265123,1
353,0,0.00265723,1
82_BRANCH0_143,1,0.00358219,1
82_BRANCH0_143,0,0.00302492,1
354,1,0.00266481,1
354,0,0.00266937,1
126,1,0.00336634,1
126,0,0.00343954,1
30_BRANCH0_162,1,0.00334743,1
30_BRANCH0_162,0,0.00342194,1
165_BRANCH0_199,1,0.00333129,1
165_BRANCH0_199,0,0.00338811,1
285_BRANCH0_343,1,0.00257858,1
285_BRANCH0_343,0,0.620658,1
53_BRANCH0_374,1,0.0221179,1
53_BRANCH0_374,0,0.0224098,1
1_BRANCH0_118,1,0.00334384,1
1_BRANCH0_118,0,0.00345157,1
143,1,0.00304884,1
143,0,0.00361439,1
304,1,0.00270856,1
304,0,0.00334387,1
112_BRANCH0_347,1,0.0030732,1
112_BRANCH0_347,0,20.6133,0
60_BRANCH0_342,1,0.00810272,1
60_BRANCH0_342,0,0.0102168,1
330,1,0.00314186,1
330,0,0.00791639,1
86,1,0.00444505,1
86,0,0.00445555,1
243,1,0.00311644,1
243,0,0.00265055,1
17_BRANCH0_159,1,0.00327404,1
17_BRANCH0_159,0,0.00338643,1
92_BRANCH0_194,1,0.00302116,1
92_BRANCH0_194,0,0.00303494,1
43,1,0.426877,1
43,0,0.426642,1
8_BRANCH0_157,1,0.00375856,1
8_BRANCH0_157,0,0.00374165,1
198,1,0.00393342,1
198,0,0.00296992,1
8,1,0.00953129,1
8,0,0.00915428,1
21_BRANCH0_336,1,0.00819583,1
21_BRANCH0_336,0,0.0083172,1
21,1,0.0094062,1
21,0,0.00934323,1
339,1,0.00276143,1
339,0,0.00263495,1
105,1,0.00358823,1
105,0,0.00365185,1
43_BRANCH0_165,1,0.00333768,1
43_BRANCH0_165,0,0.00339538,1
143_BRANCH0_193,1,0.00300714,1
143_BRANCH0_193,0,0.00356657,1
82,1,0.433207,1
82,0,0.434598,1
24_BRANCH0_126,1,0.00346812,1
24_BRANCH0_126,0,0.00343755,1
92_BRANCH0_377,1,0.00460493,1
92_BRANCH0_377,0,0.0033269,1
4_BRANCH0_119,1,0.00363861,1
4_BRANCH0_119,0,0.00379109,1
260_BRANCH0_296,1,0.00329619,1
260_BRANCH0_296,0,0.00305018,1
289,1,0.00333812,1
289,0,0.00271212,1
27_BRANCH0_372,1,0.0221596,1
27_BRANCH0_372,0,0.0222764,1
407_BRANCH0_429,1,0.00314087,1
407_BRANCH0_429,0,0.00270804,1
193,1,0.00359743,1
193,0,0.00292544,1
190,1,0.0039407,1
190,0,0.00293701,1
139_BRANCH0_192,1,0.00304111,1
139_BRANCH0_192,0,0.00385776,1
306,1,0.00279837,1
306,0,0.00273746,1
404_BRANCH0_418,1,0.00306113,1
404_BRANCH0_418,0,0.00271967,1
432,1,0.00275291,1
432,0,0.00281505,1
63_BRANCH0_138,1,0.00340958,1
63_BRANCH0_138,0,0.00345198,1
47,1,0.00942506,1
47,0,0.00914018,1
105_BRANCH0_378,1,0.00356034,1
105_BRANCH0_378,0,0.00335719,1
203_BRANCH0_239,1,0.0036249,1
203_BRANCH0_239,0,0.00269024,1
102_BRANCH0_259,1,0.00298439,1
102_BRANCH0_259,0,11.0422,0
66_BRANCH0_190,1,0.00288252,1
66_BRANCH0_190,0,0.00297998,1
273_BRANCH0_335,1,0.00331375,1
273_BRANCH0_335,0,0.593777,1
142,1,0.00338973,1
142,0,0.00355112,1
307,1,0.00265859,1
307,0,0.00264361,1
393,1,0.00310647,1
393,0,0.00246137,1
66,1,0.0276991,1
66,0,0.0276671,1
186,1,0.00390474,1
186,0,0.00394774,1
108_BRANCH0_180,1,0.00341013,1
108_BRANCH0_180,0,0.00332964,1
99_BRANCH0_195,1,0.00304775,1
99_BRANCH0_195,0,0.00291989,1
112_BRANCH0_197,1,0.00301388,1
112_BRANCH0_197,0,0.0030098,1
11_BRANCH0_246,1,0.0396421,1
11_BRANCH0_246,0,0.00300361,1
185,1,0.00365691,1
185,0,0.00368333,1
273,1,0.00333359,1
273,0,0.0030376,1
213,1,0.00351952,1
213,0,0.00274528,1
345,1,0.00290897,1
345,0,0.00303028,1
131_BRANCH0_188,1,0.00378177,1
131_BRANCH0_188,0,0.00386151,1
69_BRANCH0_171,1,0.00340765,1
69_BRANCH0_171,0,0.00340929,1
69,1,0.00496907,1
69,0,0.00498799,1
404,1,0.00311238,1
404,0,0.00271923,1
14_BRANCH0_158,1,0.00374537,1
14_BRANCH0_158,0,0.00387459,1
95,1,0.425161,1
95,0,0.427388,1
73_BRANCH0_344,1,0.00305369,1
73_BRANCH0_344,0,0.00315371,1
99,1,0.00337287,1
99,0,0.00337464,1
162_BRANCH0_230,1,0.00339229,1
162_BRANCH0_230,0,0.0803273,1
360_BRANCH0_378,1,1.72378,1
360_BRANCH0_378,0,0.00340664,1
76_BRANCH0_142,1,0.00344939,1
76_BRANCH0_142,0,0.0034169,1
346,1,0.00303547,1
346,0,0.00304455,1
4_BRANCH0_380,1,0.0034611,1
4_BRANCH0_380,0,0.00356956,1
92,1,0.00456961,1
92,0,0.00456904,1
82_BRANCH0_174,1,0.0033452,1
82_BRANCH0_174,0,0.00340255,1
89_BRANCH0_258,1,0.00316164,1
89_BRANCH0_258,0,0.00311461,1
381_BRANCH0_416,1,2.17298,1
381_BRANCH0_416,0,0.0368374,1
82_BRANCH0_407,1,0.0033814,1
82_BRANCH0_407,0,0.00340575,1
301,1,0.00271419,1
301,0,0.00336048,1
86_BRANCH0_193,1,0.00302322,1
86_BRANCH0_193,0,0.0030199,1
309_BRANCH0_341,1,0.00320503,1
309_BRANCH0_341,0,0.00274486,1
89,1,0.002963,1
89,0,0.00298734,1
260_BRANCH0_330,1,0.00339082,1
260_BRANCH0_330,0,0.00317033,1
285,1,0.00268869,1
285,0,0.00304705,1
309_BRANCH0_331,1,0.593479,1
309_BRANCH0_331,0,0.00799208,1
251,1,0.00313941,1
251,0,0.00263108,1
386,1,0.00298885,1
386,0,0.0024456,1
95_BRANCH0_147,1,0.00351624,1
95_BRANCH0_147,0,0.00304694,1
276_BRANCH0_337,1,0.00264312,1
276_BRANCH0_337,0,0.59127,1
102,1,0.00304808,1
102,0,0.00299928,1
379,1,80.4176,0
379,0,0.707019,1
95_BRANCH0_177,1,0.00341639,1
95_BRANCH0_177,0,0.00335548,1
319_BRANCH0_336,1,0.632376,1
319_BRANCH0_336,0,0.00845971,1
404_BRANCH0_416,1,0.613924,1
404_BRANCH0_416,0,0.0368683,1
154_BRANCH0_224,1,0.00339801,1
154_BRANCH0_224,0,0.0805943,1
242,1,0.00300556,1
242,0,0.00310399,1
342,1,0.0101303,1
342,0,0.00298157,1
360_BRANCH0_377,1,1.68432,1
360_BRANCH0_377,0,0.00440082,1
102_BRANCH0_150,1,0.00348257,1
102_BRANCH0_150,0,0.00342024,1
381_BRANCH0_432,1,0.00301075,1
381_BRANCH0_432,0,0.00266634,1
188,1,0.00385213,1
188,0,0.00384031,1
333,1,0.00282676,1
333,0,0.00786994,1
108_BRANCH0_151,1,0.00365229,1
108_BRANCH0_151,0,0.00304017,1
115_BRANCH0_198,1,0.00298502,1
115_BRANCH0_198,0,0.0030458,1
203_BRANCH0_247,1,0.00367579,1
203_BRANCH0_247,0,0.00270839,1
131_BRANCH0_187,1,0.00366808,1
131_BRANCH0_187,0,0.0035711,1
76,1,0.00305025,1
76,0,0.00300658,1
108,1,2.34789,1
108,0,2.35832,1
112,1,0.00306922,1
112,0,0.00307312,1
115_BRANCH0_379,1,0.00322395,1
115_BRANCH0_379,0,48.3352,0
319_BRANCH0_334,1,0.0030047,1
319_BRANCH0_334,0,0.0104549,1
378,1,0.00335809,1
378,0,0.00303496,1
115,1,0.00329114,1
115,0,0.00320037,1
118,1,0.00352778,1
118,0,0.00338487,1
332,1,0.00279289,1
332,0,0.0079195,1
386_BRANCH0_431,1,0.00306041,1
386_BRANCH0_431,0,0.00270388,1
119_BRANCH0_157,1,0.00374287,1
119_BRANCH0_157,0,0.00364527,1
79_BRANCH0_376,1,0.00301901,1
79_BRANCH0_376,0,0.00308649,1
393_BRANCH0_425,1,0.00311988,1
393_BRANCH0_425,0,0.00266476,1
123_BRANCH0_183,1,0.00371631,1
123_BRANCH0_183,0,0.00360303,1
165_BRANCH0_233,1,0.00340708,1
165_BRANCH0_233,0,0.0797617,1
334,1,0.0083118,1
334,0,0.00268299,1
40_BRANCH0_186,1,0.00386809,1
40_BRANCH0_186,0,0.00384552,1
422_BRANCH0_432,1,0.00377203,1
422_BRANCH0_432,0,0.00277604,1
260,1,0.00330363,1
260,0,0.00304501,1
264_BRANCH0_296,1,0.00328151,1
264_BRANCH0_296,0,0.00303569,1
300,1,0.00313052,1
300,0,0.00336611,1
264_BRANCH0_331,1,0.00341025,1
264_BRANCH0_331,0,0.595649,1
264,1,0.00331552,1
264,0,0.00302111,1
357,1,0.00256105,1
357,0,0.00305303,1
267_BRANCH0_332,1,0.00336476,1
267_BRANCH0_332,0,0.591931,1
267,1,0.00327296,1
267,0,0.00304231,1
270_BRANCH0_296,1,0.00325261,1
270_BRANCH0_296,0,0.00303549,1
352,1,0.00339428,1
352,0,0.00273418,1
270_BRANCH0_333,1,0.00336814,1
270_BRANCH0_333,0,0.587875,1
425_BRANCH0_432,1,0.00272285,1
425_BRANCH0_432,0,0.00263509,1
270,1,0.00324915,1
270,0,0.003058,1
276_BRANCH0_296,1,0.00260269,1
276_BRANCH0_296,0,0.00303684,1
276,1,0.00260521,1
276,0,0.00305305,1
309_BRANCH0_330,1,0.0031136,1
309_BRANCH0_330,0,0.00784875,1
411_BRANCH0_420,1,0.00309528,1
411_BRANCH0_420,0,0.00270195,1
279_BRANCH0_296,1,0.00268198,1
279_BRANCH0_296,0,0.00303677,1
279_BRANCH0_339,1,0.00267235,1
279_BRANCH0_339,0,0.599497,1
279,1,0.00271842,1
279,0,0.00301848,1
282_BRANCH0_296,1,0.0026487,1
282_BRANCH0_296,0,0.00303464,1
282_BRANCH0_341,1,0.00267148,1
282_BRANCH0_341,0,0.600687,1
282,1,0.00277133,1
282,0,0.00303075,1
288,1,0.00334981,1
288,0,0.00273176,1
290,1,0.00337816,1
290,0,0.0027353,1
291,1,0.00336663,1
291,0,0.00273006,1
292,1,0.00261947,1
292,0,0.00269172,1
293,1,0.00269687,1
293,0,0.00270481,1
295,1,0.00268274,1
295,0,0.00270317,1
296_BRANCH0_309,1,0.00262165,1
296_BRANCH0_309,0,0.00316614,1
296_BRANCH0_319,1,0.0258588,1
296_BRANCH0_319,0,0.00314387,1
296,1,0.0025819,1
296,0,0.00301899,1
302,1,0.00268492,1
302,0,0.00336633,1
303,1,0.00275262,1
303,0,0.0033822,1
305,1,0.00273263,1
305,0,0.00262567,1
309_BRANCH0_333,1,0.034533,1
309_BRANCH0_333,0,0.0079258,1
309_BRANCH0_339,1,0.00318602,1
309_BRANCH0_339,0,0.00273034,1
399_BRANCH0_428,1,0.00302719,1
399_BRANCH0_428,0,0.00279977,1
309_BRANCH0_343,1,0.00314634,1
309_BRANCH0_343,0,0.00272106,1
319_BRANCH0_345,1,0.00315126,1
319_BRANCH0_345,0,0.00295832,1
309,1,0.00314329,1
309,0,0.00266194,1
319_BRANCH0_340,1,0.0360779,1
319_BRANCH0_340,0,0.00827305,1
319_BRANCH0_342,1,0.00318709,1
319_BRANCH0_342,0,0.0102298,1
319_BRANCH0_344,1,0.00340865,1
319_BRANCH0_344,0,0.00285011,1
319_BRANCH0_346,1,0.00325755,1
319_BRANCH0_346,0,0.00295015,1
319_BRANCH0_347,1,0.00318969,1
319_BRANCH0_347,0,23.312,0
331,1,0.00256724,1
331,0,0.00795975,1
319,1,0.00311635,1
319,0,0.0264037,1
329,1,0.00311883,1
329,0,0.00249572,1
336,1,0.00810654,1
336,0,0.0029729,1
357_BRANCH0_360,1,0.0483899,1
357_BRANCH0_360,0,0.00311706,1
337,1,0.00270429,1
337,0,0.00263395,1
338,1,0.00823115,1
338,0,0.00303071,1
343,1,0.00266847,1
343,0,0.00265965,1
344,1,0.00283658,1
344,0,0.00307878,1
386_BRANCH0_422,1,0.00313615,1
386_BRANCH0_422,0,0.00366292,1
349,1,0.00344548,1
349,0,0.00273728,1
351,1,0.00345592,1
351,0,0.00274501,1
355,1,0.00270141,1
355,0,0.00267291,1
356,1,0.00270082,1
356,0,0.00270506,1
357_BRANCH0_370,1,0.00261224,1
357_BRANCH0_370,0,0.00302117,1
360_BRANCH0_371,1,0.00310927,1
360_BRANCH0_371,0,0.0236462,1
360_BRANCH0_372,1,0.00312569,1
360_BRANCH0_372,0,0.0232496,1
360_BRANCH0_374,1,1.89449,1
360_BRANCH0_374,0,0.0235228,1
360_BRANCH0_375,1,1.73677,1
360_BRANCH0_375,0,0.0235607,1
360_BRANCH0_379,1,6.29088,1
360_BRANCH0_379,0,84.7818,0
370,1,0.00296394,1
370,0,0.00255548,1
371,1,0.0227404,1
371,0,0.00280228,1
372,1,0.0233473,1
372,0,0.00298014,1
373,1,0.0234795,1
373,0,0.00303133,1
374,1,0.0234435,1
374,0,0.00307975,1
375,1,0.0238922,1
375,0,0.00301616,1
376,1,0.0027636,1
376,0,0.00306066,1
377,1,0.00440545,1
377,0,0.00306533,1
380,1,0.00351903,1
380,0,0.00316801,1
381_BRANCH0_430,1,0.00300994,1
381_BRANCH0_430,0,0.00243705,1
381_BRANCH0_431,1,0.00290106,1
381_BRANCH0_431,0,0.00271918,1
381,1,0.00298555,1
381,0,0.00244785,1
386_BRANCH0_429,1,0.00294149,1
386_BRANCH0_429,0,0.0027277,1
386_BRANCH0_430,1,0.0029832,1
386_BRANCH0_430,0,0.00246279,1
393_BRANCH0_416,1,0.68882,1
393_BRANCH0_416,0,0.0382855,1
393_BRANCH0_417,1,0.00298845,1
393_BRANCH0_417,0,0.00246919,1
393_BRANCH0_428,1,0.00294904,1
393_BRANCH0_428,0,0.0028129,1
399_BRANCH0_416,1,0.636239,1
399_BRANCH0_416,0,0.0395183,1
399_BRANCH0_425,1,0.00302864,1
399_BRANCH0_425,0,0.00267647,1
399_BRANCH0_430,1,0.00301618,1
399_BRANCH0_430,0,0.00247602,1
399,1,0.00289987,1
399,0,0.0024735,1
407_BRANCH0_416,1,0.61659,1
407_BRANCH0_416,0,0.0380054,1
407_BRANCH0_419,1,0.00303028,1
407_BRANCH0_419,0,0.00276319,1
407,1,0.00306833,1
407,0,0.00269554,1
411,1,0.00307822,1
411,0,0.00271515,1
414,1,0.693362,1
414,0,0.0403193,1
417,1,0.0025403,1
417,0,0.00290186,1
419,1,0.00268445,1
419,0,0.00303994,1
420,1,0.0027148,1
420,0,0.00303152,1
421,1,0.0264809,1
421,0,0.00324769,1
422_BRANCH0_430,1,0.0037097,1
422_BRANCH0_430,0,0.00265042,1
422,1,0.0035837,1
422,0,0.00281868,1
425_BRANCH0_431,1,0.00300902,1
425_BRANCH0_431,0,0.00263823,1
425,1,0.00267053,1
425,0,0.00265834,1
428,1,0.00279026,1
428,0,0.00261826,1
429,1,0.0027059,1
429,0,0.00258073,1
430,1,0.00245313,1
430,0,0.00267649,1
431,1,0.0028014,1
431,0,0.00275049,1
