2177.3
254,1,0.00758658,1
254,0,0.0141349,1
415,1,0.00635269,1
415,0,0.012084,1
250,1,0.0064072,1
250,0,0.228136,1
341,1,0.00873816,1
341,0,0.00850316,1
247,1,0.00581246,1
247,0,0.00981003,1
236_BRANCH0_273,1,0.00546966,1
236_BRANCH0_273,0,0.00896169,1
247_BRANCH0_282,1,0.00548246,1
247_BRANCH0_282,0,0.00894537,1
246,1,0.00635654,1
246,0,0.00546305,1
157,1,0.00980523,1
157,0,0.00896199,1
30_BRANCH0_386,1,0.227376,1
30_BRANCH0_386,0,0.228586,1
243_BRANCH0_293,1,0.00895658,1
243_BRANCH0_293,0,0.00861166,1
273_BRANCH0_296,1,0.00983386,1
273_BRANCH0_296,0,0.00471476,1
243_BRANCH0_279,1,0.00554481,1
243_BRANCH0_279,0,0.00896286,1
239,1,0.0058528,1
239,0,0.00985021,1
239_BRANCH0_276,1,0.00548202,1
239_BRANCH0_276,0,0.0089237,1
236,1,0.00585735,1
236,0,0.00984395,1
411_BRANCH0_416,1,4.8102,1
411_BRANCH0_416,0,0.0087465,1
233_BRANCH0_270,1,0.00553394,1
233_BRANCH0_270,0,0.00892006,1
230,1,0.00586942,1
230,0,0.00991462,1
199_BRANCH0_223,1,0.00434498,1
199_BRANCH0_223,0,0.0078002,1
230_BRANCH0_289,1,0.00952583,1
230_BRANCH0_289,0,0.00910523,1
230_BRANCH0_267,1,0.00579462,1
230_BRANCH0_267,0,0.00939122,1
27,1,0.0248166,1
27,0,0.0248571,1
224,1,0.211456,1
224,0,0.00994336,1
134,1,0.00591565,1
134,0,0.00591227,1
223,1,0.00780798,1
223,0,0.00438863,1
130,1,0.0058819,1
130,0,0.00587053,1
213_BRANCH0_259,1,0.00901521,1
213_BRANCH0_259,0,93.3939,0
213_BRANCH0_254,1,0.0333897,1
213_BRANCH0_254,0,0.00642728,1
213_BRANCH0_242,1,0.217651,1
213_BRANCH0_242,0,0.00641828,1
203,1,0.00900476,1
203,0,0.00871139,1
203_BRANCH0_251,1,0.00901639,1
203_BRANCH0_251,0,0.00524538,1
191,1,0.00995236,1
191,0,0.0091001,1
203_BRANCH0_243,1,0.0114138,1
203_BRANCH0_243,0,0.0060159,1
171_BRANCH0_239,1,0.00510065,1
171_BRANCH0_239,0,0.213267,1
416,1,0.00710047,1
416,0,0.00862302,1
251_BRANCH0_295,1,0.00913111,1
251_BRANCH0_295,0,0.0087334,1
203_BRANCH0_236,1,0.0208263,1
203_BRANCH0_236,0,0.00601039,1
203_BRANCH0_230,1,0.0591219,1
203_BRANCH0_230,0,0.00600924,1
203_BRANCH0_227,1,0.110668,1
203_BRANCH0_227,0,0.00601775,1
257,1,0.00637419,1
257,0,0.017175,1
138,1,0.00597521,1
138,0,0.00588382,1
34_BRANCH0_185,1,0.00905209,1
34_BRANCH0_185,0,0.00908653,1
66_BRANCH0_375,1,0.00896686,1
66_BRANCH0_375,0,0.00900511,1
203_BRANCH0_224,1,0.214481,1
203_BRANCH0_224,0,0.005997,1
40_BRANCH0_373,1,0.00863594,1
40_BRANCH0_373,0,0.00869418,1
199,1,0.00433085,1
199,0,0.00784969,1
69_BRANCH0_139,1,0.0100183,1
69_BRANCH0_139,0,0.0101071,1
86_BRANCH0_345,1,0.00998623,1
86_BRANCH0_345,0,0.00908695,1
296_BRANCH0_329,1,0.00788364,1
296_BRANCH0_329,0,0.00475297,1
197,1,0.00999208,1
197,0,0.00924657,1
196,1,0.00867579,1
196,0,0.00882456,1
123_BRANCH0_184,1,0.00878028,1
123_BRANCH0_184,0,0.00907175,1
195,1,0.0100244,1
195,0,0.00919474,1
192,1,0.00867504,1
192,0,0.0088276,1
189,1,0.0100693,1
189,0,0.00922519,1
308,1,0.00877383,1
308,0,0.00876909,1
203_BRANCH0_233,1,0.0337149,1
203_BRANCH0_233,0,0.00605873,1
386_BRANCH0_416,1,4.80389,1
386_BRANCH0_416,0,0.00865669,1
386_BRANCH0_425,1,0.0100924,1
386_BRANCH0_425,0,0.00834772,1
187,1,0.0101362,1
187,0,0.00924277,1
158,1,0.00870937,1
158,0,0.00964255,1
251_BRANCH0_285,1,0.00636495,1
251_BRANCH0_285,0,0.00925545,1
184,1,0.00881167,1
184,0,0.0088875,1
285_BRANCH0_296,1,0.0101722,1
285_BRANCH0_296,0,0.00492154,1
183,1,0.0102305,1
183,0,0.0093895,1
73,1,0.0141021,1
73,0,0.0140885,1
180_BRANCH0_251,1,0.00528455,1
180_BRANCH0_251,0,0.214054,1
263,1,0.00871715,1
263,0,0.00930725,1
180_BRANCH0_199,1,0.00808768,1
180_BRANCH0_199,0,0.00812549,1
177,1,0.00606502,1
177,0,0.00787417,1
139,1,0.0101604,1
139,0,0.0101748,1
309_BRANCH0_337,1,0.036509,1
309_BRANCH0_337,0,0.00913908,1
227_BRANCH0_264,1,0.00561848,1
227_BRANCH0_264,0,0.0090589,1
168_BRANCH0_199,1,0.00784034,1
168_BRANCH0_199,0,0.00781922,1
174,1,0.00601521,1
174,0,0.00784347,1
34_BRANCH0_338,1,0.054446,1
34_BRANCH0_338,0,0.00913325,1
174_BRANCH0_199,1,0.00782727,1
174_BRANCH0_199,0,0.00785583,1
171,1,0.00603905,1
171,0,0.00782735,1
95_BRANCH0_411,1,0.0101205,1
95_BRANCH0_411,0,0.0102113,1
174_BRANCH0_243,1,0.00523129,1
174_BRANCH0_243,0,0.212502,1
224_BRANCH0_263,1,0.218793,1
224_BRANCH0_263,0,0.00889398,1
180,1,0.00598478,1
180,0,0.0078636,1
168,1,0.00595775,1
168,0,0.00795612,1
165,1,0.00595439,1
165,0,0.00795035,1
162,1,0.00595693,1
162,0,0.00796914,1
159_BRANCH0_227,1,0.00517095,1
159_BRANCH0_227,0,0.212555,1
21_BRANCH0_183,1,0.00921651,1
21_BRANCH0_183,0,0.00928724,1
213_BRANCH0_256,1,0.0147187,1
213_BRANCH0_256,0,0.00696264,1
4,1,0.017109,1
4,0,0.0169983,1
154,1,0.00600689,1
154,0,0.00795179,1
159_BRANCH0_199,1,0.00779487,1
159_BRANCH0_199,0,0.00793178,1
194,1,0.00877109,1
194,0,0.00890618,1
154_BRANCH0_199,1,0.00781086,1
154_BRANCH0_199,0,0.00789642,1
151,1,0.010238,1
151,0,0.0101741,1
47_BRANCH0_340,1,0.0325593,1
47_BRANCH0_340,0,0.00916697,1
122,1,0.0060462,1
122,0,0.00596453,1
151_BRANCH0_198,1,0.0088353,1
151_BRANCH0_198,0,0.00917007,1
1_BRANCH0_242,1,0.215138,1
1_BRANCH0_242,0,0.00642022,1
47_BRANCH0_187,1,0.00942112,1
47_BRANCH0_187,0,0.00925053,1
150,1,0.00605651,1
150,0,0.00597599,1
147,1,0.01021,1
147,0,0.010124,1
147_BRANCH0_195,1,0.00929819,1
147_BRANCH0_195,0,0.0105223,1
233_BRANCH0_290,1,0.00927596,1
233_BRANCH0_290,0,0.00878429,1
146,1,0.0060405,1
146,0,0.00592588,1
360,1,0.00908867,1
360,0,0.00847838,1
171_BRANCH0_199,1,0.00780908,1
171_BRANCH0_199,0,0.00810065,1
143_BRANCH0_194,1,0.00891241,1
143_BRANCH0_194,0,0.0091867,1
255,1,0.00660471,1
255,0,0.16265,1
139_BRANCH0_191,1,0.00916745,1
139_BRANCH0_191,0,0.0107845,1
213_BRANCH0_255,1,0.0212265,1
213_BRANCH0_255,0,0.00650501,1
79_BRANCH0_192,1,0.00894154,1
79_BRANCH0_192,0,0.00881291,1
199_BRANCH0_213,1,0.00934464,1
199_BRANCH0_213,0,0.00923395,1
340,1,0.00920152,1
340,0,0.0623439,1
348,1,0.00878787,1
348,0,0.00903412,1
135,1,0.0101884,1
135,0,0.0102198,1
213_BRANCH0_250,1,0.0596928,1
213_BRANCH0_250,0,0.00653188,1
151_BRANCH0_197,1,0.0098547,1
151_BRANCH0_197,0,0.0105891,1
360_BRANCH0_373,1,1.49081,1
360_BRANCH0_373,0,0.0151,1
135_BRANCH0_190,1,0.00876806,1
135_BRANCH0_190,0,0.00919344,1
309_BRANCH0_332,1,0.850457,1
309_BRANCH0_332,0,0.00932197,1
350,1,0.00889402,1
350,0,0.00917522,1
135_BRANCH0_189,1,0.00919755,1
135_BRANCH0_189,0,0.0106039,1
131,1,0.0103652,1
131,0,0.0101329,1
127,1,0.0102301,1
127,0,0.0101111,1
335,1,0.00906,1
335,0,0.00881872,1
227,1,0.00602278,1
227,0,0.0100937,1
213_BRANCH0_246,1,0.111935,1
213_BRANCH0_246,0,0.00654331,1
79,1,0.00910313,1
79,0,0.00905422,1
177_BRANCH0_247,1,0.00524864,1
177_BRANCH0_247,0,0.213277,1
56,1,0.00753881,1
56,0,0.00755474,1
56_BRANCH0_168,1,0.00789455,1
56_BRANCH0_168,0,0.00609159,1
53,1,0.00912944,1
53,0,0.00908159,1
159,1,0.00602016,1
159,0,0.00801922,1
8_BRANCH0_334,1,0.178686,1
8_BRANCH0_334,0,0.00937597,1
53_BRANCH0_188,1,0.0089529,1
53_BRANCH0_188,0,0.00894965,1
50,1,0.0215688,1
50,0,0.0215884,1
50_BRANCH0_255,1,0.0162721,1
50_BRANCH0_255,0,0.00647316,1
227_BRANCH0_288,1,0.00929979,1
227_BRANCH0_288,0,0.00885483,1
393_BRANCH0_429,1,197.917,0
393_BRANCH0_429,0,0.00846927,1
50_BRANCH0_134,1,0.00650178,1
50_BRANCH0_134,0,0.00598088,1
27_BRANCH0_184,1,0.00888399,1
27_BRANCH0_184,0,0.00885897,1
40,1,0.00887052,1
40,0,0.00882157,1
309_BRANCH0_335,1,0.0991499,1
309_BRANCH0_335,0,0.00925692,1
73_BRANCH0_191,1,0.0092729,1
73_BRANCH0_191,0,0.00923239,1
247_BRANCH0_294,1,0.00936361,1
247_BRANCH0_294,0,0.00892329,1
37_BRANCH0_254,1,0.0320809,1
37_BRANCH0_254,0,0.00651532,1
224_BRANCH0_260,1,0.213703,1
224_BRANCH0_260,0,0.00929509,1
239_BRANCH0_292,1,0.00927133,1
239_BRANCH0_292,0,0.008887,1
108_BRANCH0_414,1,37.8752,1
108_BRANCH0_414,0,4.90928,1
199_BRANCH0_203,1,0.00894754,1
199_BRANCH0_203,0,0.00920205,1
119,1,0.010258,1
119,0,0.0101892,1
258,1,0.00660439,1
258,0,0.0101766,1
177_BRANCH0_199,1,0.00793855,1
177_BRANCH0_199,0,0.00793293,1
14,1,0.0360388,1
14,0,0.0360103,1
30,1,0.0105307,1
30,0,0.010652,1
319_BRANCH0_338,1,1.35601,1
319_BRANCH0_338,0,0.00929067,1
56_BRANCH0_399,1,0.162861,1
56_BRANCH0_399,0,0.163573,1
127_BRANCH0_186,1,0.00891788,1
127_BRANCH0_186,0,0.00923493,1
43_BRANCH0_393,1,0.0624279,1
43_BRANCH0_393,0,0.0624462,1
17,1,0.00760404,1
17,0,0.00757857,1
11,1,0.11477,1
11,0,0.114122,1
236_BRANCH0_291,1,0.0093784,1
236_BRANCH0_291,0,0.00890163,1
69_BRANCH0_404,1,0.0102773,1
69_BRANCH0_404,0,0.0111813,1
37_BRANCH0_130,1,0.00691502,1
37_BRANCH0_130,0,0.00642011,1
233,1,0.00631993,1
233,0,0.0109596,1
11_BRANCH0_122,1,0.00653383,1
11_BRANCH0_122,0,0.00686995,1
360_BRANCH0_376,1,0.0173459,1
360_BRANCH0_376,0,0.00986267,1
213_BRANCH0_257,1,0.0121522,1
213_BRANCH0_257,0,0.00681558,1
17_BRANCH0_123,1,0.0104274,1
17_BRANCH0_123,0,0.010555,1
294,1,0.00911708,1
294,0,0.00907945,1
30_BRANCH0_127,1,0.0103543,1
30_BRANCH0_127,0,0.0105801,1
162_BRANCH0_199,1,0.00803721,1
162_BRANCH0_199,0,0.00818223,1
60,1,0.0198258,1
60,0,0.0198482,1
105_BRANCH0_196,1,0.00915883,1
105_BRANCH0_196,0,0.00888919,1
267_BRANCH0_296,1,0.0102595,1
267_BRANCH0_296,0,0.00494541,1
56_BRANCH0_135,1,0.0107615,1
56_BRANCH0_135,0,0.0114662,1
418,1,0.00979081,1
418,0,0.0114289,1
24,1,0.0594264,1
24,0,0.057763,1
63_BRANCH0_256,1,0.0104593,1
63_BRANCH0_256,0,0.00656672,1
168_BRANCH0_236,1,0.0052445,1
168_BRANCH0_236,0,0.219819,1
347,1,166.25,0
347,0,4.91833,1
60_BRANCH0_189,1,0.00929212,1
60_BRANCH0_189,0,0.00934255,1
24_BRANCH0_250,1,0.0573738,1
24_BRANCH0_250,0,0.00657441,1
127_BRANCH0_185,1,0.00929251,1
127_BRANCH0_185,0,0.0106998,1
213_BRANCH0_258,1,0.0102801,1
213_BRANCH0_258,0,0.00658559,1
256,1,0.006657,1
256,0,0.0102901,1
34,1,0.0540214,1
34,0,0.0539228,1
259,1,94.0878,0
259,0,4.93663,1
37,1,0.0353199,1
37,0,0.0353473,1
89_BRANCH0_146,1,0.00603712,1
89_BRANCH0_146,0,0.00625423,1
119_BRANCH0_158,1,0.0089956,1
119_BRANCH0_158,0,0.00930383,1
1,1,0.21603,1
1,0,0.21572,1
76_BRANCH0_257,1,0.00713228,1
76_BRANCH0_257,0,0.00655408,1
43_BRANCH0_131,1,0.0102603,1
43_BRANCH0_131,0,0.0104027,1
17_BRANCH0_381,1,0.00569427,1
17_BRANCH0_381,0,0.00569808,1
4_BRANCH0_154,1,0.0078199,1
4_BRANCH0_154,0,0.00613758,1
63,1,0.0141727,1
63,0,0.0141767,1
123,1,0.0107793,1
123,0,0.0103698,1
14_BRANCH0_371,1,0.0358891,1
14_BRANCH0_371,0,0.00890087,1
147_BRANCH0_196,1,0.00910654,1
147_BRANCH0_196,0,0.00924434,1
99_BRANCH0_346,1,0.00892558,1
99_BRANCH0_346,0,0.00931202,1
353,1,0.00894574,1
353,0,0.00915689,1
82_BRANCH0_143,1,0.0102235,1
82_BRANCH0_143,0,0.0104204,1
354,1,0.00897573,1
354,0,0.00919809,1
126,1,0.00615481,1
126,0,0.00602505,1
30_BRANCH0_162,1,0.00799251,1
30_BRANCH0_162,0,0.00615583,1
165_BRANCH0_199,1,0.00800928,1
165_BRANCH0_199,0,0.00809952,1
285_BRANCH0_343,1,0.00848704,1
285_BRANCH0_343,0,2.58076,1
53_BRANCH0_374,1,0.00927799,1
53_BRANCH0_374,0,0.00909062,1
1_BRANCH0_118,1,0.00611673,1
1_BRANCH0_118,0,0.00608958,1
143,1,0.0104037,1
143,0,0.0102728,1
304,1,0.00907571,1
304,0,0.00898847,1
112_BRANCH0_347,1,0.00846531,1
112_BRANCH0_347,0,151.824,0
60_BRANCH0_342,1,0.0190691,1
60_BRANCH0_342,0,0.00969167,1
330,1,0.00705762,1
330,0,0.00925904,1
86,1,0.0112689,1
86,0,0.011399,1
243,1,0.00643456,1
243,0,0.0106616,1
17_BRANCH0_159,1,0.00847523,1
17_BRANCH0_159,0,0.00651751,1
92_BRANCH0_194,1,0.00927804,1
92_BRANCH0_194,0,0.0095506,1
43,1,0.00817646,1
43,0,0.00805323,1
8_BRANCH0_157,1,0.00980284,1
8_BRANCH0_157,0,0.00992248,1
198,1,0.00952349,1
198,0,0.00944355,1
8,1,0.181508,1
8,0,0.181425,1
21_BRANCH0_336,1,0.0989277,1
21_BRANCH0_336,0,0.0101301,1
21,1,0.101236,1
21,0,0.100977,1
339,1,0.00955228,1
339,0,0.00933019,1
105,1,0.00950805,1
105,0,0.00970703,1
43_BRANCH0_165,1,0.00846092,1
43_BRANCH0_165,0,0.00649837,1
143_BRANCH0_193,1,0.00990208,1
143_BRANCH0_193,0,0.0113675,1
82,1,0.00818396,1
82,0,0.0081056,1
24_BRANCH0_126,1,0.00644811,1
24_BRANCH0_126,0,0.00638801,1
92_BRANCH0_377,1,0.00970634,1
92_BRANCH0_377,0,0.00989833,1
4_BRANCH0_119,1,0.0107664,1
4_BRANCH0_119,0,0.0108403,1
260_BRANCH0_296,1,0.0105708,1
260_BRANCH0_296,0,0.00520274,1
289,1,0.00923979,1
289,0,0.0094142,1
27_BRANCH0_372,1,0.0234053,1
27_BRANCH0_372,0,0.00937989,1
407_BRANCH0_429,1,0.0118147,1
407_BRANCH0_429,0,0.00924156,1
193,1,0.0108394,1
193,0,0.00995711,1
190,1,0.00938507,1
190,0,0.00942195,1
139_BRANCH0_192,1,0.0095146,1
139_BRANCH0_192,0,0.00979816,1
306,1,0.00954767,1
306,0,0.0095487,1
404_BRANCH0_418,1,0.010939,1
404_BRANCH0_418,0,0.00935034,1
432,1,0.00895519,1
432,0,0.00945345,1
63_BRANCH0_138,1,0.00640618,1
63_BRANCH0_138,0,0.00646219,1
47,1,0.0345039,1
47,0,0.0345627,1
105_BRANCH0_378,1,0.0095717,1
105_BRANCH0_378,0,0.00955252,1
203_BRANCH0_239,1,0.0156758,1
203_BRANCH0_239,0,0.00651808,1
102_BRANCH0_259,1,0.00545906,1
102_BRANCH0_259,0,94.6435,0
66_BRANCH0_190,1,0.00936933,1
66_BRANCH0_190,0,0.00950431,1
273_BRANCH0_335,1,0.00884982,1
273_BRANCH0_335,0,2.6252,1
142,1,0.00655881,1
142,0,0.00655572,1
307,1,0.00938726,1
307,0,0.00951163,1
393,1,0.0641665,1
393,0,0.0093958,1
66,1,0.00980389,1
66,0,0.0098074,1
186,1,0.00942327,1
186,0,0.00936288,1
108_BRANCH0_180,1,0.00852374,1
108_BRANCH0_180,0,0.00631244,1
99_BRANCH0_195,1,0.010136,1
99_BRANCH0_195,0,0.00992808,1
112_BRANCH0_197,1,0.00997071,1
112_BRANCH0_197,0,0.0100558,1
11_BRANCH0_246,1,0.112578,1
11_BRANCH0_246,0,0.00701366,1
185,1,0.0108901,1
185,0,0.00985713,1
273,1,0.00983496,1
273,0,0.00514286,1
213,1,0.0100732,1
213,0,0.00988707,1
345,1,0.0102226,1
345,0,0.0194583,1
131_BRANCH0_188,1,0.0101723,1
131_BRANCH0_188,0,0.0103497,1
69_BRANCH0_171,1,0.00881301,1
69_BRANCH0_171,0,0.00663233,1
69,1,0.008705,1
69,0,0.00864411,1
404,1,0.0113187,1
404,0,0.00943308,1
14_BRANCH0_158,1,0.00934644,1
14_BRANCH0_158,0,0.00976422,1
95,1,0.00817382,1
95,0,0.00811707,1
73_BRANCH0_344,1,0.0140633,1
73_BRANCH0_344,0,0.00998117,1
99,1,0.0103886,1
99,0,0.0103581,1
162_BRANCH0_230,1,0.00560421,1
162_BRANCH0_230,0,0.228219,1
360_BRANCH0_378,1,0.0119444,1
360_BRANCH0_378,0,0.00927806,1
76_BRANCH0_142,1,0.00646417,1
76_BRANCH0_142,0,0.00642397,1
346,1,0.00997231,1
346,0,0.0107719,1
4_BRANCH0_380,1,0.011269,1
4_BRANCH0_380,0,0.0130141,1
92,1,0.00957265,1
92,0,0.00962348,1
82_BRANCH0_174,1,0.00860379,1
82_BRANCH0_174,0,0.00660469,1
89_BRANCH0_258,1,0.00616336,1
89_BRANCH0_258,0,0.00688083,1
381_BRANCH0_416,1,4.8437,1
381_BRANCH0_416,0,0.00903459,1
82_BRANCH0_407,1,0.0177087,1
82_BRANCH0_407,0,0.0178093,1
301,1,0.00909416,1
301,0,0.00906291,1
86_BRANCH0_193,1,0.00945154,1
86_BRANCH0_193,0,0.00940194,1
309_BRANCH0_341,1,0.0091488,1
309_BRANCH0_341,0,0.00943363,1
89,1,0.00713474,1
89,0,0.00714303,1
260_BRANCH0_330,1,0.0085976,1
260_BRANCH0_330,0,0.00549656,1
285,1,0.00999311,1
285,0,0.00505365,1
309_BRANCH0_331,1,2.5702,1
309_BRANCH0_331,0,0.00947831,1
251,1,0.0061911,1
251,0,0.0103507,1
386,1,0.231354,1
386,0,0.00853435,1
95_BRANCH0_147,1,0.0103127,1
95_BRANCH0_147,0,0.0104822,1
276_BRANCH0_337,1,0.00868285,1
276_BRANCH0_337,0,2.5797,1
102,1,0.00455229,1
102,0,0.00433618,1
379,1,393.118,0
379,0,4.94382,1
95_BRANCH0_177,1,0.00851097,1
95_BRANCH0_177,0,0.00651244,1
319_BRANCH0_336,1,4.13543,1
319_BRANCH0_336,0,0.00947493,1
404_BRANCH0_416,1,4.90131,1
404_BRANCH0_416,0,0.00950332,1
154_BRANCH0_224,1,0.00569735,1
154_BRANCH0_224,0,0.22103,1
242,1,0.00698516,1
242,0,0.0135997,1
342,1,0.00991221,1
342,0,0.167683,1
360_BRANCH0_377,1,0.00982557,1
360_BRANCH0_377,0,0.00949765,1
102_BRANCH0_150,1,0.00642078,1
102_BRANCH0_150,0,0.00652932,1
381_BRANCH0_432,1,0.0117819,1
381_BRANCH0_432,0,0.00920522,1
188,1,0.0095917,1
188,0,0.00963251,1
333,1,0.0100444,1
333,0,0.00968176,1
108_BRANCH0_151,1,0.010988,1
108_BRANCH0_151,0,0.011326,1
115_BRANCH0_198,1,0.00974972,1
115_BRANCH0_198,0,0.00984891,1
203_BRANCH0_247,1,0.0107038,1
203_BRANCH0_247,0,0.00678784,1
131_BRANCH0_187,1,0.00983767,1
131_BRANCH0_187,0,0.0116149,1
76,1,0.0106984,1
76,0,0.0105193,1
108,1,10.0594,1
108,0,9.98737,1
112,1,0.00820564,1
112,0,0.00810984,1
115_BRANCH0_379,1,0.00951524,1
115_BRANCH0_379,0,208.146,0
319_BRANCH0_334,1,0.00764469,1
319_BRANCH0_334,0,0.0100365,1
378,1,0.0091926,1
378,0,0.0109844,1
115,1,0.00993516,1
115,0,0.0100205,1
118,1,0.00646401,1
118,0,0.00678206,1
332,1,0.00983193,1
332,0,0.00948012,1
386_BRANCH0_431,1,0.00833345,1
386_BRANCH0_431,0,0.00899831,1
119_BRANCH0_157,1,0.00980201,1
119_BRANCH0_157,0,0.011356,1
79_BRANCH0_376,1,0.0099179,1
79_BRANCH0_376,0,0.00972015,1
393_BRANCH0_425,1,0.0108632,1
393_BRANCH0_425,0,0.00915347,1
123_BRANCH0_183,1,0.00971701,1
123_BRANCH0_183,0,0.0112434,1
165_BRANCH0_233,1,0.005755,1
165_BRANCH0_233,0,0.223231,1
334,1,0.00992358,1
334,0,0.00799922,1
40_BRANCH0_186,1,0.00955472,1
40_BRANCH0_186,0,0.00972487,1
422_BRANCH0_432,1,0.00929884,1
422_BRANCH0_432,0,0.00964686,1
260,1,0.00990583,1
260,0,0.0052372,1
264_BRANCH0_296,1,0.0108715,1
264_BRANCH0_296,0,0.00531862,1
300,1,0.00998339,1
300,0,0.00997923,1
264_BRANCH0_331,1,0.00914176,1
264_BRANCH0_331,0,2.63423,1
264,1,0.00946828,1
264,0,0.00506707,1
357,1,0.00854237,1
357,0,0.00932725,1
267_BRANCH0_332,1,0.00858333,1
267_BRANCH0_332,0,2.59133,1
267,1,0.0095264,1
267,0,0.00504096,1
270_BRANCH0_296,1,0.0103448,1
270_BRANCH0_296,0,0.00506814,1
352,1,0.00898995,1
352,0,0.00932455,1
270_BRANCH0_333,1,0.00873324,1
270_BRANCH0_333,0,2.59266,1
425_BRANCH0_432,1,0.0087254,1
425_BRANCH0_432,0,0.00912246,1
270,1,0.00943339,1
270,0,0.00507852,1
276_BRANCH0_296,1,0.0103471,1
276_BRANCH0_296,0,0.00507756,1
276,1,0.00937486,1
276,0,0.00507833,1
309_BRANCH0_330,1,0.00541265,1
309_BRANCH0_330,0,0.009492,1
411_BRANCH0_420,1,0.0104769,1
411_BRANCH0_420,0,0.00885512,1
279_BRANCH0_296,1,0.0103794,1
279_BRANCH0_296,0,0.0050713,1
279_BRANCH0_339,1,0.00854934,1
279_BRANCH0_339,0,2.59376,1
279,1,0.00948235,1
279,0,0.00506974,1
282_BRANCH0_296,1,0.0103474,1
282_BRANCH0_296,0,0.00509342,1
282_BRANCH0_341,1,0.00851327,1
282_BRANCH0_341,0,2.59522,1
282,1,0.00949218,1
282,0,0.00507975,1
288,1,0.00905311,1
288,0,0.00911839,1
290,1,0.00913329,1
290,0,0.00909849,1
291,1,0.00914131,1
291,0,0.00917334,1
292,1,0.00919504,1
292,0,0.00910666,1
293,1,0.00929351,1
293,0,0.0091377,1
295,1,0.00914563,1
295,0,0.00907593,1
296_BRANCH0_309,1,0.00914629,1
296_BRANCH0_309,0,0.00547478,1
296_BRANCH0_319,1,0.00910579,1
296_BRANCH0_319,0,0.462194,1
296,1,0.00825632,1
296,0,0.004978,1
302,1,0.00909608,1
302,0,0.00913858,1
303,1,0.00909604,1
303,0,0.0091377,1
305,1,0.00911358,1
305,0,0.00913408,1
309_BRANCH0_333,1,0.292276,1
309_BRANCH0_333,0,0.00950582,1
309_BRANCH0_339,1,0.0162249,1
309_BRANCH0_339,0,0.00959755,1
399_BRANCH0_428,1,0.0105994,1
399_BRANCH0_428,0,0.00929971,1
309_BRANCH0_343,1,0.00674344,1
309_BRANCH0_343,0,0.00868311,1
319_BRANCH0_345,1,0.0225049,1
319_BRANCH0_345,0,0.00953305,1
309,1,0.00547292,1
309,0,0.00916332,1
319_BRANCH0_340,1,0.462497,1
319_BRANCH0_340,0,0.00951299,1
319_BRANCH0_342,1,0.157827,1
319_BRANCH0_342,0,0.00952373,1
319_BRANCH0_344,1,0.0563469,1
319_BRANCH0_344,0,0.00952883,1
319_BRANCH0_346,1,0.0112071,1
319_BRANCH0_346,0,0.00958971,1
319_BRANCH0_347,1,0.00782671,1
319_BRANCH0_347,0,170.627,0
331,1,0.00917251,1
331,0,0.00909205,1
319,1,0.470913,1
319,0,0.00980301,1
329,1,0.00534651,1
329,0,0.00870443,1
336,1,0.0100543,1
336,0,0.00616579,1
357_BRANCH0_360,1,0.00908039,1
357_BRANCH0_360,0,0.00986561,1
337,1,0.00990216,1
337,0,0.00954101,1
338,1,0.0100141,1
338,0,0.237718,1
343,1,0.00974428,1
343,0,0.00964792,1
344,1,0.00997303,1
344,0,0.0110652,1
386_BRANCH0_422,1,0.00762624,1
386_BRANCH0_422,0,0.00903842,1
349,1,0.00968362,1
349,0,0.010098,1
351,1,0.00990893,1
351,0,0.00987307,1
355,1,0.00960461,1
355,0,0.00991732,1
356,1,0.00967418,1
356,0,0.00992275,1
357_BRANCH0_370,1,0.00925994,1
357_BRANCH0_370,0,0.00993369,1
360_BRANCH0_371,1,0.00997616,1
360_BRANCH0_371,0,0.00923768,1
360_BRANCH0_372,1,7.7343,1
360_BRANCH0_372,0,0.00872087,1
360_BRANCH0_374,1,0.274607,1
360_BRANCH0_374,0,0.0122477,1
360_BRANCH0_375,1,0.0532116,1
360_BRANCH0_375,0,0.0105807,1
360_BRANCH0_379,1,34.7201,1
360_BRANCH0_379,0,399.115,0
370,1,0.00952196,1
370,0,0.00889623,1
371,1,0.00919151,1
371,0,0.00929252,1
372,1,0.00929991,1
372,0,0.00625551,1
373,1,0.00901465,1
373,0,0.23554,1
374,1,0.00914297,1
374,0,0.0646909,1
375,1,0.00934283,1
375,0,0.166813,1
376,1,0.00921011,1
376,0,0.0108077,1
377,1,0.00931924,1
377,0,0.0181644,1
380,1,0.0130244,1
380,0,0.00690649,1
381_BRANCH0_430,1,0.00903253,1
381_BRANCH0_430,0,0.00896808,1
381_BRANCH0_431,1,0.00958183,1
381_BRANCH0_431,0,0.00889627,1
381,1,0.00599717,1
381,0,0.00874491,1
386_BRANCH0_429,1,0.0106993,1
386_BRANCH0_429,0,0.0089017,1
386_BRANCH0_430,1,0.00723715,1
386_BRANCH0_430,0,0.0089361,1
393_BRANCH0_416,1,4.94088,1
393_BRANCH0_416,0,0.0094098,1
393_BRANCH0_417,1,0.00739034,1
393_BRANCH0_417,0,0.00896492,1
393_BRANCH0_428,1,0.0107139,1
393_BRANCH0_428,0,0.00941276,1
399_BRANCH0_416,1,4.90441,1
399_BRANCH0_416,0,0.00958618,1
399_BRANCH0_425,1,0.0109024,1
399_BRANCH0_425,0,0.00912801,1
399_BRANCH0_430,1,0.00900211,1
399_BRANCH0_430,0,0.00915415,1
399,1,0.166504,1
399,0,0.00941552,1
407_BRANCH0_416,1,4.90944,1
407_BRANCH0_416,0,0.00943805,1
407_BRANCH0_419,1,0.0108587,1
407_BRANCH0_419,0,0.00982619,1
407,1,0.0183221,1
407,0,0.00948063,1
411,1,0.0107832,1
411,0,0.00910742,1
414,1,5.00593,1
414,0,0.00946876,1
417,1,0.00906502,1
417,0,0.00732018,1
419,1,0.00962852,1
419,0,0.0108556,1
420,1,0.0091649,1
420,0,0.010711,1
421,1,0.00935439,1
421,0,0.00692349,1
422_BRANCH0_430,1,0.00889718,1
422_BRANCH0_430,0,0.00934205,1
422,1,0.00892105,1
422,0,0.00937147,1
425_BRANCH0_431,1,0.00896552,1
425_BRANCH0_431,0,0.00932716,1
425,1,0.00898971,1
425,0,0.00946349,1
428,1,0.00952702,1
428,0,0.00936678,1
429,1,0.00893509,1
429,0,0.00930753,1
430,1,0.00908914,1
430,0,0.00514563,1
431,1,0.00886736,1
431,0,0.00931055,1
