0.00293459
16_BRANCH0_22,1,0.000183552,1
16_BRANCH0_22,0,7.7795e-05,1
11,1,0.000103161,1
11,0,0.000101795,1
11_BRANCH0_19,1,8.2095e-05,1
11_BRANCH0_19,0,8.5127e-05,1
11_BRANCH0_16,1,7.6251e-05,1
11_BRANCH0_16,0,6.364e-05,1
7,1,7.9922e-05,1
7,0,0.000146458,1
6,1,9.3981e-05,1
6,0,0.000100566,1
19,1,8.1271e-05,1
19,0,6.0104e-05,1
3_BRANCH0_11,1,9.7188e-05,1
3_BRANCH0_11,0,0.000102763,1
16_BRANCH0_23,1,8.3886e-05,1
16_BRANCH0_23,0,9.2574e-05,1
10,1,7.8976e-05,1
10,0,5.7261e-05,1
3_BRANCH0_10,1,7.4069e-05,1
3_BRANCH0_10,0,6.8419e-05,1
2,1,6.9106e-05,1
2,0,7.4006e-05,1
3,1,0.000123569,1
3,0,0.000115836,1
16,1,8.0548e-05,1
16,0,7.8455e-05,1
1,1,7.3122e-05,1
1,0,6.7478e-05,1
22,1,5.7536e-05,1
22,0,5.4401e-05,1
23,1,9.3597e-05,1
23,0,5.6083e-05,1
