0.00160883
16_BRANCH0_22,1,0.000137938,1
16_BRANCH0_22,0,4.5378e-05,1
11,1,6.1045e-05,1
11,0,4.428e-05,1
11_BRANCH0_19,1,3.395e-05,1
11_BRANCH0_19,0,4.3071e-05,1
11_BRANCH0_16,1,3.2718e-05,1
11_BRANCH0_16,0,3.1698e-05,1
7,1,5.5032e-05,1
7,0,5.3284e-05,1
6,1,5.6117e-05,1
6,0,5.3402e-05,1
19,1,4.544e-05,1
19,0,3.281e-05,1
3_BRANCH0_11,1,5.3567e-05,1
3_BRANCH0_11,0,5.4376e-05,1
16_BRANCH0_23,1,5.4519e-05,1
16_BRANCH0_23,0,5.3128e-05,1
10,1,5.541e-05,1
10,0,3.8601e-05,1
3_BRANCH0_10,1,4.9057e-05,1
3_BRANCH0_10,0,3.1751e-05,1
2,1,2.9072e-05,1
2,0,2.9609e-05,1
3,1,5.3445e-05,1
3,0,5.4665e-05,1
16,1,3.324e-05,1
16,0,5.2392e-05,1
1,1,3.0796e-05,1
1,0,2.7285e-05,1
22,1,2.8266e-05,1
22,0,2.835e-05,1
23,1,5.1331e-05,1
23,0,7.3805e-05,1
