119.726
254,1,0.00319106,1
254,0,0.00318623,1
415,1,0.0034084,1
415,0,0.00253552,1
250,1,0.00341626,1
250,0,0.0032634,1
341,1,0.00330537,1
341,0,0.0017494,1
247,1,0.00196482,1
247,0,0.00201927,1
236_BRANCH0_273,1,0.0024141,1
236_BRANCH0_273,0,0.00265258,1
247_BRANCH0_282,1,0.00316756,1
247_BRANCH0_282,0,0.00248846,1
246,1,0.00402629,1
246,0,0.00420879,1
157,1,0.0019298,1
157,0,0.00262197,1
30_BRANCH0_386,1,0.00272841,1
30_BRANCH0_386,0,0.00294783,1
243_BRANCH0_293,1,0.00225706,1
243_BRANCH0_293,0,0.00192833,1
273_BRANCH0_296,1,0.00205985,1
273_BRANCH0_296,0,0.00214868,1
243_BRANCH0_279,1,0.0022648,1
243_BRANCH0_279,0,0.00194504,1
239,1,0.00205963,1
239,0,0.00198346,1
239_BRANCH0_276,1,0.00217746,1
239_BRANCH0_276,0,0.00190033,1
236,1,0.00216696,1
236,0,0.00203975,1
411_BRANCH0_416,1,0.00388442,1
411_BRANCH0_416,0,1.44033,1
233_BRANCH0_270,1,0.00214741,1
233_BRANCH0_270,0,0.00237261,1
230,1,0.00213223,1
230,0,0.00201171,1
199_BRANCH0_223,1,0.00119546,1
199_BRANCH0_223,0,0.00199869,1
230_BRANCH0_289,1,0.00202095,1
230_BRANCH0_289,0,0.00187956,1
230_BRANCH0_267,1,0.00236162,1
230_BRANCH0_267,0,0.00220993,1
27,1,0.00196167,1
27,0,0.0020713,1
224,1,0.00219966,1
224,0,0.00251431,1
134,1,0.00211781,1
134,0,0.00198894,1
223,1,0.00176428,1
223,0,0.0010787,1
130,1,0.00186124,1
130,0,0.00206872,1
213_BRANCH0_259,1,0.00205337,1
213_BRANCH0_259,0,4.64898,0
213_BRANCH0_254,1,0.00189709,1
213_BRANCH0_254,0,0.0036376,1
213_BRANCH0_242,1,0.00208079,1
213_BRANCH0_242,0,0.0037168,1
203,1,0.00217853,1
203,0,0.00255633,1
203_BRANCH0_251,1,0.00270286,1
203_BRANCH0_251,0,0.0018684,1
191,1,0.00318855,1
191,0,0.00321381,1
203_BRANCH0_243,1,0.00310498,1
203_BRANCH0_243,0,0.00171227,1
171_BRANCH0_239,1,0.00242764,1
171_BRANCH0_239,0,0.00265153,1
416,1,0.00277747,1
416,0,1.35119,1
251_BRANCH0_295,1,0.00214212,1
251_BRANCH0_295,0,0.00196808,1
203_BRANCH0_236,1,0.00210593,1
203_BRANCH0_236,0,0.00181829,1
203_BRANCH0_230,1,0.00246187,1
203_BRANCH0_230,0,0.00222009,1
203_BRANCH0_227,1,0.00263714,1
203_BRANCH0_227,0,0.0028821,1
257,1,0.00388216,1
257,0,0.00363904,1
138,1,0.00218655,1
138,0,0.00208828,1
34_BRANCH0_185,1,0.00337841,1
34_BRANCH0_185,0,0.0030483,1
66_BRANCH0_375,1,0.0296202,1
66_BRANCH0_375,0,0.00365908,1
203_BRANCH0_224,1,0.00222012,1
203_BRANCH0_224,0,0.00269894,1
40_BRANCH0_373,1,0.00198833,1
40_BRANCH0_373,0,0.00265634,1
199,1,0.00178488,1
199,0,0.00175066,1
69_BRANCH0_139,1,0.00309306,1
69_BRANCH0_139,0,0.00227561,1
86_BRANCH0_345,1,0.00391651,1
86_BRANCH0_345,0,0.00256891,1
296_BRANCH0_329,1,0.00165863,1
296_BRANCH0_329,0,0.00247069,1
197,1,0.00301083,1
197,0,0.00347956,1
196,1,0.00217309,1
196,0,0.00245584,1
123_BRANCH0_184,1,0.00237802,1
123_BRANCH0_184,0,0.00372124,1
195,1,0.00301337,1
195,0,0.00344014,1
192,1,0.00217064,1
192,0,0.00250951,1
189,1,0.00329433,1
189,0,0.00341318,1
308,1,0.00275369,1
308,0,0.00196607,1
203_BRANCH0_233,1,0.00317912,1
203_BRANCH0_233,0,0.00193466,1
386_BRANCH0_416,1,0.00325543,1
386_BRANCH0_416,0,1.35234,1
386_BRANCH0_425,1,0.00391841,1
386_BRANCH0_425,0,0.00347971,1
187,1,0.00307301,1
187,0,0.00323611,1
158,1,0.00195149,1
158,0,0.0022799,1
251_BRANCH0_285,1,0.00241708,1
251_BRANCH0_285,0,0.00274082,1
184,1,0.00195473,1
184,0,0.00227067,1
285_BRANCH0_296,1,0.00274799,1
285_BRANCH0_296,0,0.00242723,1
183,1,0.0031512,1
183,0,0.00345391,1
73,1,0.00927104,1
73,0,0.00933269,1
180_BRANCH0_251,1,0.00268901,1
180_BRANCH0_251,0,0.00319563,1
263,1,0.00223026,1
263,0,0.00214245,1
180_BRANCH0_199,1,0.0021133,1
180_BRANCH0_199,0,0.0016724,1
177,1,0.00197497,1
177,0,0.00181537,1
139,1,0.00210156,1
139,0,0.00318007,1
309_BRANCH0_337,1,0.00277115,1
309_BRANCH0_337,0,0.0018668,1
227_BRANCH0_264,1,0.00230097,1
227_BRANCH0_264,0,0.003285,1
168_BRANCH0_199,1,0.00264612,1
168_BRANCH0_199,0,0.00152187,1
174,1,0.00204159,1
174,0,0.00158676,1
34_BRANCH0_338,1,0.00209982,1
34_BRANCH0_338,0,0.00249388,1
174_BRANCH0_199,1,0.00214748,1
174_BRANCH0_199,0,0.00190608,1
171,1,0.00218405,1
171,0,0.0018359,1
95_BRANCH0_411,1,0.00345854,1
95_BRANCH0_411,0,0.00380314,1
174_BRANCH0_243,1,0.00264604,1
174_BRANCH0_243,0,0.00255942,1
224_BRANCH0_263,1,0.00250083,1
224_BRANCH0_263,0,0.0021877,1
180,1,0.00219718,1
180,0,0.00172625,1
168,1,0.00204845,1
168,0,0.00178981,1
165,1,0.00202993,1
165,0,0.00177223,1
162,1,0.00209441,1
162,0,0.00161823,1
159_BRANCH0_227,1,0.00272279,1
159_BRANCH0_227,0,0.00262796,1
21_BRANCH0_183,1,0.00346589,1
21_BRANCH0_183,0,0.00339288,1
213_BRANCH0_256,1,0.00208073,1
213_BRANCH0_256,0,0.0033794,1
4,1,0.00205187,1
4,0,0.00178602,1
154,1,0.0020207,1
154,0,0.00188742,1
159_BRANCH0_199,1,0.00216799,1
159_BRANCH0_199,0,0.00189102,1
194,1,0.0020672,1
194,0,0.00244589,1
154_BRANCH0_199,1,0.00256046,1
154_BRANCH0_199,0,0.00170437,1
151,1,0.00212369,1
151,0,0.00337597,1
47_BRANCH0_340,1,0.0660806,1
47_BRANCH0_340,0,0.00264944,1
122,1,0.00211075,1
122,0,0.00205874,1
151_BRANCH0_198,1,0.0022708,1
151_BRANCH0_198,0,0.00324146,1
1_BRANCH0_242,1,0.00223192,1
1_BRANCH0_242,0,0.00334236,1
47_BRANCH0_187,1,0.0033973,1
47_BRANCH0_187,0,0.00350173,1
150,1,0.00213006,1
150,0,0.00203915,1
147,1,0.00206537,1
147,0,0.00327621,1
147_BRANCH0_195,1,0.00293043,1
147_BRANCH0_195,0,0.00332697,1
233_BRANCH0_290,1,0.00219999,1
233_BRANCH0_290,0,0.00182723,1
146,1,0.00218167,1
146,0,0.0020967,1
360,1,0.00334855,1
360,0,0.00476737,1
171_BRANCH0_199,1,0.00216372,1
171_BRANCH0_199,0,0.00173793,1
143_BRANCH0_194,1,0.00226786,1
143_BRANCH0_194,0,0.0034966,1
255,1,0.00349583,1
255,0,0.00334478,1
139_BRANCH0_191,1,0.00349602,1
139_BRANCH0_191,0,0.00339077,1
213_BRANCH0_255,1,0.00241633,1
213_BRANCH0_255,0,0.0040102,1
79_BRANCH0_192,1,0.00252368,1
79_BRANCH0_192,0,0.00259479,1
199_BRANCH0_213,1,0.00359474,1
199_BRANCH0_213,0,0.00260403,1
340,1,0.00241374,1
340,0,0.00346801,1
348,1,0.00186399,1
348,0,0.00263966,1
135,1,0.00223142,1
135,0,0.00336872,1
213_BRANCH0_250,1,0.00225966,1
213_BRANCH0_250,0,0.00309169,1
151_BRANCH0_197,1,0.00355757,1
151_BRANCH0_197,0,0.00356236,1
360_BRANCH0_373,1,0.00315656,1
360_BRANCH0_373,0,0.00201893,1
135_BRANCH0_190,1,0.00242318,1
135_BRANCH0_190,0,0.00369659,1
309_BRANCH0_332,1,0.00335478,1
309_BRANCH0_332,0,0.00195515,1
350,1,0.00180402,1
350,0,0.00268444,1
135_BRANCH0_189,1,0.00302517,1
135_BRANCH0_189,0,0.00344088,1
131,1,0.00265426,1
131,0,0.00317077,1
127,1,0.00261187,1
127,0,0.00342706,1
335,1,0.00333139,1
335,0,0.00183023,1
227,1,0.00206578,1
227,0,0.00238072,1
213_BRANCH0_246,1,0.0024834,1
213_BRANCH0_246,0,0.0021405,1
79,1,0.0092323,1
79,0,0.00917754,1
177_BRANCH0_247,1,0.00284238,1
177_BRANCH0_247,0,0.00277073,1
56,1,0.00214533,1
56,0,0.00216353,1
56_BRANCH0_168,1,0.00221282,1
56_BRANCH0_168,0,0.00210565,1
53,1,0.108114,1
53,0,0.103993,1
159,1,0.00202302,1
159,0,0.00166512,1
8_BRANCH0_334,1,0.00230534,1
8_BRANCH0_334,0,0.00243935,1
53_BRANCH0_188,1,0.00255479,1
53_BRANCH0_188,0,0.00250523,1
50,1,0.00245119,1
50,0,0.00256966,1
50_BRANCH0_255,1,0.00406146,1
50_BRANCH0_255,0,0.00374333,1
227_BRANCH0_288,1,0.00212894,1
227_BRANCH0_288,0,0.00196229,1
393_BRANCH0_429,1,9.18533,0
393_BRANCH0_429,0,0.00267083,1
50_BRANCH0_134,1,0.00210694,1
50_BRANCH0_134,0,0.0021446,1
27_BRANCH0_184,1,0.00225359,1
27_BRANCH0_184,0,0.00226433,1
40,1,0.00230056,1
40,0,0.00215372,1
309_BRANCH0_335,1,0.00282389,1
309_BRANCH0_335,0,0.0018758,1
73_BRANCH0_191,1,0.00316445,1
73_BRANCH0_191,0,0.00315773,1
247_BRANCH0_294,1,0.00222904,1
247_BRANCH0_294,0,0.00194432,1
37_BRANCH0_254,1,0.00398167,1
37_BRANCH0_254,0,0.00362521,1
224_BRANCH0_260,1,0.00231628,1
224_BRANCH0_260,0,0.00200365,1
239_BRANCH0_292,1,0.00217682,1
239_BRANCH0_292,0,0.00189894,1
108_BRANCH0_414,1,0.00333819,1
108_BRANCH0_414,0,0.00339182,1
199_BRANCH0_203,1,0.00249653,1
199_BRANCH0_203,0,0.00217684,1
119,1,0.00265017,1
119,0,0.00311468,1
258,1,0.00329395,1
258,0,0.00323162,1
177_BRANCH0_199,1,0.00209762,1
177_BRANCH0_199,0,0.00179884,1
14,1,0.00236728,1
14,0,0.00245581,1
30,1,0.00195866,1
30,0,0.00202284,1
319_BRANCH0_338,1,0.00257663,1
319_BRANCH0_338,0,0.00190137,1
56_BRANCH0_399,1,0.00285759,1
56_BRANCH0_399,0,0.00381133,1
127_BRANCH0_186,1,0.00252274,1
127_BRANCH0_186,0,0.00353714,1
43_BRANCH0_393,1,0.00296933,1
43_BRANCH0_393,0,0.00409198,1
17,1,0.0022118,1
17,0,0.00212918,1
11,1,0.00203159,1
11,0,0.0018312,1
236_BRANCH0_291,1,0.00199696,1
236_BRANCH0_291,0,0.00192632,1
69_BRANCH0_404,1,0.00326046,1
69_BRANCH0_404,0,0.00337597,1
37_BRANCH0_130,1,0.0023705,1
37_BRANCH0_130,0,0.0020881,1
233,1,0.00198299,1
233,0,0.0019228,1
11_BRANCH0_122,1,0.00219443,1
11_BRANCH0_122,0,0.00211922,1
360_BRANCH0_376,1,0.00383451,1
360_BRANCH0_376,0,0.00889524,1
213_BRANCH0_257,1,0.00214549,1
213_BRANCH0_257,0,0.00381504,1
17_BRANCH0_123,1,0.00319024,1
17_BRANCH0_123,0,0.00216692,1
294,1,0.00206587,1
294,0,0.00275669,1
30_BRANCH0_127,1,0.00303383,1
30_BRANCH0_127,0,0.00257574,1
162_BRANCH0_199,1,0.00219875,1
162_BRANCH0_199,0,0.00181965,1
60,1,0.0237214,1
60,0,0.0238519,1
105_BRANCH0_196,1,0.00255371,1
105_BRANCH0_196,0,0.00246342,1
267_BRANCH0_296,1,0.00285566,1
267_BRANCH0_296,0,0.00237191,1
56_BRANCH0_135,1,0.00316867,1
56_BRANCH0_135,0,0.00229737,1
418,1,0.00258871,1
418,0,0.0032167,1
24,1,0.00213977,1
24,0,0.00196486,1
63_BRANCH0_256,1,0.00392324,1
63_BRANCH0_256,0,0.00369377,1
168_BRANCH0_236,1,0.00250677,1
168_BRANCH0_236,0,0.00302612,1
347,1,6.96764,0
347,0,0.00370076,1
60_BRANCH0_189,1,0.00346854,1
60_BRANCH0_189,0,0.00342843,1
24_BRANCH0_250,1,0.00388423,1
24_BRANCH0_250,0,0.00380735,1
127_BRANCH0_185,1,0.00337596,1
127_BRANCH0_185,0,0.00343221,1
213_BRANCH0_258,1,0.00207567,1
213_BRANCH0_258,0,0.00385526,1
256,1,0.00381774,1
256,0,0.00343807,1
34,1,0.00240071,1
34,0,0.00260526,1
259,1,4.82106,0
259,0,0.0037616,1
37,1,0.00216506,1
37,0,0.00229676,1
89_BRANCH0_146,1,0.00229949,1
89_BRANCH0_146,0,0.002338,1
119_BRANCH0_158,1,0.00228524,1
119_BRANCH0_158,0,0.00329011,1
1,1,0.00237469,1
1,0,0.00238476,1
76_BRANCH0_257,1,0.00394077,1
76_BRANCH0_257,0,0.00372568,1
43_BRANCH0_131,1,0.00282498,1
43_BRANCH0_131,0,0.00217648,1
17_BRANCH0_381,1,0.00326673,1
17_BRANCH0_381,0,0.00346468,1
4_BRANCH0_154,1,0.00259974,1
4_BRANCH0_154,0,0.00215167,1
63,1,0.00246513,1
63,0,0.00230035,1
123,1,0.00253988,1
123,0,0.00329257,1
14_BRANCH0_371,1,0.00308537,1
14_BRANCH0_371,0,0.00322638,1
147_BRANCH0_196,1,0.00241945,1
147_BRANCH0_196,0,0.00373381,1
99_BRANCH0_346,1,0.00279305,1
99_BRANCH0_346,0,0.00282136,1
353,1,0.00188354,1
353,0,0.00263492,1
82_BRANCH0_143,1,0.003447,1
82_BRANCH0_143,0,0.0022596,1
354,1,0.00197838,1
354,0,0.00289984,1
126,1,0.00224166,1
126,0,0.00209646,1
30_BRANCH0_162,1,0.00242069,1
30_BRANCH0_162,0,0.00202593,1
165_BRANCH0_199,1,0.00262166,1
165_BRANCH0_199,0,0.00172528,1
285_BRANCH0_343,1,0.00180932,1
285_BRANCH0_343,0,0.00241749,1
53_BRANCH0_374,1,0.0990401,1
53_BRANCH0_374,0,0.00204698,1
1_BRANCH0_118,1,0.00234766,1
1_BRANCH0_118,0,0.00218776,1
143,1,0.00224195,1
143,0,0.00323066,1
304,1,0.00261008,1
304,0,0.00200692,1
112_BRANCH0_347,1,0.00232779,1
112_BRANCH0_347,0,6.58173,0
60_BRANCH0_342,1,0.0212245,1
60_BRANCH0_342,0,0.00261481,1
330,1,0.00331698,1
330,0,0.00192119,1
86,1,0.00395776,1
86,0,0.00394874,1
243,1,0.00231793,1
243,0,0.00209139,1
17_BRANCH0_159,1,0.00260736,1
17_BRANCH0_159,0,0.00216363,1
92_BRANCH0_194,1,0.00258083,1
92_BRANCH0_194,0,0.00249244,1
43,1,0.00215344,1
43,0,0.00201838,1
8_BRANCH0_157,1,0.00239257,1
8_BRANCH0_157,0,0.0024595,1
198,1,0.00224536,1
198,0,0.0025849,1
8,1,0.00237792,1
8,0,0.00234375,1
21_BRANCH0_336,1,0.00235132,1
21_BRANCH0_336,0,0.00249257,1
21,1,0.00232669,1
21,0,0.00231289,1
339,1,0.00336697,1
339,0,0.00209974,1
105,1,0.00347526,1
105,0,0.00342356,1
43_BRANCH0_165,1,0.00285047,1
43_BRANCH0_165,0,0.00232983,1
143_BRANCH0_193,1,0.003372,1
143_BRANCH0_193,0,0.00344518,1
82,1,0.00234647,1
82,0,0.00245299,1
24_BRANCH0_126,1,0.00230375,1
24_BRANCH0_126,0,0.00221104,1
92_BRANCH0_377,1,0.00514257,1
92_BRANCH0_377,0,0.00366127,1
4_BRANCH0_119,1,0.00334921,1
4_BRANCH0_119,0,0.00283117,1
260_BRANCH0_296,1,0.00225032,1
260_BRANCH0_296,0,0.00303577,1
289,1,0.00192959,1
289,0,0.00240639,1
27_BRANCH0_372,1,0.00219818,1
27_BRANCH0_372,0,0.00277448,1
407_BRANCH0_429,1,0.00359155,1
407_BRANCH0_429,0,0.0030223,1
193,1,0.00336068,1
193,0,0.00307148,1
190,1,0.00225467,1
190,0,0.00247696,1
139_BRANCH0_192,1,0.00266237,1
139_BRANCH0_192,0,0.00369701,1
306,1,0.00313152,1
306,0,0.00197661,1
404_BRANCH0_418,1,0.00378662,1
404_BRANCH0_418,0,0.00242742,1
432,1,0.00339265,1
432,0,0.00271579,1
63_BRANCH0_138,1,0.00226381,1
63_BRANCH0_138,0,0.00214968,1
47,1,0.0714433,1
47,0,0.0709315,1
105_BRANCH0_378,1,0.00316936,1
105_BRANCH0_378,0,0.00246668,1
203_BRANCH0_239,1,0.00309325,1
203_BRANCH0_239,0,0.00206256,1
102_BRANCH0_259,1,0.0039928,1
102_BRANCH0_259,0,4.67519,0
66_BRANCH0_190,1,0.00248405,1
66_BRANCH0_190,0,0.00273191,1
273_BRANCH0_335,1,0.00218511,1
273_BRANCH0_335,0,0.00305616,1
142,1,0.00216666,1
142,0,0.00216588,1
307,1,0.0024116,1
307,0,0.00201696,1
393,1,0.00328711,1
393,0,0.0025642,1
66,1,0.0270641,1
66,0,0.0272266,1
186,1,0.00213064,1
186,0,0.00253009,1
108_BRANCH0_180,1,0.00224016,1
108_BRANCH0_180,0,0.00225413,1
99_BRANCH0_195,1,0.00316463,1
99_BRANCH0_195,0,0.00347502,1
112_BRANCH0_197,1,0.00341834,1
112_BRANCH0_197,0,0.00340727,1
11_BRANCH0_246,1,0.00394109,1
11_BRANCH0_246,0,0.00357315,1
185,1,0.00341327,1
185,0,0.00331667,1
273,1,0.0025084,1
273,0,0.00235,1
213,1,0.00251934,1
213,0,0.00365078,1
345,1,0.00237107,1
345,0,0.00385508,1
131_BRANCH0_188,1,0.00252178,1
131_BRANCH0_188,0,0.0036725,1
69_BRANCH0_171,1,0.00242577,1
69_BRANCH0_171,0,0.0022975,1
69,1,0.00247663,1
69,0,0.00237514,1
404,1,0.00407583,1
404,0,0.00227624,1
14_BRANCH0_158,1,0.0024712,1
14_BRANCH0_158,0,0.00229727,1
95,1,0.00224286,1
95,0,0.00219205,1
73_BRANCH0_344,1,0.00872853,1
73_BRANCH0_344,0,0.00251321,1
99,1,0.00283782,1
99,0,0.00234494,1
162_BRANCH0_230,1,0.00249962,1
162_BRANCH0_230,0,0.00259239,1
360_BRANCH0_378,1,0.00378605,1
360_BRANCH0_378,0,0.00194274,1
76_BRANCH0_142,1,0.00215881,1
76_BRANCH0_142,0,0.00237167,1
346,1,0.00217532,1
346,0,0.00384473,1
4_BRANCH0_380,1,0.00224527,1
4_BRANCH0_380,0,0.00225244,1
92,1,0.00486495,1
92,0,0.0049587,1
82_BRANCH0_174,1,0.00224122,1
82_BRANCH0_174,0,0.00217811,1
89_BRANCH0_258,1,0.00409965,1
89_BRANCH0_258,0,0.00372424,1
381_BRANCH0_416,1,0.00399583,1
381_BRANCH0_416,0,1.29473,1
82_BRANCH0_407,1,0.00351648,1
82_BRANCH0_407,0,0.00448115,1
301,1,0.00213633,1
301,0,0.00230632,1
86_BRANCH0_193,1,0.00350843,1
86_BRANCH0_193,0,0.00315025,1
309_BRANCH0_341,1,0.00335668,1
309_BRANCH0_341,0,0.0019308,1
89,1,0.00302992,1
89,0,0.00276044,1
260_BRANCH0_330,1,0.00223563,1
260_BRANCH0_330,0,0.00347056,1
285,1,0.00230658,1
285,0,0.00193208,1
309_BRANCH0_331,1,0.00328793,1
309_BRANCH0_331,0,0.0019374,1
251,1,0.00222636,1
251,0,0.00191969,1
386,1,0.00332972,1
386,0,0.00308912,1
95_BRANCH0_147,1,0.00335112,1
95_BRANCH0_147,0,0.00229821,1
276_BRANCH0_337,1,0.0020588,1
276_BRANCH0_337,0,0.00275331,1
102,1,0.00315052,1
102,0,0.00321646,1
379,1,22.5889,0
379,0,0.0032739,1
95_BRANCH0_177,1,0.00273366,1
95_BRANCH0_177,0,0.00220255,1
319_BRANCH0_336,1,0.00196329,1
319_BRANCH0_336,0,0.00204416,1
404_BRANCH0_416,1,0.00337543,1
404_BRANCH0_416,0,1.37634,1
154_BRANCH0_224,1,0.00285666,1
154_BRANCH0_224,0,0.00250058,1
242,1,0.00322013,1
242,0,0.00183476,1
342,1,0.00196645,1
342,0,0.00325965,1
360_BRANCH0_377,1,0.00332457,1
360_BRANCH0_377,0,0.00199427,1
102_BRANCH0_150,1,0.00225413,1
102_BRANCH0_150,0,0.00221354,1
381_BRANCH0_432,1,0.00411788,1
381_BRANCH0_432,0,0.00345837,1
188,1,0.00217545,1
188,0,0.0025893,1
333,1,0.00230022,1
333,0,0.00196981,1
108_BRANCH0_151,1,0.00321888,1
108_BRANCH0_151,0,0.00239115,1
115_BRANCH0_198,1,0.00272431,1
115_BRANCH0_198,0,0.00273543,1
203_BRANCH0_247,1,0.00255659,1
203_BRANCH0_247,0,0.0019507,1
131_BRANCH0_187,1,0.00280561,1
131_BRANCH0_187,0,0.0037097,1
76,1,0.00292544,1
76,0,0.00269557,1
108,1,0.00254102,1
108,0,0.00232912,1
112,1,0.00273509,1
112,0,0.00258865,1
115_BRANCH0_379,1,0.00298408,1
115_BRANCH0_379,0,14.2355,0
319_BRANCH0_334,1,0.003018,1
319_BRANCH0_334,0,0.00262468,1
378,1,0.00173745,1
378,0,0.00328655,1
115,1,0.00280464,1
115,0,0.00305685,1
118,1,0.00252014,1
118,0,0.00228672,1
332,1,0.00324384,1
332,0,0.00183621,1
386_BRANCH0_431,1,0.00320264,1
386_BRANCH0_431,0,0.00289596,1
119_BRANCH0_157,1,0.00242699,1
119_BRANCH0_157,0,0.00350788,1
79_BRANCH0_376,1,0.00871192,1
79_BRANCH0_376,0,0.00268299,1
393_BRANCH0_425,1,0.00336581,1
393_BRANCH0_425,0,0.00331179,1
123_BRANCH0_183,1,0.00344973,1
123_BRANCH0_183,0,0.00345897,1
165_BRANCH0_233,1,0.00263987,1
165_BRANCH0_233,0,0.00321403,1
334,1,0.00276552,1
334,0,0.00195696,1
40_BRANCH0_186,1,0.00233773,1
40_BRANCH0_186,0,0.00258925,1
422_BRANCH0_432,1,0.00348468,1
422_BRANCH0_432,0,0.00256748,1
260,1,0.00221679,1
260,0,0.00225792,1
264_BRANCH0_296,1,0.00266156,1
264_BRANCH0_296,0,0.00254119,1
300,1,0.0022436,1
300,0,0.00219936,1
264_BRANCH0_331,1,0.00222817,1
264_BRANCH0_331,0,0.00327187,1
264,1,0.00300095,1
264,0,0.00222913,1
357,1,0.00171378,1
357,0,0.00311808,1
267_BRANCH0_332,1,0.00177906,1
267_BRANCH0_332,0,0.00316695,1
267,1,0.00229194,1
267,0,0.00214383,1
270_BRANCH0_296,1,0.00246289,1
270_BRANCH0_296,0,0.00235876,1
352,1,0.00202201,1
352,0,0.00289848,1
270_BRANCH0_333,1,0.00199973,1
270_BRANCH0_333,0,0.00303246,1
425_BRANCH0_432,1,0.00309663,1
425_BRANCH0_432,0,0.00316229,1
270,1,0.00231321,1
270,0,0.00232639,1
276_BRANCH0_296,1,0.00268472,1
276_BRANCH0_296,0,0.00230505,1
276,1,0.0024312,1
276,0,0.00239763,1
309_BRANCH0_330,1,0.0032521,1
309_BRANCH0_330,0,0.0019814,1
411_BRANCH0_420,1,0.00320726,1
411_BRANCH0_420,0,0.00201462,1
279_BRANCH0_296,1,0.002369,1
279_BRANCH0_296,0,0.00219956,1
279_BRANCH0_339,1,0.00191674,1
279_BRANCH0_339,0,0.00284043,1
279,1,0.00264736,1
279,0,0.00225786,1
282_BRANCH0_296,1,0.00201726,1
282_BRANCH0_296,0,0.00197797,1
282_BRANCH0_341,1,0.00197239,1
282_BRANCH0_341,0,0.00267371,1
282,1,0.00246533,1
282,0,0.00228712,1
288,1,0.00229864,1
288,0,0.00195942,1
290,1,0.00208845,1
290,0,0.00290053,1
291,1,0.00194212,1
291,0,0.00225115,1
292,1,0.00191655,1
292,0,0.00252104,1
293,1,0.00195384,1
293,0,0.00291125,1
295,1,0.00205538,1
295,0,0.0023112,1
296_BRANCH0_309,1,0.00188311,1
296_BRANCH0_309,0,0.00320845,1
296_BRANCH0_319,1,0.00245209,1
296_BRANCH0_319,0,0.00338111,1
296,1,0.00165651,1
296,0,0.00268794,1
302,1,0.00202216,1
302,0,0.0018775,1
303,1,0.00255432,1
303,0,0.00189869,1
305,1,0.00220937,1
305,0,0.00198556,1
309_BRANCH0_333,1,0.00314512,1
309_BRANCH0_333,0,0.00201105,1
309_BRANCH0_339,1,0.00286829,1
309_BRANCH0_339,0,0.00192006,1
399_BRANCH0_428,1,0.00287603,1
399_BRANCH0_428,0,0.00323356,1
309_BRANCH0_343,1,0.00282684,1
309_BRANCH0_343,0,0.00185989,1
319_BRANCH0_345,1,0.00336121,1
319_BRANCH0_345,0,0.00203277,1
309,1,0.00339241,1
309,0,0.00179473,1
319_BRANCH0_340,1,0.00333229,1
319_BRANCH0_340,0,0.0020698,1
319_BRANCH0_342,1,0.00329477,1
319_BRANCH0_342,0,0.0023971,1
319_BRANCH0_344,1,0.00410546,1
319_BRANCH0_344,0,0.00216358,1
319_BRANCH0_346,1,0.00351808,1
319_BRANCH0_346,0,0.00211035,1
319_BRANCH0_347,1,0.00348241,1
319_BRANCH0_347,0,7.30553,0
331,1,0.00297951,1
331,0,0.00177612,1
319,1,0.00365379,1
319,0,0.00239261,1
329,1,0.00232363,1
329,0,0.00153084,1
336,1,0.00202463,1
336,0,0.00211394,1
357_BRANCH0_360,1,0.00472017,1
357_BRANCH0_360,0,0.00328344,1
337,1,0.00310536,1
337,0,0.00211666,1
338,1,0.00232057,1
338,0,0.00324857,1
343,1,0.00328171,1
343,0,0.00190696,1
344,1,0.00200656,1
344,0,0.00353264,1
386_BRANCH0_422,1,0.00328022,1
386_BRANCH0_422,0,0.00362913,1
349,1,0.00220997,1
349,0,0.00264077,1
351,1,0.0019533,1
351,0,0.00269757,1
355,1,0.00194691,1
355,0,0.00266376,1
356,1,0.00191852,1
356,0,0.0032021,1
357_BRANCH0_370,1,0.0016331,1
357_BRANCH0_370,0,0.00251974,1
360_BRANCH0_371,1,0.00397896,1
360_BRANCH0_371,0,0.00274561,1
360_BRANCH0_372,1,0.00324723,1
360_BRANCH0_372,0,0.00195833,1
360_BRANCH0_374,1,0.00316709,1
360_BRANCH0_374,0,0.00209287,1
360_BRANCH0_375,1,0.0035079,1
360_BRANCH0_375,0,0.00205291,1
360_BRANCH0_379,1,0.00357316,1
360_BRANCH0_379,0,23.2181,0
370,1,0.0022234,1
370,0,0.00164193,1
371,1,0.00285416,1
371,0,0.00175095,1
372,1,0.00188682,1
372,0,0.00268357,1
373,1,0.00173938,1
373,0,0.00345662,1
374,1,0.00199644,1
374,0,0.00321692,1
375,1,0.0019717,1
375,0,0.00324789,1
376,1,0.00202601,1
376,0,0.00354852,1
377,1,0.00191284,1
377,0,0.00353284,1
380,1,0.00285336,1
380,0,0.00202499,1
381_BRANCH0_430,1,0.00330389,1
381_BRANCH0_430,0,0.00174472,1
381_BRANCH0_431,1,0.00397869,1
381_BRANCH0_431,0,0.00254272,1
381,1,0.00302627,1
381,0,0.00361265,1
386_BRANCH0_429,1,0.00324393,1
386_BRANCH0_429,0,0.00320825,1
386_BRANCH0_430,1,0.00309648,1
386_BRANCH0_430,0,0.00190709,1
393_BRANCH0_416,1,0.00407125,1
393_BRANCH0_416,0,1.3662,1
393_BRANCH0_417,1,0.00382866,1
393_BRANCH0_417,0,0.00244162,1
393_BRANCH0_428,1,0.00334828,1
393_BRANCH0_428,0,0.00338206,1
399_BRANCH0_416,1,0.00395658,1
399_BRANCH0_416,0,1.3518,1
399_BRANCH0_425,1,0.00363915,1
399_BRANCH0_425,0,0.00291895,1
399_BRANCH0_430,1,0.00337229,1
399_BRANCH0_430,0,0.00198238,1
399,1,0.00334068,1
399,0,0.00176907,1
407_BRANCH0_416,1,0.00353558,1
407_BRANCH0_416,0,1.40764,1
407_BRANCH0_419,1,0.00379448,1
407_BRANCH0_419,0,0.00197835,1
407,1,0.00415154,1
407,0,0.00295266,1
411,1,0.00390469,1
411,0,0.00232241,1
414,1,0.0040989,1
414,0,1.62232,1
417,1,0.00258548,1
417,0,0.00376497,1
419,1,0.00202623,1
419,0,0.00345919,1
420,1,0.00210877,1
420,0,0.00356559,1
421,1,0.00185578,1
421,0,0.00389993,1
422_BRANCH0_430,1,0.00280956,1
422_BRANCH0_430,0,0.00306498,1
422,1,0.00317353,1
422,0,0.00332812,1
425_BRANCH0_431,1,0.00322551,1
425_BRANCH0_431,0,0.00362626,1
425,1,0.00330613,1
425,0,0.00296369,1
428,1,0.00347153,1
428,0,0.0041198,1
429,1,0.0031424,1
429,0,0.00292844,1
430,1,0.0017613,1
430,0,0.00293513,1
431,1,0.00272647,1
431,0,0.00336633,1
