0.00473645
m_BRANCH0_q,1,0.000196056,1
m_BRANCH0_q,0,9.1162e-05,0
m_BRANCH0_Z,1,8.2081e-05,1
m_BRANCH0_Z,0,0.000118332,1
d_BRANCH0_X,1,9.8969e-05,1
d_BRANCH0_X,0,7.4796e-05,0
d_BRANCH0_r,1,8.3445e-05,1
d_BRANCH0_r,0,7.8121e-05,1
X,1,7.7418e-05,0
X,0,3.4235e-05,1
m_BRANCH0_r,1,7.6307e-05,1
m_BRANCH0_r,0,8.0377e-05,1
B,1,0.000111013,1
B,0,0.000115857,1
d,1,0.000101999,1
d,0,0.000118833,1
d_BRANCH0_m,1,0.000126412,1
d_BRANCH0_m,0,7.4942e-05,1
s_BRANCH0_v,1,9.2278e-05,0
s_BRANCH0_v,0,0.000124442,1
B_BRANCH0_m,1,4.9438e-05,0
B_BRANCH0_m,0,9.6144e-05,1
B_BRANCH0_v,1,4.5983e-05,0
B_BRANCH0_v,0,0.000105797,1
C,1,0.000121034,1
C,0,0.000123281,1
s_BRANCH0_Y,1,9.0043e-05,0
s_BRANCH0_Y,0,8.4217e-05,1
B_BRANCH0_d,1,7.8207e-05,1
B_BRANCH0_d,0,0.000121016,1
A,1,0.000110841,1
A,0,0.000110482,1
m,1,9.1129e-05,1
m,0,0.000106202,1
r_BRANCH0_s,1,9.1449e-05,1
r_BRANCH0_s,0,9.5776e-05,0
Y,1,8.534e-05,0
Y,0,8.0716e-05,1
r_BRANCH0_X,1,9.2876e-05,1
r_BRANCH0_X,0,8.6833e-05,0
Z,1,0.000117545,1
Z,0,9.9292e-05,1
r,1,8.6537e-05,1
r,0,9.1947e-05,0
q,1,6.5155e-05,0
q,0,7.3111e-05,1
s,1,8.9092e-05,0
s,0,8.4675e-05,1
v,1,9.4042e-05,0
v,0,0.000111172,1
