0.003303
16_BRANCH0_22,1,0.000119657,1
16_BRANCH0_22,0,0.000100838,1
11,1,9.3549e-05,1
11,0,9.5483e-05,1
11_BRANCH0_19,1,7.6022e-05,1
11_BRANCH0_19,0,0.000108614,1
11_BRANCH0_16,1,8.0329e-05,1
11_BRANCH0_16,0,0.000121305,1
7,1,0.00010362,1
7,0,9.1995e-05,1
6,1,9.6551e-05,1
6,0,9.7351e-05,1
19,1,0.000101006,1
19,0,7.8753e-05,1
3_BRANCH0_11,1,9.4269e-05,1
3_BRANCH0_11,0,9.8345e-05,1
16_BRANCH0_23,1,0.000103875,1
16_BRANCH0_23,0,7.6376e-05,1
10,1,9.8956e-05,1
10,0,7.8531e-05,1
3_BRANCH0_10,1,7.6456e-05,1
3_BRANCH0_10,0,9.9413e-05,1
2,1,0.000123113,1
2,0,0.000122517,1
3,1,0.000100534,1
3,0,9.9728e-05,1
16,1,0.00012303,1
16,0,8.7588e-05,1
1,1,0.000100229,1
1,0,0.000100622,1
22,1,8.0095e-05,1
22,0,9.9582e-05,1
23,1,8.4407e-05,1
23,0,9.0263e-05,1
