1.5376
m_BRANCH0_q,1,0.0313095,1
m_BRANCH0_q,0,0.0266888,0
m_BRANCH0_Z,1,0.0312088,1
m_BRANCH0_Z,0,0.0312428,1
d_BRANCH0_X,1,0.0230981,1
d_BRANCH0_X,0,0.031182,0
d_BRANCH0_r,1,0.0312099,1
d_BRANCH0_r,0,0.031188,1
X,1,0.0312164,0
X,0,0.0310951,1
m_BRANCH0_r,1,0.0312378,1
m_BRANCH0_r,0,0.0312167,1
B,1,0.0312273,1
B,0,0.0312261,1
d,1,0.0311986,1
d,0,0.0312133,1
d_BRANCH0_m,1,0.0312507,1
d_BRANCH0_m,0,0.0311909,1
s_BRANCH0_v,1,0.0312151,0
s_BRANCH0_v,0,0.0312275,1
B_BRANCH0_m,1,0.0311054,0
B_BRANCH0_m,0,0.0312214,1
B_BRANCH0_v,1,0.0311173,0
B_BRANCH0_v,0,0.0312165,1
C,1,0.0312496,1
C,0,0.0312368,1
s_BRANCH0_Y,1,0.0312209,0
s_BRANCH0_Y,0,0.0312083,1
B_BRANCH0_d,1,0.0311824,1
B_BRANCH0_d,0,0.031227,1
A,1,0.0312242,1
A,0,0.0312206,1
m,1,0.031191,1
m,0,0.0312437,1
r_BRANCH0_s,1,0.0312478,1
r_BRANCH0_s,0,0.0311931,0
Y,1,0.0312245,0
Y,0,0.0312016,1
r_BRANCH0_X,1,0.0312168,1
r_BRANCH0_X,0,0.0312224,0
Z,1,0.0312258,1
Z,0,0.0312167,1
r,1,0.03121,1
r,0,0.0208703,0
q,1,0.0311859,0
q,0,0.0311903,1
s,1,0.0312183,0
s,0,0.0312119,1
v,1,0.0311995,0
v,0,0.0312549,1
