0.00351795
16_BRANCH0_22,1,0.000187661,1
16_BRANCH0_22,0,9.0722e-05,1
11,1,0.000108231,1
11,0,0.000102574,1
11_BRANCH0_19,1,8.5204e-05,1
11_BRANCH0_19,0,0.000107392,1
11_BRANCH0_16,1,0.00013625,1
11_BRANCH0_16,0,7.9052e-05,1
7,1,0.000104772,1
7,0,9.5865e-05,1
6,1,9.9465e-05,1
6,0,9.7679e-05,1
19,1,9.7272e-05,1
19,0,0.000105956,1
3_BRANCH0_11,1,9.8695e-05,1
3_BRANCH0_11,0,9.7844e-05,1
16_BRANCH0_23,1,0.000104542,1
16_BRANCH0_23,0,8.2313e-05,1
10,1,0.000102957,1
10,0,0.000101778,1
3_BRANCH0_10,1,8.0291e-05,1
3_BRANCH0_10,0,9.7782e-05,1
2,1,0.000128132,1
2,0,0.000123955,1
3,1,9.9422e-05,1
3,0,9.7261e-05,1
16,1,0.0001236,1
16,0,8.1424e-05,1
1,1,0.000105733,1
1,0,0.000100411,1
22,1,0.0001036,1
22,0,0.000101898,1
23,1,9.07e-05,1
23,0,9.7517e-05,1
