0.00480008
m_BRANCH0_q,1,0.000187575,1
m_BRANCH0_q,0,9.0865e-05,0
m_BRANCH0_Z,1,8.5167e-05,1
m_BRANCH0_Z,0,0.000117178,1
d_BRANCH0_X,1,9.3077e-05,1
d_BRANCH0_X,0,7.5158e-05,0
d_BRANCH0_r,1,0.000103535,1
d_BRANCH0_r,0,8.2449e-05,1
X,1,7.8382e-05,0
X,0,3.2504e-05,1
m_BRANCH0_r,1,7.5298e-05,1
m_BRANCH0_r,0,8.5988e-05,1
B,1,0.000108642,1
B,0,0.000118584,1
d,1,9.7093e-05,1
d,0,0.000125114,1
d_BRANCH0_m,1,0.000119096,1
d_BRANCH0_m,0,7.9262e-05,1
s_BRANCH0_v,1,0.000138907,0
s_BRANCH0_v,0,0.000124143,1
B_BRANCH0_m,1,4.9227e-05,0
B_BRANCH0_m,0,9.8443e-05,1
B_BRANCH0_v,1,4.599e-05,0
B_BRANCH0_v,0,0.000103351,1
C,1,0.000121072,1
C,0,0.00012417,1
s_BRANCH0_Y,1,8.8922e-05,0
s_BRANCH0_Y,0,8.4463e-05,1
B_BRANCH0_d,1,8.0821e-05,1
B_BRANCH0_d,0,0.000111672,1
A,1,0.000112086,1
A,0,0.000113931,1
m,1,8.4991e-05,1
m,0,0.000114018,1
r_BRANCH0_s,1,0.000100685,1
r_BRANCH0_s,0,9.2876e-05,0
Y,1,8.2283e-05,0
Y,0,8.1564e-05,1
r_BRANCH0_X,1,9.2369e-05,1
r_BRANCH0_X,0,9.394e-05,0
Z,1,0.00010447,1
Z,0,9.0107e-05,1
r,1,9.2294e-05,1
r,0,9.2313e-05,0
q,1,7.2841e-05,0
q,0,7.5838e-05,1
s,1,9.249e-05,0
s,0,8.2241e-05,1
v,1,9.0939e-05,0
v,0,0.000111657,1
