4854.22
1701,1,0.012441,1
1701,0,0.0154268,1
700,1,0.0195802,1
700,0,0.0174857,1
1701_BRANCH0_1763,1,0.015336,1
1701_BRANCH0_1763,0,0.0163245,1
1212,1,0.0190621,1
1212,0,0.0150168,1
1697_BRANCH0_1762,1,0.0124754,1
1697_BRANCH0_1762,0,0.0101842,1
2658,1,0.00992537,1
2658,0,0.0128522,1
1685_BRANCH0_1740,1,0.0097448,1
1685_BRANCH0_1740,0,0.00824293,1
1679,1,0.0101612,1
1679,0,0.0104695,1
2148_BRANCH0_2217,1,0.0135247,1
2148_BRANCH0_2217,0,0.0151601,1
2617_BRANCH0_2746,1,0.0135959,1
2617_BRANCH0_2746,0,0.0131449,1
1651,1,0.0110211,1
1651,0,0.01033,1
1252_BRANCH0_2233,1,0.0208325,1
1252_BRANCH0_2233,0,0.0137167,1
1651_BRANCH0_1711,1,0.0113011,1
1651_BRANCH0_1711,0,0.010444,1
60_BRANCH0_655,1,0.0200176,1
60_BRANCH0_655,0,0.019446,1
1647,1,0.0140445,1
1647,0,0.0157435,1
1643,1,0.015285,1
1643,0,0.0154827,1
1643_BRANCH0_1885,1,0.0162293,1
1643_BRANCH0_1885,0,0.0152365,1
1640,1,0.0114716,1
1640,0,0.0102681,1
1640_BRANCH0_1897,1,0.0105012,1
1640_BRANCH0_1897,0,0.0105768,1
676_BRANCH0_1942,1,0.0179554,1
676_BRANCH0_1942,0,0.0190023,1
1623_BRANCH0_1734,1,0.0171184,1
1623_BRANCH0_1734,0,0.0165555,1
1623_BRANCH0_1731,1,0.0114889,1
1623_BRANCH0_1731,0,0.0108356,1
1620_BRANCH0_1717,1,0.0158201,1
1620_BRANCH0_1717,0,0.0169264,1
700_BRANCH0_954,1,0.0179242,1
700_BRANCH0_954,0,0.016823,1
1615,1,0.0164274,1
1615,0,0.0176476,1
724,1,0.00984619,1
724,0,0.0194618,1
2750,1,0.0129778,1
2750,0,0.0142815,1
1615_BRANCH0_1683,1,0.0170786,1
1615_BRANCH0_1683,0,0.0171348,1
1612,1,0.0118103,1
1612,0,0.0107031,1
1022_BRANCH0_1213,1,0.0166498,1
1022_BRANCH0_1213,0,0.0169591,1
1612_BRANCH0_1809,1,0.0106231,1
1612_BRANCH0_1809,0,0.0106273,1
1609_BRANCH0_1681,1,0.0168514,1
1609_BRANCH0_1681,0,0.0167983,1
1606_BRANCH0_1678,1,0.0115615,1
1606_BRANCH0_1678,0,0.011155,1
724_BRANCH0_991,1,0.0104434,1
724_BRANCH0_991,0,0.0196274,1
1603_BRANCH0_1677,1,0.01091,1
1603_BRANCH0_1677,0,0.0106702,1
1600_BRANCH0_1746,1,0.0142452,1
1600_BRANCH0_1746,0,0.0154686,1
697_BRANCH0_1312,1,0.0186199,1
697_BRANCH0_1312,0,0.0187275,1
1596_BRANCH0_1671,1,0.00995626,1
1596_BRANCH0_1671,0,0.00843908,1
991,1,0.0194267,1
991,0,0.0106823,1
1795,1,0.0194247,1
1795,0,0.0197775,1
1595,1,0.0121291,1
1595,0,0.0103725,1
1593,1,0.0111196,1
1593,0,0.0107645,1
1188_BRANCH0_2658,1,0.0125363,1
1188_BRANCH0_2658,0,0.0158957,1
22,1,0.0182183,1
22,0,0.0171994,1
1588,1,0.0112521,1
1588,0,0.0118098,1
1588_BRANCH0_1697,1,0.0109194,1
1588_BRANCH0_1697,0,0.0110601,1
1571_BRANCH0_1635,1,0.0110521,1
1571_BRANCH0_1635,0,0.0110992,1
1569,1,0.0103844,1
1569,0,0.0117259,1
2340_BRANCH0_2633,1,0.011721,1
2340_BRANCH0_2633,0,0.0127092,1
1568,1,0.0113522,1
1568,0,0.00952139,1
1364_BRANCH0_1456,1,0.0122275,1
1364_BRANCH0_1456,0,0.0137739,1
1345,1,0.0134244,1
1345,0,0.0120663,1
1561_BRANCH0_1643,1,0.0144343,1
1561_BRANCH0_1643,0,0.0155866,1
1037,1,0.0179628,1
1037,0,0.017743,1
1322,1,0.0181278,1
1322,0,0.0126411,1
1664_BRANCH0_1730,1,0.0153403,1
1664_BRANCH0_1730,0,0.0160696,1
887,1,0.0211998,1
887,0,0.0152579,1
1557_BRANCH0_1620,1,0.013619,1
1557_BRANCH0_1620,0,0.0103045,1
1554,1,0.0111015,1
1554,0,0.0113987,1
326_BRANCH0_602,1,0.0178122,1
326_BRANCH0_602,0,0.0176837,1
1787,1,0.0167128,1
1787,0,0.01469,1
1554_BRANCH0_1623,1,0.0120987,1
1554_BRANCH0_1623,0,0.011082,1
634_BRANCH0_1433,1,0.0167055,1
634_BRANCH0_1433,0,0.0165777,1
721_BRANCH0_1119,1,0.016684,1
721_BRANCH0_1119,0,0.0166831,1
1546_BRANCH0_1647,1,0.0146786,1
1546_BRANCH0_1647,0,0.0153367,1
280_BRANCH0_922,1,0.0250984,1
280_BRANCH0_922,0,0.0239571,1
1540,1,0.0115329,1
1540,0,0.0110332,1
1661_BRANCH0_1791,1,0.0110347,1
1661_BRANCH0_1791,0,0.0102678,1
1540_BRANCH0_1595,1,0.0116728,1
1540_BRANCH0_1595,0,0.0103096,1
190_BRANCH0_556,1,0.017761,1
190_BRANCH0_556,0,0.017255,1
1537_BRANCH0_1759,1,0.0115593,1
1537_BRANCH0_1759,0,0.0104487,1
1532,1,0.0120394,1
1532,0,0.0108754,1
1522_BRANCH0_1609,1,0.013947,1
1522_BRANCH0_1609,0,0.0151674,1
1520,1,0.0161546,1
1520,0,0.0160735,1
608,1,0.0216746,1
608,0,0.0138424,1
1517,1,0.0115818,1
1517,0,0.0104305,1
1517_BRANCH0_1603,1,0.0120369,1
1517_BRANCH0_1603,0,0.0103344,1
1647_BRANCH0_1709,1,0.0160038,1
1647_BRANCH0_1709,0,0.0151942,1
1510_BRANCH0_1688,1,0.0121605,1
1510_BRANCH0_1688,0,0.0120928,1
903_BRANCH0_1168,1,0.020002,1
903_BRANCH0_1168,0,0.0135354,1
1504,1,0.0183371,1
1504,0,0.0107839,1
63_BRANCH0_574,1,0.0177185,1
63_BRANCH0_574,0,0.01735,1
1501,1,0.021242,1
1501,0,0.013923,1
1513,1,0.0122004,1
1513,0,0.0106929,1
1499,1,0.0175596,1
1499,0,0.02083,1
1498,1,0.0200638,1
1498,0,0.0109176,1
1495,1,0.0173642,1
1495,0,0.0113799,1
1664_BRANCH0_1792,1,0.0156246,1
1664_BRANCH0_1792,0,0.0152887,1
1224,1,0.0194378,1
1224,0,0.0118516,1
1609,1,0.0154364,1
1609,0,0.0158444,1
1492,1,0.0190717,1
1492,0,0.015703,1
1491,1,0.0160515,1
1491,0,0.016648,1
1013,1,0.019516,1
1013,0,0.0172961,1
1490,1,0.010862,1
1490,0,0.0118308,1
1213,1,0.0184175,1
1213,0,0.0175116,1
1488,1,0.0181959,1
1488,0,0.0110168,1
1209,1,0.0171378,1
1209,0,0.0174567,1
670_BRANCH0_2009,1,0.0183652,1
670_BRANCH0_2009,0,0.0195861,1
2690,1,0.0142658,1
2690,0,0.0158824,1
2732,1,0.0144496,1
2732,0,0.0154838,1
1484_BRANCH0_1567,1,0.0122822,1
1484_BRANCH0_1567,0,0.0107378,1
1481_BRANCH0_1531,1,0.010525,1
1481_BRANCH0_1531,0,0.011075,1
1476,1,0.0123676,1
1476,0,0.0133077,1
691,1,0.0168907,1
691,0,0.0176031,1
1475,1,0.0125495,1
1475,0,0.0118275,1
1031,1,0.0239315,1
1031,0,0.0250028,1
1472,1,0.0126286,1
1472,0,0.0106648,1
1751_BRANCH0_1795,1,0.0189915,1
1751_BRANCH0_1795,0,0.0210076,1
1469,1,0.0149262,1
1469,0,0.0107789,1
2237_BRANCH0_2257,1,0.0143492,1
2237_BRANCH0_2257,0,0.015486,1
1468,1,0.0138111,1
1468,0,0.0157011,1
2119_BRANCH0_2549,1,0.0155508,1
2119_BRANCH0_2549,0,0.0145667,1
1462,1,0.0130424,1
1462,0,0.0129761,1
1640_BRANCH0_1728,1,0.01045,1
1640_BRANCH0_1728,0,0.0115546,1
1460,1,0.0133141,1
1460,0,0.0163576,1
1455,1,0.0148301,1
1455,0,0.0109346,1
1454,1,0.0130698,1
1454,0,0.0130449,1
1448,1,0.0125032,1
1448,0,0.0141388,1
652_BRANCH0_895,1,0.0217749,1
652_BRANCH0_895,0,0.0204862,1
1571,1,0.0112528,1
1571,0,0.0111475,1
1801,1,0.0114631,1
1801,0,0.0091446,1
1447,1,0.0128589,1
1447,0,0.0107014,1
1446,1,0.0122875,1
1446,0,0.0126202,1
1443,1,0.014217,1
1443,0,0.0124866,1
1636,1,0.00926108,1
1636,0,0.00929546,1
370_BRANCH0_543,1,0.0219384,1
370_BRANCH0_543,0,0.0230667,1
1440_BRANCH0_1499,1,0.0193383,1
1440_BRANCH0_1499,0,0.0209671,1
1681,1,0.0197732,1
1681,0,0.0168295,1
1494,1,0.0184872,1
1494,0,0.0110504,1
1439,1,0.0170045,1
1439,0,0.0114272,1
1438,1,0.0167678,1
1438,0,0.0103909,1
1228,1,0.0175135,1
1228,0,0.0176291,1
1171_BRANCH0_2600,1,0.0137913,1
1171_BRANCH0_2600,0,0.0195264,1
2119_BRANCH0_2597,1,0.0173887,1
2119_BRANCH0_2597,0,0.015381,1
1433,1,0.0180949,1
1433,0,0.0113796,1
2427_BRANCH0_2629,1,0.0140502,1
2427_BRANCH0_2629,0,0.0139366,1
1484_BRANCH0_1532,1,0.0123802,1
1484_BRANCH0_1532,0,0.0111538,1
1419_BRANCH0_1848,1,0.0111656,1
1419_BRANCH0_1848,0,0.012161,1
56_BRANCH0_898,1,0.0253616,1
56_BRANCH0_898,0,0.0247115,1
1416_BRANCH0_1849,1,0.0153753,1
1416_BRANCH0_1849,0,0.0164816,1
1003,1,0.0195078,1
1003,0,0.0168566,1
1397,1,0.0120151,1
1397,0,0.0110864,1
1393_BRANCH0_1463,1,0.0123504,1
1393_BRANCH0_1463,0,0.0113531,1
592_BRANCH0_981,1,0.0137454,1
592_BRANCH0_981,0,0.0196649,1
2812_BRANCH0_2857,1,0.0121086,1
2812_BRANCH0_2857,0,0.021611,1
1393_BRANCH0_1462,1,0.0126434,1
1393_BRANCH0_1462,0,0.0129177,1
28_BRANCH0_370,1,0.0174551,1
28_BRANCH0_370,0,0.0179202,1
1390_BRANCH0_1475,1,0.0128709,1
1390_BRANCH0_1475,0,0.0123544,1
1389,1,0.0136064,1
1389,0,0.00909066,1
1487,1,0.0176631,1
1487,0,0.0122309,1
1387,1,0.0120002,1
1387,0,0.0111156,1
1223,1,0.0174013,1
1223,0,0.0179345,1
2260_BRANCH0_2361,1,0.0158745,1
2260_BRANCH0_2361,0,0.0143323,1
1379_BRANCH0_1460,1,0.014721,1
1379_BRANCH0_1460,0,0.0160069,1
1379_BRANCH0_1459,1,0.0144072,1
1379_BRANCH0_1459,0,0.0111208,1
40_BRANCH0_382,1,0.0176466,1
40_BRANCH0_382,0,0.0185595,1
1376_BRANCH0_1470,1,0.0177909,1
1376_BRANCH0_1470,0,0.0198896,1
1373_BRANCH0_1458,1,0.0161079,1
1373_BRANCH0_1458,0,0.0145896,1
1370_BRANCH0_1468,1,0.0130203,1
1370_BRANCH0_1468,0,0.0125384,1
1557_BRANCH0_1664,1,0.0184632,1
1557_BRANCH0_1664,0,0.0165361,1
1367,1,0.0130787,1
1367,0,0.0112955,1
1367_BRANCH0_1453,1,0.0141459,1
1367_BRANCH0_1453,0,0.0154189,1
1246_BRANCH0_1399,1,0.0138719,1
1246_BRANCH0_1399,0,0.0141794,1
1364_BRANCH0_1455,1,0.0147014,1
1364_BRANCH0_1455,0,0.0143285,1
1358_BRANCH0_1447,1,0.0147215,1
1358_BRANCH0_1447,0,0.0145874,1
1355,1,0.0128219,1
1355,0,0.01092,1
2071_BRANCH0_2143,1,0.014341,1
2071_BRANCH0_2143,0,0.0152903,1
1355_BRANCH0_1444,1,0.0137687,1
1355_BRANCH0_1444,0,0.0150033,1
1352,1,0.0143939,1
1352,0,0.0122639,1
1352_BRANCH0_1445,1,0.0128791,1
1352_BRANCH0_1445,0,0.0136306,1
612,1,0.0238121,1
612,0,0.0139881,1
1346,1,0.0133137,1
1346,0,0.0124034,1
1344,1,0.017724,1
1344,0,0.0213903,1
634,1,0.0202493,1
634,0,0.0179341,1
1606,1,0.0117325,1
1606,0,0.0116867,1
1334,1,0.0115967,1
1334,0,0.0130308,1
1697_BRANCH0_1761,1,0.010736,1
1697_BRANCH0_1761,0,0.0120973,1
1334_BRANCH0_1413,1,0.0126291,1
1334_BRANCH0_1413,0,0.0121026,1
37_BRANCH0_379,1,0.0179352,1
37_BRANCH0_379,0,0.0182218,1
2742,1,0.0139253,1
2742,0,0.0124175,1
1328,1,0.0174273,1
1328,0,0.0106191,1
2549,1,0.0146917,1
2549,0,0.0145711,1
2880,1,0.0102628,1
2880,0,0.00904683,1
2891,1,0.012854,1
2891,0,0.0123306,1
1319,1,0.0120832,1
1319,0,0.0126081,1
625,1,0.0192639,1
625,0,0.0179518,1
2645,1,0.0106404,1
2645,0,0.0140592,1
1514_BRANCH0_1612,1,0.012431,1
1514_BRANCH0_1612,0,0.0119734,1
94_BRANCH0_290,1,0.0191411,1
94_BRANCH0_290,0,0.0205376,1
1318,1,0.0191341,1
1318,0,0.0114675,1
1314,1,0.0191433,1
1314,0,0.0115787,1
1312,1,0.0200381,1
1312,0,0.0160833,1
1264,1,0.013033,1
1264,0,0.0140373,1
1261_BRANCH0_2024,1,0.0240846,1
1261_BRANCH0_2024,0,0.0149786,1
1416,1,0.0160132,1
1416,0,0.0169404,1
1258,1,0.0232524,1
1258,0,0.0139045,1
1609_BRANCH0_1680,1,0.0177219,1
1609_BRANCH0_1680,0,0.0176041,1
1258_BRANCH0_1351,1,0.0216941,1
1258_BRANCH0_1351,0,0.0143805,1
1453,1,0.014094,1
1453,0,0.0111279,1
921,1,0.027349,1
921,0,0.0148641,1
1255,1,0.0280959,1
1255,0,0.0210864,1
1348,1,0.0171011,1
1348,0,0.0283256,1
1046,1,0.0175263,1
1046,0,0.0174032,1
628,1,0.0174087,1
628,0,0.0176736,1
1252,1,0.0239549,1
1252,0,0.0141606,1
2868,1,0.0107302,1
2868,0,0.0094102,1
1383_BRANCH0_2897,1,0.012942,1
1383_BRANCH0_2897,0,0.0131262,1
1243,1,0.0117364,1
1243,0,0.013664,1
1723,1,0.00933796,1
1723,0,0.00883811,1
1243_BRANCH0_1397,1,0.0126499,1
1243_BRANCH0_1397,0,0.0144339,1
1242,1,0.0185714,1
1242,0,0.0116284,1
1240,1,0.0191023,1
1240,0,0.0178789,1
1373_BRANCH0_1457,1,0.0125702,1
1373_BRANCH0_1457,0,0.0133185,1
1238,1,0.0184239,1
1238,0,0.0171164,1
1472_BRANCH0_1528,1,0.0117473,1
1472_BRANCH0_1528,0,0.0119202,1
1235,1,0.0155672,1
1235,0,0.0146221,1
1232,1,0.0134241,1
1232,0,0.0122099,1
1232_BRANCH0_1387,1,0.0133712,1
1232_BRANCH0_1387,0,0.0147676,1
1464,1,0.0134795,1
1464,0,0.0119158,1
1230,1,0.0199411,1
1230,0,0.0133597,1
1976,1,0.0162004,1
1976,0,0.0379356,1
1661,1,0.0124112,1
1661,0,0.0116008,1
1225,1,0.0198442,1
1225,0,0.019953,1
1222,1,0.0189844,1
1222,0,0.0179545,1
1221,1,0.0182429,1
1221,0,0.0115844,1
243_BRANCH0_727,1,0.0189805,1
243_BRANCH0_727,0,0.0176683,1
2326_BRANCH0_2552,1,0.0138206,1
2326_BRANCH0_2552,0,0.0151223,1
2386_BRANCH0_2632,1,0.0161982,1
2386_BRANCH0_2632,0,0.0147849,1
1220,1,0.0192874,1
1220,0,0.0180889,1
2361_BRANCH0_2537,1,0.0155871,1
2361_BRANCH0_2537,0,0.0170218,1
1218,1,0.0219531,1
1218,0,0.0129593,1
2037,1,0.0117282,1
2037,0,0.0108694,1
1383_BRANCH0_1461,1,0.0131777,1
1383_BRANCH0_1461,0,0.0131028,1
1211,1,0.0190144,1
1211,0,0.0206024,1
926_BRANCH0_2634,1,0.0159639,1
926_BRANCH0_2634,0,0.02998,1
2620,1,0.0136774,1
2620,0,0.0149087,1
1416_BRANCH0_1491,1,0.0152268,1
1416_BRANCH0_1491,0,0.0193326,1
1313,1,0.0188137,1
1313,0,0.0130526,1
709_BRANCH0_1316,1,0.0180263,1
709_BRANCH0_1316,0,0.0183073,1
1788,1,0.0107406,1
1788,0,0.0106421,1
1208,1,0.018376,1
1208,0,0.0115723,1
1206,1,0.0190602,1
1206,0,0.0114889,1
2564_BRANCH0_2674,1,17.3122,1
2564_BRANCH0_2674,0,17.3636,1
1205,1,0.0202671,1
1205,0,0.0177424,1
574_BRANCH0_962,0,0.0189223,1
1188,1,0.0154697,1
1188,0,0.0153653,1
1546_BRANCH0_1651,1,0.0122618,1
1546_BRANCH0_1651,0,0.0121813,1
1217,1,0.0185843,1
1217,0,0.0182269,1
1188_BRANCH0_2614,1,0.0156366,1
1188_BRANCH0_2614,0,0.0180631,1
1188_BRANCH0_2606,1,0.0145416,1
1188_BRANCH0_2606,0,0.0191729,1
700_BRANCH0_1313,1,0.0202575,1
700_BRANCH0_1313,0,0.018965,1
1510,1,0.0123663,1
1510,0,0.0115119,1
1869_BRANCH0_1921,1,0.0139829,1
1869_BRANCH0_1921,0,0.0151819,1
2297_BRANCH0_2576,1,0.016156,1
2297_BRANCH0_2576,0,0.0140514,1
1188_BRANCH0_2576,1,0.014241,1
1188_BRANCH0_2576,0,0.0193505,1
1188_BRANCH0_2570,1,0.0159669,1
1188_BRANCH0_2570,0,0.0185527,1
2244,1,0.0179476,1
2244,0,0.0154115,1
1521,1,0.012937,1
1521,0,0.012126,1
1188_BRANCH0_2555,1,0.0141545,1
1188_BRANCH0_2555,0,0.019768,1
1386,1,0.0158416,1
1386,0,0.0145051,1
1188_BRANCH0_2549,1,0.0166273,1
1188_BRANCH0_2549,0,0.0189829,1
4_BRANCH0_346,1,0.0211968,1
4_BRANCH0_346,0,0.0191595,1
1171,1,0.0141932,1
1171,0,0.0195743,1
290,1,0.0216484,1
290,0,0.0197942,1
1171_BRANCH0_2645,1,0.0151065,1
1171_BRANCH0_2645,0,0.0184515,1
1576_BRANCH0_1638,1,0.0151834,1
1576_BRANCH0_1638,0,0.010968,1
1028,1,0.0175427,1
1028,0,0.0184864,1
1419_BRANCH0_1490,1,0.0131073,1
1419_BRANCH0_1490,0,0.0106674,1
727_BRANCH0_1121,1,0.0189895,1
727_BRANCH0_1121,0,0.0181265,1
1171_BRANCH0_2642,1,0.0109954,1
1171_BRANCH0_2642,0,0.0192815,1
1731_BRANCH0_1783,1,0.0150217,1
1731_BRANCH0_1783,0,0.0119224,1
1171_BRANCH0_2597,1,0.0147037,1
1171_BRANCH0_2597,0,0.0191647,1
616,1,0.0205968,1
616,0,0.018484,1
1635,1,0.0126201,1
1635,0,0.0121176,1
1522_BRANCH0_1588,1,0.0119269,1
1522_BRANCH0_1588,0,0.0118448,1
1171_BRANCH0_2594,1,0.0157686,1
1171_BRANCH0_2594,0,0.0188816,1
263_BRANCH0_658,1,0.0223572,1
263_BRANCH0_658,0,0.0201988,1
1171_BRANCH0_2567,1,0.0151254,1
1171_BRANCH0_2567,0,0.0185932,1
2279,1,0.0185245,1
2279,0,0.0136219,1
2573,1,0.0111386,1
2573,0,0.0142991,1
1171_BRANCH0_2564,1,0.0134413,1
1171_BRANCH0_2564,0,0.019502,1
1561,1,0.0173838,1
1561,0,0.0158601,1
1171_BRANCH0_2561,1,0.0136389,1
1171_BRANCH0_2561,0,0.0191946,1
1798_BRANCH0_1858,1,0.0451015,1
1798_BRANCH0_1858,0,0.0418819,1
2887,1,0.0118434,1
2887,0,0.013729,1
1171_BRANCH0_2558,1,0.0130465,1
1171_BRANCH0_2558,0,0.0194888,1
897,1,0.0299909,1
897,0,0.0242253,1
1869,1,0.0156107,1
1869,0,0.0153826,1
1171_BRANCH0_2546,1,0.0156689,1
1171_BRANCH0_2546,0,0.0187627,1
667,1,0.031059,1
667,0,0.0287646,1
2119_BRANCH0_2631,1,15.5667,1
2119_BRANCH0_2631,0,0.0150194,1
1229,1,0.0190701,1
1229,0,0.011407,1
1730,1,0.0175364,1
1730,0,0.0168438,1
1171_BRANCH0_2543,1,0.0141401,1
1171_BRANCH0_2543,0,0.0197834,1
603_BRANCH0_922,1,0.0304384,1
603_BRANCH0_922,0,0.0170701,1
1171_BRANCH0_2540,1,0.0169847,1
1171_BRANCH0_2540,0,0.0191122,1
1824,1,0.0154623,1
1824,0,0.0148925,1
1171_BRANCH0_2537,1,0.0157357,1
1171_BRANCH0_2537,0,0.0208652,1
1534_BRANCH0_2039,1,0.0190308,1
1534_BRANCH0_2039,0,0.0179734,1
1168_BRANCH0_2427,1,0.0262075,1
1168_BRANCH0_2427,0,0.0142756,1
385_BRANCH0_2743,1,0.0196277,1
385_BRANCH0_2743,0,0.0187012,1
1370_BRANCH0_1469,1,0.0129056,1
1370_BRANCH0_1469,0,0.0134473,1
1168_BRANCH0_2272,1,0.0226428,1
1168_BRANCH0_2272,0,0.014765,1
272_BRANCH0_676,1,0.0200956,1
272_BRANCH0_676,0,0.0203455,1
2077,1,0.0153507,1
2077,0,0.0148643,1
1167,0,0.0295133,1
2005,1,0.0148994,1
2005,0,0.0157759,1
1529,1,0.0125767,1
1529,0,0.0117764,1
2683,1,0.0144488,1
2683,0,0.0124974,1
1164,1,0.0226855,1
1164,0,0.0145669,1
338_BRANCH0_2800,1,0.019517,1
338_BRANCH0_2800,0,0.0182216,1
46_BRANCH0_388,1,0.0184453,1
46_BRANCH0_388,0,0.0187621,1
76_BRANCH0_2815,1,0.0248937,1
76_BRANCH0_2815,0,0.0223923,1
2750_BRANCH0_2788,1,0.014674,1
2750_BRANCH0_2788,0,0.0149828,1
1163,0,0.0277574,1
2007,1,0.0150342,1
2007,0,0.0160877,1
1161,1,0.018396,1
1161,0,0.0175268,1
1489,1,0.0179704,1
1489,0,0.0118916,1
1160,1,0.0228901,1
1160,0,0.0147466,1
1740,1,0.010856,1
1740,0,0.0100223,1
1159,1,0.0225227,1
1159,0,0.017314,1
1158,1,0.0124798,1
1158,0,0.0129397,1
1319_BRANCH0_1409,1,0.0129563,1
1319_BRANCH0_1409,0,0.0127823,1
1825,1,0.0241086,1
1825,0,0.015926,1
1157,1,0.022607,1
1157,0,0.0116012,1
1156,1,0.019783,1
1156,0,0.0184921,1
1865,1,0.0109867,1
1865,0,0.0102968,1
2006,1,0.0130753,1
2006,0,0.0132069,1
1155,1,0.0232709,1
1155,0,0.0216076,1
2326_BRANCH0_2661,1,0.0149366,1
2326_BRANCH0_2661,0,0.0156071,1
1458,1,0.0150751,1
1458,0,0.0142601,1
2776_BRANCH0_2809,1,0.0136676,1
2776_BRANCH0_2809,0,0.0191837,1
1370,1,0.0137361,1
1370,0,0.0116513,1
1154,1,0.0200572,1
1154,0,0.0182187,1
1152,1,0.0194837,1
1152,0,0.0203275,1
1001,1,0.0187431,1
1001,0,0.0171762,1
1481,1,0.0120024,1
1481,0,0.0117021,1
1007,1,0.0179779,1
1007,0,0.0174858,1
1149,1,0.0180105,1
1149,0,0.0181086,1
1478_BRANCH0_1636,1,0.00993416,1
1478_BRANCH0_1636,0,0.0136611,1
1148,1,0.0184123,1
1148,0,0.0185166,1
972,1,0.0185096,1
972,0,0.0186802,1
225_BRANCH0_742,1,0.0178591,1
225_BRANCH0_742,0,0.0173057,1
1207,1,0.0176163,1
1207,0,0.0180036,1
709_BRANCH0_972,1,0.0184942,1
709_BRANCH0_972,0,0.0183768,1
1131,1,0.0179505,1
1131,0,0.011401,1
1537_BRANCH0_1593,1,0.0124028,1
1537_BRANCH0_1593,0,0.0125017,1
1129,1,0.0175663,1
1129,0,0.0123115,1
2676,1,0.0154728,1
2676,0,0.0129092,1
1128,1,0.0176171,1
1128,0,0.0125416,1
1119,1,0.0187282,1
1119,0,0.011627,1
1054,1,0.0191896,1
1054,0,0.0119814,1
1376,1,0.0180793,1
1376,0,0.0175234,1
1484,1,0.0128644,1
1484,0,0.0116904,1
1049_BRANCH0_1242,1,0.0179277,1
1049_BRANCH0_1242,0,0.0187661,1
1049_BRANCH0_1241,1,0.0175934,1
1049_BRANCH0_1241,0,0.0176966,1
280_BRANCH0_602,1,0.018461,1
280_BRANCH0_602,0,0.0181428,1
1046_BRANCH0_1239,1,0.0179006,1
1046_BRANCH0_1239,0,0.0177136,1
2561_BRANCH0_2671,1,8.72231,1
2561_BRANCH0_2671,0,9.07837,1
1588_BRANCH0_1701,1,0.0180587,1
1588_BRANCH0_1701,0,0.0170931,1
2883_BRANCH0_2895,1,0.0119759,1
2883_BRANCH0_2895,0,0.0112862,1
1043_BRANCH0_1229,1,0.0183565,1
1043_BRANCH0_1229,0,0.0182187,1
31_BRANCH0_229,1,0.0180657,1
31_BRANCH0_229,0,0.0179099,1
1358_BRANCH0_1448,1,0.0131483,1
1358_BRANCH0_1448,0,0.0139062,1
923,1,0.023478,1
923,0,0.0150886,1
72,1,0.021838,1
72,0,0.022714,1
1043_BRANCH0_1228,1,0.0188931,1
1043_BRANCH0_1228,0,0.0180459,1
1188_BRANCH0_2620,1,0.0151021,1
1188_BRANCH0_2620,0,0.0181961,1
1055,1,0.0193682,1
1055,0,0.0117975,1
2119_BRANCH0_2614,1,0.0160048,1
2119_BRANCH0_2614,0,0.0175568,1
2789_BRANCH0_2812,1,2.27712,1
1040,1,0.0196948,1
1040,0,0.0204779,1
1683,1,0.018561,1
1683,0,0.0190295,1
1040_BRANCH0_1226,1,0.0209701,1
1040_BRANCH0_1226,0,0.0204408,1
1028_BRANCH0_1217,1,0.0194264,1
1028_BRANCH0_1217,0,0.0194547,1
1132,1,0.0185055,1
1132,0,0.0115193,1
319_BRANCH0_655,1,0.0220273,1
319_BRANCH0_655,0,0.0210292,1
2340_BRANCH0_2628,1,0.0152141,1
2340_BRANCH0_2628,0,0.0176783,1
1037_BRANCH0_1224,1,0.0193889,1
1037_BRANCH0_1224,0,0.0182366,1
1037_BRANCH0_1223,1,0.0189815,1
1037_BRANCH0_1223,0,0.0183854,1
947_BRANCH0_1492,1,0.0203739,1
947_BRANCH0_1492,0,0.0205387,1
1034_BRANCH0_1221,1,0.0193382,1
1034_BRANCH0_1221,0,0.0181761,1
1034_BRANCH0_1220,1,0.018131,1
1034_BRANCH0_1220,0,0.0186511,1
1028_BRANCH0_1712,1,0.018519,1
1028_BRANCH0_1712,0,0.0185662,1
2081,1,0.015311,1
2081,0,0.0156722,1
1500,1,0.0194755,1
1500,0,0.0126599,1
1025_BRANCH0_1216,1,0.0179652,1
1025_BRANCH0_1216,0,0.0185621,1
331_BRANCH0_553,1,0.0188735,1
331_BRANCH0_553,0,0.0181686,1
1025_BRANCH0_1215,1,0.0183259,1
1025_BRANCH0_1215,0,0.0178801,1
1022,1,0.0195344,1
1022,0,0.0182483,1
1019_BRANCH0_1211,1,0.0192917,1
1019_BRANCH0_1211,0,0.0195866,1
571_BRANCH0_1025,1,0.0200672,1
571_BRANCH0_1025,0,0.0185075,1
104_BRANCH0_331,1,0.0185735,1
104_BRANCH0_331,0,0.0174394,1
1600,1,0.0168247,1
1600,0,0.0168066,1
206,1,0.0191212,1
206,0,0.0179771,1
2597_BRANCH0_2745,1,0.0144075,1
2597_BRANCH0_2745,0,0.0126337,1
2783,1,0.0165097,1
2783,0,0.0148245,1
1267,1,80.1199,1
1267,0,0.0198877,1
1016_BRANCH0_1210,1,0.0214989,1
1016_BRANCH0_1210,0,0.0183419,1
1016_BRANCH0_1209,1,0.018477,1
1016_BRANCH0_1209,0,0.018192,1
2129_BRANCH0_2620,1,0.0138159,1
2129_BRANCH0_2620,0,0.01779,1
1013_BRANCH0_1208,1,0.0181889,1
1013_BRANCH0_1208,0,0.0193193,1
1010,1,0.0185546,1
1010,0,0.0183873,1
379,1,0.0182113,1
379,0,0.0190137,1
2129_BRANCH0_2651,1,0.0155453,1
2129_BRANCH0_2651,0,0.0155113,1
1009,1,0.0186177,1
1009,0,0.0189213,1
2876,1,0.0109502,1
2876,0,0.0107285,1
1008,1,0.0181763,1
1008,0,0.0184763,1
1243_BRANCH0_1396,1,0.0144883,1
1243_BRANCH0_1396,0,0.0132212,1
989,1,0.0178253,1
989,0,0.0195244,1
243_BRANCH0_745,1,0.017273,1
243_BRANCH0_745,0,0.0183438,1
1361_BRANCH0_1451,1,0.0170842,1
1361_BRANCH0_1451,0,0.0191469,1
104,1,0.0187726,1
104,0,0.0182111,1
1006,1,0.0177165,1
1006,0,0.0179063,1
1005,1,0.0179121,1
1005,0,0.0181346,1
1210,1,0.0182381,1
1210,0,0.0117973,1
1784,1,0.0136604,1
1784,0,0.0116966,1
2867,1,0.0106912,1
2867,0,0.011592,1
1004,1,0.0191045,1
1004,0,0.0176869,1
1002,1,0.017797,1
1002,0,0.0178058,1
1396,1,0.0133312,1
1396,0,0.0133136,1
998,1,0.0183704,1
998,0,0.0182886,1
1046_BRANCH0_1238,1,0.0176089,1
1046_BRANCH0_1238,0,0.0174961,1
1067,1,0.0204607,1
1067,0,0.0143307,1
46_BRANCH0_247,1,0.0177747,1
46_BRANCH0_247,0,0.0187951,1
998_BRANCH0_1161,1,0.0180326,1
998_BRANCH0_1161,0,0.0183967,1
619,1,0.018322,1
619,0,0.0178044,1
1866_BRANCH0_1915,1,0.0142132,1
1866_BRANCH0_1915,0,0.0147314,1
997,1,0.0173144,1
997,0,0.0186257,1
994_BRANCH0_1504,1,0.0182167,1
994_BRANCH0_1504,0,0.0186197,1
994_BRANCH0_1240,1,0.0179678,1
994_BRANCH0_1240,0,0.0178449,1
1773,1,0.0104152,1
1773,0,0.010207,1
2573_BRANCH0_2689,1,0.0114925,1
2573_BRANCH0_2689,0,0.0154042,1
1034,1,0.0193548,1
1034,0,0.0192233,1
343,1,0.018504,1
343,0,0.0195391,1
592_BRANCH0_985,1,0.0168412,1
592_BRANCH0_985,0,0.0228714,1
990,1,0.0201005,1
990,0,0.018277,1
94_BRANCH0_297,1,0.0222539,1
94_BRANCH0_297,0,0.0255564,1
2859,1,0.0263414,1
2859,0,0.0106138,1
988,1,0.0175985,1
988,0,0.0174118,1
985,1,0.0164581,1
985,0,0.022829,1
1164_BRANCH0_2386,1,0.026306,1
1164_BRANCH0_2386,0,0.0151742,1
1393,1,0.0140768,1
1393,0,0.0110139,1
1571_BRANCH0_2037,1,0.0131314,1
1571_BRANCH0_2037,0,0.0124656,1
2869,1,0.0104724,1
2869,0,0.0101282,1
1350,1,0.0145703,1
1350,0,0.0313268,1
981,1,0.0136613,1
981,0,0.0217714,1
981_BRANCH0_1231,1,0.0118881,1
981_BRANCH0_1231,0,0.0219789,1
981_BRANCH0_1230,1,0.0117582,1
981_BRANCH0_1230,0,0.0222043,1
980,1,0.0183689,1
980,0,0.0178862,1
2104_BRANCH0_2567,1,0.0144219,1
2104_BRANCH0_2567,0,0.0158343,1
977_BRANCH0_1496,1,0.0124708,1
977_BRANCH0_1496,0,0.0227426,1
2022,1,0.0159071,1
2022,0,0.0160674,1
1457,1,0.0153032,1
1457,0,0.0123031,1
1239,1,0.018803,1
1239,0,0.011678,1
1168,1,0.0232876,1
1168,0,0.0150751,1
2042,1,0.0148116,1
2042,0,0.0137744,1
973,0,0.0199707,1
1309,1,0.0197127,1
1309,0,0.0120558,1
973_BRANCH0_1227,0,0.0232224,1
1016,1,0.0201163,1
1016,0,0.018421,1
969_BRANCH0_1156,1,0.0188027,1
969_BRANCH0_1156,0,0.0188557,1
1171_BRANCH0_2603,1,0.0144611,1
1171_BRANCH0_2603,0,0.0199457,1
1748,1,0.0147554,1
1748,0,0.0119255,1
992,1,0.0221527,1
992,0,0.0215517,1
965,1,0.0184588,1
965,0,0.0188799,1
358_BRANCH0_2758,1,0.0188152,1
358_BRANCH0_2758,0,0.0192316,1
959_BRANCH0_1837,1,0.0138253,1
959_BRANCH0_1837,0,0.0211647,1
962,0,0.0206325,1
962_BRANCH0_1825,1,0.0219209,1
962_BRANCH0_1825,0,0.0232855,1
1875_BRANCH0_2036,1,0.0123857,1
1875_BRANCH0_2036,0,0.0103175,1
962_BRANCH0_1155,1,0.0211311,1
962_BRANCH0_1155,0,0.0233548,1
331_BRANCH0_554,1,0.0192653,1
331_BRANCH0_554,0,0.0177517,1
2297_BRANCH0_2555,1,0.0148215,1
2297_BRANCH0_2555,0,0.0155113,1
959,1,0.0144817,1
959,0,0.0196996,1
1978,1,0.0156262,1
1978,0,0.0160844,1
2286_BRANCH0_2594,1,0.017105,1
2286_BRANCH0_2594,0,0.015239,1
959_BRANCH0_1218,1,0.0148455,1
959_BRANCH0_1218,0,0.0219026,1
2340_BRANCH0_2648,1,0.017063,1
2340_BRANCH0_2648,0,0.0174653,1
1493,1,0.0195309,1
1493,0,0.0124508,1
958,1,0.0191964,1
958,0,0.0179052,1
1661_BRANCH0_1727,1,0.0130705,1
1661_BRANCH0_1727,0,0.0138075,1
1546,1,0.0125033,1
1546,0,0.0128741,1
1409,1,0.0127168,1
1409,0,0.0136302,1
2052,1,0.0131768,1
2052,0,0.0112768,1
2821_BRANCH0_2860,1,0.0107392,1
2821_BRANCH0_2860,0,0.0278814,1
955,1,0.0204316,1
955,0,0.018685,1
1459,1,0.0121916,1
1459,0,0.0133834,1
1762,1,0.0126051,1
1762,0,0.0105088,1
955_BRANCH0_1153,1,0.0190965,1
955_BRANCH0_1153,0,0.0195011,1
1537,1,0.0123256,1
1537,0,0.0119458,1
951,1,0.0186203,1
951,0,0.0181662,1
951_BRANCH0_1154,1,0.0187661,1
951_BRANCH0_1154,0,0.0188928,1
1711,1,0.0132242,1
1711,0,0.0124872,1
947,1,0.0196264,1
947,0,0.0204001,1
947_BRANCH0_1152,1,0.0207209,1
947_BRANCH0_1152,0,0.0212187,1
2078_BRANCH0_2196,1,0.0159,1
2078_BRANCH0_2196,0,0.0153937,1
2720,1,0.0196962,1
2720,0,0.0154743,1
1478,1,0.0129427,1
1478,0,0.0141972,1
946,1,0.01859,1
946,0,0.0191846,1
1685,1,0.0110461,1
1685,0,0.0104797,1
2315,1,0.0149945,1
2315,0,0.0160874,1
1643_BRANCH0_1707,1,0.018694,1
1643_BRANCH0_1707,0,0.0186269,1
1376_BRANCH0_1471,1,167.192,1
1376_BRANCH0_1471,0,162.506,1
943_BRANCH0_1489,1,0.0214883,1
943_BRANCH0_1489,0,0.0193762,1
943_BRANCH0_1151,1,0.0189996,1
943_BRANCH0_1151,0,0.0185127,1
608_BRANCH0_903,1,0.0218942,1
608_BRANCH0_903,0,0.017968,1
1351,1,0.0157541,1
1351,0,0.0222619,1
1958_BRANCH0_2014,1,0.0119524,1
1958_BRANCH0_2014,0,0.0110421,1
942,1,0.0184947,1
942,0,0.0186182,1
939_BRANCH0_1487,1,0.0185193,1
939_BRANCH0_1487,0,0.0186213,1
939_BRANCH0_1148,1,0.019076,1
939_BRANCH0_1148,0,0.0183732,1
715_BRANCH0_980,1,0.018516,1
715_BRANCH0_980,0,0.0197955,1
2757,1,0.0186505,1
2757,0,0.0134898,1
935,1,0.0195334,1
935,0,0.0184776,1
676_BRANCH0_920,1,0.0200771,1
676_BRANCH0_920,0,0.0205295,1
1249,1,0.0146798,1
1249,0,0.0108058,1
1122,1,0.0216445,1
1122,0,0.0159216,1
1188_BRANCH0_2664,1,0.012799,1
1188_BRANCH0_2664,0,0.018066,1
935_BRANCH0_1149,1,0.0195174,1
935_BRANCH0_1149,0,0.018384,1
319_BRANCH0_592,1,0.0216469,1
319_BRANCH0_592,0,0.024495,1
1639,1,0.0117711,1
1639,0,0.0131707,1
556,1,0.0176965,1
556,0,0.0183236,1
926_BRANCH0_2633,1,0.0182157,1
926_BRANCH0_2633,0,0.0276743,1
918,1,0.0202344,1
918,0,0.0208487,1
388_BRANCH0_549,1,0.0238711,1
388_BRANCH0_549,0,0.0244867,1
926_BRANCH0_2632,1,0.0167051,1
926_BRANCH0_2632,0,0.0243608,1
926_BRANCH0_2630,1,0.0165615,1
926_BRANCH0_2630,0,0.0247661,1
2227,1,0.0166309,1
2227,0,0.0159148,1
993,1,0.0230136,1
993,0,0.0214245,1
926_BRANCH0_2629,1,0.0156564,1
926_BRANCH0_2629,0,0.0245377,1
1675,1,0.0169392,1
1675,0,0.0174517,1
923_BRANCH0_1188,1,0.024571,1
923_BRANCH0_1188,0,0.0149235,1
1317,1,0.0202967,1
1317,0,0.017889,1
2272,1,0.0168376,1
2272,0,0.0157612,1
1316,1,0.0209508,1
1316,0,0.0121453,1
2353_BRANCH0_2664,1,0.0164598,1
2353_BRANCH0_2664,0,0.0184746,1
922,1,0.0252823,1
922,0,0.0160893,1
2228,1,0.0168521,1
2228,0,0.016029,1
920,1,0.0206938,1
920,0,0.0203559,1
919,1,0.0207738,1
919,0,0.0207053,1
1815_BRANCH0_1855,1,0.0167634,1
1815_BRANCH0_1855,0,0.015815,1
917,1,0.022153,1
917,0,0.0217438,1
916,1,0.0215544,1
916,0,0.0214607,1
915,1,0.0430162,1
915,0,0.0443504,1
913,1,0.0203298,1
913,0,0.0210032,1
688,1,0.0197061,1
688,0,0.0188715,1
2027_BRANCH0_2071,1,0.01609,1
2027_BRANCH0_2071,0,0.0163066,1
1671,1,0.0107523,1
1671,0,0.010294,1
1748_BRANCH0_1807,1,0.0116648,1
1748_BRANCH0_1807,0,0.0123729,1
1171_BRANCH0_2648,1,0.0138969,1
1171_BRANCH0_2648,0,0.0201854,1
1388,1,0.0167206,1
1388,0,0.0157897,1
910,1,0.0235105,1
910,0,0.0151738,1
277,1,0.0208506,1
277,0,0.0189519,1
907,1,0.0224229,1
907,0,0.0151548,1
2067,1,0.0188231,1
2067,0,0.0171898,1
907_BRANCH0_1252,1,0.0259134,1
907_BRANCH0_1252,0,0.0150827,1
216_BRANCH0_739,1,0.0192615,1
216_BRANCH0_739,0,0.0176778,1
201,1,0.0184201,1
201,0,0.0195166,1
903_BRANCH0_2279,1,0.029635,1
903_BRANCH0_2279,0,0.0151318,1
899,1,0.0234675,1
899,0,0.0148848,1
748_BRANCH0_1008,1,0.0195219,1
748_BRANCH0_1008,0,0.0180563,1
1226,1,0.0188046,1
1226,0,0.0191233,1
910_BRANCH0_1258,1,0.0227659,1
910_BRANCH0_1258,0,0.015527,1
586_BRANCH0_973,0,0.0210558,1
899_BRANCH0_2279,1,0.0302447,1
899_BRANCH0_2279,0,0.0159188,1
899_BRANCH0_1164,1,0.0233589,1
899_BRANCH0_1164,0,0.0147049,1
1827,1,0.0124839,1
1827,0,0.0113268,1
2315_BRANCH0_2546,1,0.0149934,1
2315_BRANCH0_2546,0,0.0165615,1
2361_BRANCH0_2573,1,0.0172993,1
2361_BRANCH0_2573,0,0.0179079,1
976,1,0.0203119,1
976,0,0.0212887,1
899_BRANCH0_1163,1,0.0316316,1
2843_BRANCH0_2871,1,0.0141368,1
2843_BRANCH0_2871,0,0.0125696,1
898,1,0.0265308,1
898,0,0.0259442,1
1576,1,0.0129037,1
1576,0,0.0124698,1
551,1,0.0189799,1
551,0,0.0136767,1
1451,1,0.0196116,1
1451,0,0.0150828,1
1434,1,0.0241619,1
1434,0,0.0118323,1
998_BRANCH0_1498,1,0.0190521,1
998_BRANCH0_1498,0,0.0181836,1
2897,1,0.0136981,1
2897,0,0.0115227,1
896,1,0.0213097,1
896,0,0.014483,1
2104_BRANCH0_2634,1,0.0153417,1
2104_BRANCH0_2634,0,0.023372,1
326_BRANCH0_601,1,0.019673,1
326_BRANCH0_601,0,0.0178629,1
28_BRANCH0_225,1,0.019115,1
28_BRANCH0_225,0,0.0183116,1
326,1,0.0191707,1
326,0,0.0185333,1
319_BRANCH0_586,1,0.0196453,1
319_BRANCH0_586,0,0.0201664,1
306,1,0.019048,1
306,0,0.0190953,1
306_BRANCH0_555,1,0.0189033,1
306_BRANCH0_555,0,0.0189149,1
703_BRANCH0_958,1,0.0190743,1
703_BRANCH0_958,0,0.0193634,1
673_BRANCH0_2008,1,0.0424872,1
673_BRANCH0_2008,0,0.0425107,1
306_BRANCH0_554,1,0.0191426,1
306_BRANCH0_554,0,0.0188109,1
216_BRANCH0_619,1,0.0193999,1
216_BRANCH0_619,0,0.0188488,1
535,1,0.0236801,1
535,0,0.0245228,1
2634,1,0.0305809,1
2634,0,0.0140631,1
685,1,0.0146566,1
685,0,0.0139457,1
595_BRANCH0_998,1,0.0193902,1
595_BRANCH0_998,0,0.0178388,1
1777,1,0.010788,1
1777,0,0.0122775,1
306_BRANCH0_553,1,0.0189764,1
306_BRANCH0_553,0,0.0191209,1
2600_BRANCH0_2745,1,0.0153755,1
2600_BRANCH0_2745,0,0.0137636,1
664,1,0.0218012,1
664,0,0.0219587,1
697,1,0.0212364,1
697,0,0.0212886,1
1255_BRANCH0_1348,1,0.0295447,1
1255_BRANCH0_1348,0,0.0166485,1
893,1,0.0216466,1
893,0,0.0106637,1
2858,1,0.0219601,1
2858,0,0.0120388,1
712_BRANCH0_976,1,0.0190027,1
712_BRANCH0_976,0,0.0210904,1
303_BRANCH0_923,1,0.0235417,1
303_BRANCH0_923,0,0.0254441,1
194_BRANCH0_634,1,0.0195793,1
194_BRANCH0_634,0,0.0182545,1
56_BRANCH0_910,1,0.0214646,1
56_BRANCH0_910,0,0.0228204,1
290_BRANCH0_2078,1,0.0196908,1
290_BRANCH0_2078,0,0.0258729,1
25_BRANCH0_367,1,0.0196362,1
25_BRANCH0_367,0,0.0195953,1
69_BRANCH0_257,1,0.0216532,1
69_BRANCH0_257,0,0.0212253,1
34_BRANCH0_232,1,0.0183541,1
34_BRANCH0_232,0,0.0179294,1
283_BRANCH0_2815,1,0.0227919,1
283_BRANCH0_2815,0,0.0236506,1
1040_BRANCH0_1225,1,0.0205476,1
1040_BRANCH0_1225,0,0.0204958,1
2129_BRANCH0_2561,1,0.0158439,1
2129_BRANCH0_2561,0,0.0158788,1
539,1,0.0247076,1
539,0,0.0246288,1
1664,1,0.0182714,1
1664,0,0.0167302,1
2658_BRANCH0_2738,1,0.013129,1
2658_BRANCH0_2738,0,0.0153013,1
691_BRANCH0_942,1,0.0201845,1
691_BRANCH0_942,0,0.0189951,1
283_BRANCH0_2812,1,0.0220333,1
283_BRANCH0_2812,0,0.0272758,1
319_BRANCH0_724,1,0.0221091,1
319_BRANCH0_724,0,0.0218822,1
2631,1,0.0145524,1
2631,0,0.0149022,1
2824,1,0.0103455,1
2824,0,0.0262434,1
565,1,0.0199321,1
565,0,0.020336,1
595_BRANCH0_994,1,0.0191848,1
595_BRANCH0_994,0,0.0181702,1
571,1,0.0186359,1
571,0,0.0188201,1
2068_BRANCH0_2104,1,0.0157781,1
2068_BRANCH0_2104,0,0.0165144,1
2785,1,0.0124833,1
2785,0,0.0144959,1
2863,1,0.025626,1
2863,0,0.0127495,1
1534,1,0.0175826,1
1534,0,0.0188096,1
2673,1,0.0165713,1
2673,0,0.0126188,1
16,1,0.0199151,1
16,0,0.0193956,1
277_BRANCH0_921,1,0.0291866,1
277_BRANCH0_921,0,0.0303369,1
349,1,0.0194857,1
349,0,0.0191708,1
939,1,0.0191083,1
939,0,0.0187915,1
272_BRANCH0_679,1,0.0198676,1
272_BRANCH0_679,0,0.0205344,1
300,1,0.0293539,1
300,0,0.0227775,1
1252_BRANCH0_1349,1,0.0261674,1
1252_BRANCH0_1349,0,0.0151571,1
1658_BRANCH0_1720,1,0.0135715,1
1658_BRANCH0_1720,0,0.0127318,1
266_BRANCH0_667,1,0.0292568,1
266_BRANCH0_667,0,0.029601,1
338_BRANCH0_926,0,0.0238542,1
25,1,0.0197496,1
25,0,0.0188187,1
608_BRANCH0_910,1,0.0220015,1
608_BRANCH0_910,0,0.0171357,1
297,1,0.0228054,1
297,0,0.0264189,1
1315,1,0.0193797,1
1315,0,0.0138501,1
2427_BRANCH0_2639,1,0.0152089,1
2427_BRANCH0_2639,0,0.0151795,1
730_BRANCH0_997,1,0.0201834,1
730_BRANCH0_997,0,0.0175865,1
4,1,0.019459,1
4,0,0.019406,1
263,1,0.0205578,1
263,0,0.0212066,1
91_BRANCH0_252,1,0.0103163,1
91_BRANCH0_252,0,0.0212073,1
2297_BRANCH0_2645,1,0.0181672,1
2297_BRANCH0_2645,0,0.0164789,1
724_BRANCH0_1122,1,0.0136484,1
724_BRANCH0_1122,0,0.0213877,1
1010_BRANCH0_1206,1,0.0190253,1
1010_BRANCH0_1206,0,0.0189738,1
252,1,0.0206761,1
252,0,0.0161414,1
1688,1,0.0112996,1
1688,0,0.0105581,1
1510_BRANCH0_1569,1,0.0129199,1
1510_BRANCH0_1569,0,0.0126953,1
263_BRANCH0_661,1,0.0209467,1
263_BRANCH0_661,0,0.0212218,1
2851,1,0.0239335,1
2851,0,0.0138455,1
34,1,0.0190125,1
34,0,0.0185748,1
1723_BRANCH0_1773,1,0.0103025,1
1723_BRANCH0_1773,0,0.010304,1
37_BRANCH0_235,1,0.0188294,1
37_BRANCH0_235,0,0.0191804,1
2143,1,0.0157642,1
2143,0,0.0166505,1
2245_BRANCH0_2272,1,0.0167549,1
2245_BRANCH0_2272,0,0.0164869,1
4_BRANCH0_194,1,0.020408,1
4_BRANCH0_194,0,0.0202912,1
926_BRANCH0_2631,1,0.0166524,1
926_BRANCH0_2631,0,0.0250127,1
338_BRANCH0_2384,1,0.0210272,1
338_BRANCH0_2384,0,0.0190267,1
63,1,0.0191226,1
63,0,0.0186945,1
733_BRANCH0_1328,1,0.0186946,1
733_BRANCH0_1328,0,0.0184406,1
257,1,0.0212255,1
257,0,0.0217104,1
297_BRANCH0_921,1,0.0226151,1
297_BRANCH0_921,0,0.0300363,1
1219,1,0.0254684,1
1219,0,0.0268331,1
1823,1,0.016322,1
1823,0,0.0158438,1
253,1,0.0230392,1
253,0,0.0224176,1
1838_BRANCH0_1896,1,0.0109351,1
1838_BRANCH0_1896,0,0.0113145,1
2853,1,0.0290173,1
2853,0,0.011093,1
253_BRANCH0_724,1,0.0213711,1
253_BRANCH0_724,0,0.021364,1
1463,1,0.0138297,1
1463,0,0.0140454,1
1440_BRANCH0_2023,1,0.0194078,1
1440_BRANCH0_2023,0,0.0228075,1
2235,1,0.0231077,1
2235,0,0.0169522,1
1188_BRANCH0_2617,1,0.0165335,1
1188_BRANCH0_2617,0,0.0192013,1
361_BRANCH0_540,1,0.0255903,1
361_BRANCH0_540,0,0.0252157,1
658,1,0.0209098,1
658,0,0.0212337,1
349_BRANCH0_536,1,0.0241507,1
349_BRANCH0_536,0,0.0249254,1
2361_BRANCH0_2597,1,0.0174576,1
2361_BRANCH0_2597,0,0.0180801,1
56,1,0.0194793,1
56,0,0.0188805,1
2872,1,0.0127942,1
2872,0,0.0144669,1
1249_BRANCH0_1345,1,0.0130878,1
1249_BRANCH0_1345,0,0.01512,1
253_BRANCH0_592,1,0.023129,1
253_BRANCH0_592,0,0.0236078,1
247_BRANCH0_700,1,0.0192035,1
247_BRANCH0_700,0,0.0189978,1
349_BRANCH0_2722,1,0.0187554,1
349_BRANCH0_2722,0,0.0201132,1
2375,1,0.016346,1
2375,0,0.0183003,1
247_BRANCH0_595,1,0.0193545,1
247_BRANCH0_595,0,0.0184155,1
346_BRANCH0_2721,1,0.0191363,1
346_BRANCH0_2721,0,0.0195651,1
1452,1,0.0182235,1
1452,0,0.0222711,1
2236,1,0.0244317,1
2236,0,0.0404203,1
1246_BRANCH0_1398,1,0.0145951,1
1246_BRANCH0_1398,0,0.0149184,1
1019,1,0.0218158,1
1019,0,0.0209041,1
706,1,0.0201689,1
706,0,0.0193504,1
269,1,0.0468851,1
269,0,0.0479006,1
306_BRANCH0_550,1,0.0198486,1
306_BRANCH0_550,0,0.0198968,1
91,1,0.0226713,1
91,0,0.0222629,1
99_BRANCH0_303,1,0.0342687,1
99_BRANCH0_303,0,0.0239163,1
1858,1,0.0431321,1
1858,0,0.0178339,1
239,1,0.0200586,1
239,0,0.0188885,1
239_BRANCH0_589,1,0.020407,1
239_BRANCH0_589,0,0.0203041,1
903,1,0.0223797,1
903,0,0.0160479,1
79_BRANCH0_2829,1,0.0310158,1
79_BRANCH0_2829,0,0.0266413,1
1215,1,0.0193947,1
1215,0,0.0191316,1
331_BRANCH0_551,1,0.0182398,1
331_BRANCH0_551,0,0.0196266,1
326_BRANCH0_921,1,0.0302073,1
326_BRANCH0_921,0,0.029027,1
1412,1,0.0187096,1
1412,0,0.0122456,1
2555_BRANCH0_2750,1,0.0152304,1
2555_BRANCH0_2750,0,0.0159225,1
313_BRANCH0_2384,1,0.00569922,0
313_BRANCH0_2384,0,0.0176495,1
1413,1,0.0152299,1
1413,0,0.0121485,1
643_BRANCH0_1706,1,0.0142315,1
643_BRANCH0_1706,0,0.0215026,1
718_BRANCH0_1120,1,0.0202912,1
718_BRANCH0_1120,0,0.0186258,1
232_BRANCH0_583,1,0.0184925,1
232_BRANCH0_583,0,0.0189324,1
2060,1,0.0208102,1
2060,0,0.0217331,1
379_BRANCH0_2765,1,0.0199594,1
379_BRANCH0_2765,0,0.0195122,1
229,1,0.0190509,1
229,0,0.0185831,1
2229,1,0.0157698,1
2229,0,0.0167848,1
903_BRANCH0_1167,1,0.0306359,1
376_BRANCH0_545,1,0.0237311,1
376_BRANCH0_545,0,0.0250068,1
303_BRANCH0_926,0,0.0232837,1
1031_BRANCH0_1219,1,0.0258138,1
1031_BRANCH0_1219,0,0.026784,1
229_BRANCH0_580,1,0.0199707,1
229_BRANCH0_580,0,0.0190633,1
541,1,0.023905,1
541,0,0.0243228,1
326_BRANCH0_922,1,0.0267494,1
326_BRANCH0_922,0,0.0257929,1
2611_BRANCH0_2750,1,0.0153984,1
2611_BRANCH0_2750,0,0.0145996,1
225,1,0.0189823,1
225,0,0.0180409,1
667_BRANCH0_2230,1,0.0287648,1
667_BRANCH0_2230,0,0.0302517,1
1010_BRANCH0_1205,1,0.0200663,1
1010_BRANCH0_1205,0,0.0182858,1
1164_BRANCH0_2266,1,0.0242057,1
1164_BRANCH0_2266,0,0.0157567,1
1216,1,0.0204747,1
1216,0,0.0121325,1
1788_BRANCH0_1826,1,0.0149492,1
1788_BRANCH0_1826,0,0.0121993,1
316,1,0.0208424,1
316,0,0.0162475,1
66_BRANCH0_252,1,0.0211587,1
66_BRANCH0_252,0,0.0238036,1
225_BRANCH0_568,1,0.0194203,1
225_BRANCH0_568,0,0.0191772,1
99,1,0.0186204,1
99,0,0.0187719,1
2888,1,0.0108393,1
2888,0,0.0132951,1
676,1,0.0205064,1
676,0,0.0213479,1
1866,1,0.0119289,1
1866,0,0.011005,1
220_BRANCH0_730,1,0.0192013,1
220_BRANCH0_730,0,0.0187481,1
247_BRANCH0_703,1,0.0192255,1
247_BRANCH0_703,0,0.0194819,1
1540_BRANCH0_1594,1,0.0128752,1
1540_BRANCH0_1594,0,0.0131696,1
2013,1,0.0127908,1
2013,0,0.0119356,1
1364,1,0.0131073,1
1364,0,0.0141883,1
2361_BRANCH0_2552,1,0.0186235,1
2361_BRANCH0_2552,0,0.0181577,1
2427_BRANCH0_2606,1,0.0158411,1
2427_BRANCH0_2606,0,0.0166913,1
1261,1,0.0319993,1
1261,0,0.0155049,1
1815_BRANCH0_1856,1,0.0169479,1
1815_BRANCH0_1856,0,0.0166226,1
2617,1,0.0171231,1
2617,0,0.0150353,1
220_BRANCH0_577,1,0.0200212,1
220_BRANCH0_577,0,0.0188769,1
697_BRANCH0_950,1,0.0196427,1
697_BRANCH0_950,0,0.0216594,1
376_BRANCH0_2764,1,0.0212921,1
376_BRANCH0_2764,0,0.0198123,1
212_BRANCH0_748,1,0.0191943,1
212_BRANCH0_748,0,0.0187289,1
1399,1,0.0133015,1
1399,0,0.0147882,1
994,1,0.0193451,1
994,0,0.0187601,1
212_BRANCH0_697,1,0.0201777,1
212_BRANCH0_697,0,0.0213703,1
1920,1,0.0173172,1
1920,0,0.0166292,1
212_BRANCH0_694,1,0.0201941,1
212_BRANCH0_694,0,0.0193533,1
603_BRANCH0_921,1,0.0263558,1
603_BRANCH0_921,0,0.0239666,1
1603,1,0.0167911,1
1603,0,0.0124504,1
1557,1,0.0122276,1
1557,0,0.0132691,1
2651_BRANCH0_2732,1,63.808,1
2651_BRANCH0_2732,0,0.0167542,1
209,1,0.0203218,1
209,0,0.0202084,1
1864,1,0.0113988,1
1864,0,0.0120721,1
1246,1,0.0132933,1
1246,0,0.0139133,1
209_BRANCH0_736,1,0.0202521,1
209_BRANCH0_736,0,0.018648,1
1379,1,0.0125226,1
1379,0,0.014086,1
1334_BRANCH0_1801,1,0.0151577,1
1334_BRANCH0_1801,0,0.0147524,1
220,1,0.0184719,1
220,0,0.0187899,1
2875,1,0.011383,1
2875,0,0.0116963,1
655_BRANCH0_1067,1,0.0131399,1
655_BRANCH0_1067,0,0.021732,1
206_BRANCH0_562,1,0.0225836,1
206_BRANCH0_562,0,0.0205794,1
206_BRANCH0_718,1,0.019674,1
206_BRANCH0_718,0,0.0186398,1
589,1,0.0197412,1
589,0,0.0197654,1
1748_BRANCH0_1808,1,0.0116736,1
1748_BRANCH0_1808,0,0.0115923,1
739,1,0.0193257,1
739,0,0.0185234,1
1615_BRANCH0_1810,1,0.0184867,1
1615_BRANCH0_1810,0,0.0193034,1
290_BRANCH0_1802,1,0.0215148,1
290_BRANCH0_1802,0,0.0211339,1
313,1,0.0220387,1
313,0,0.0208622,1
646,1,0.0197384,1
646,0,0.0185675,1
1031_BRANCH0_1713,1,0.0259816,1
1031_BRANCH0_1713,0,0.027171,1
260_BRANCH0_608,1,0.0241838,1
260_BRANCH0_608,0,0.0247276,1
1576_BRANCH0_1639,1,0.0137135,1
1576_BRANCH0_1639,0,0.0133589,1
82,1,0.0205111,1
82,0,0.0209618,1
1678,1,0.0139812,1
1678,0,0.0128839,1
72_BRANCH0_253,1,0.0231904,1
72_BRANCH0_253,0,0.0225196,1
589_BRANCH0_1043,1,0.0193016,1
589_BRANCH0_1043,0,0.0190747,1
1682,1,0.0127528,1
1682,0,0.0126936,1
275,1,0.026225,1
275,0,0.02605,1
751_BRANCH0_1132,1,0.0205534,1
751_BRANCH0_1132,0,0.018394,1
2862,1,0.024763,1
2862,0,0.0139023,1
364_BRANCH0_541,1,0.0238224,1
364_BRANCH0_541,0,0.0251439,1
2119_BRANCH0_2658,1,0.0174878,1
2119_BRANCH0_2658,0,0.0171094,1
603_BRANCH0_923,1,0.0281936,1
603_BRANCH0_923,0,0.0202756,1
1373,1,0.013623,1
1373,0,0.0141792,1
49,1,0.0211566,1
49,0,0.0191501,1
1419,1,0.0128145,1
1419,0,0.0143436,1
1701_BRANCH0_1764,1,0.0182815,1
1701_BRANCH0_1764,0,0.01836,1
256,1,0.0248532,1
256,0,0.0251311,1
1258_BRANCH0_2025,1,0.0238719,1
1258_BRANCH0_2025,0,0.0159058,1
2427_BRANCH0_2597,1,0.0167536,1
2427_BRANCH0_2597,0,0.0169799,1
545,1,0.0252678,1
545,0,0.025329,1
201_BRANCH0_715,1,0.020306,1
201_BRANCH0_715,0,0.0188021,1
53,1,0.0188599,1
53,0,0.0190569,1
562_BRANCH0_943,1,0.0189167,1
562_BRANCH0_943,0,0.0191448,1
1,1,0.0192916,1
1,0,0.0194077,1
99_BRANCH0_313,1,0.0196581,1
99_BRANCH0_313,0,0.0205761,1
1349,1,0.0170084,1
1349,0,0.0271514,1
2326_BRANCH0_2620,1,0.014874,1
2326_BRANCH0_2620,0,0.0170576,1
2361_BRANCH0_2629,1,11.3006,1
2361_BRANCH0_2629,0,0.0184825,1
53_BRANCH0_724,1,0.0226372,1
53_BRANCH0_724,0,0.021891,1
622,1,0.0193689,1
622,0,0.0190665,1
977,1,0.0145669,1
977,0,0.0196462,1
31_BRANCH0_373,1,0.0186071,1
31_BRANCH0_373,0,0.0197414,1
1481_BRANCH0_1568,1,0.0131024,1
1481_BRANCH0_1568,0,0.0132164,1
562,1,0.0204509,1
562,0,0.0208277,1
643_BRANCH0_893,1,0.0114767,1
643_BRANCH0_893,0,0.0211674,1
40,1,0.021054,1
40,0,0.0195429,1
888,1,0.0194386,1
888,0,0.0194437,1
586,1,0.0161441,1
586,0,0.0195054,1
2297_BRANCH0_2597,1,0.0165884,1
2297_BRANCH0_2597,0,0.015899,1
914,1,0.0219188,1
914,0,0.021619,1
1591,1,0.0195462,1
1591,0,0.0195459,1
10_BRANCH0_352,1,0.0212827,1
10_BRANCH0_352,0,0.0198745,1
56_BRANCH0_643,1,0.0213252,1
56_BRANCH0_643,0,0.0231992,1
1188_BRANCH0_2655,1,0.0138234,1
1188_BRANCH0_2655,0,0.0192597,1
748_BRANCH0_1133,1,0.0200005,1
748_BRANCH0_1133,0,0.0187761,1
2606_BRANCH0_2750,1,0.015279,1
2606_BRANCH0_2750,0,0.0163401,1
216,1,0.0194989,1
216,0,0.0187104,1
1658_BRANCH0_1721,1,0.0126879,1
1658_BRANCH0_1721,0,0.013698,1
718,1,0.0199846,1
718,0,0.0187542,1
352_BRANCH0_537,1,0.024005,1
352_BRANCH0_537,0,0.0254668,1
104_BRANCH0_326,1,0.0204558,1
104_BRANCH0_326,0,0.0189366,1
1_BRANCH0_190,1,0.0192814,1
1_BRANCH0_190,0,0.0193365,1
2297_BRANCH0_2570,1,0.0160704,1
2297_BRANCH0_2570,0,0.0164548,1
568_BRANCH0_951,1,0.0202644,1
568_BRANCH0_951,0,0.0194759,1
649,1,0.0191369,1
649,0,0.0189215,1
37,1,0.00988606,1
37,0,0.00961124,1
46,1,0.0192933,1
46,0,0.0198525,1
25_BRANCH0_220,1,0.0193674,1
25_BRANCH0_220,0,0.0190134,1
1049,1,0.0187552,1
1049,0,0.0187488,1
269_BRANCH0_670,1,0.0202262,1
269_BRANCH0_670,0,0.021469,1
283_BRANCH0_2829,1,0.0244077,1
283_BRANCH0_2829,0,0.0276776,1
1658,1,0.0133786,1
1658,0,0.0137785,1
239_BRANCH0_598,1,0.0194098,1
239_BRANCH0_598,0,0.0185715,1
94_BRANCH0_283,1,0.0200567,1
94_BRANCH0_283,0,0.0246242,1
216_BRANCH0_721,1,0.019377,1
216_BRANCH0_721,0,0.018576,1
1319_BRANCH0_1852,1,0.0118059,1
1319_BRANCH0_1852,0,0.0145501,1
612_BRANCH0_897,1,0.0113066,0
612_BRANCH0_897,0,0.018534,1
2250,1,0.0425238,1
2250,0,0.0247258,1
2269_BRANCH0_2426,1,0.0160265,1
2269_BRANCH0_2426,0,0.016987,1
10_BRANCH0_201,1,0.0198597,1
10_BRANCH0_201,0,0.020133,1
546,1,0.0247416,1
546,0,0.0256038,1
1517_BRANCH0_1600,1,0.0173426,1
1517_BRANCH0_1600,0,0.0180066,1
1235_BRANCH0_1389,1,0.0158028,1
1235_BRANCH0_1389,0,0.0146064,1
1961_BRANCH0_2015,1,0.0108322,1
1961_BRANCH0_2015,0,0.0124189,1
2256,1,0.0171075,1
2256,0,0.0168714,1
16_BRANCH0_358,1,0.0202437,1
16_BRANCH0_358,0,0.0199968,1
2543_BRANCH0_2747,1,0.0156054,1
2543_BRANCH0_2747,0,0.0171856,1
1361,1,0.0154406,1
1361,0,0.0161761,1
303,1,0.0370002,1
303,0,0.0246987,1
276,1,0.0268359,1
276,0,0.0244145,1
300_BRANCH0_612,1,0.0265547,1
300_BRANCH0_612,0,0.0236285,1
197_BRANCH0_691,1,0.0207989,1
197_BRANCH0_691,0,0.0192252,1
43_BRANCH0_243,1,0.018879,1
43_BRANCH0_243,0,0.018049,1
1327,1,0.0187036,1
1327,0,0.0130392,1
2722,1,0.0188072,1
2722,0,0.0120269,1
266,1,0.0287653,1
266,0,0.0293834,1
1953_BRANCH0_2005,1,0.0168176,1
1953_BRANCH0_2005,0,0.0173413,1
631_BRANCH0_1267,1,79.9236,1
631_BRANCH0_1267,0,80.0867,1
2597_BRANCH0_2747,1,0.0171432,1
2597_BRANCH0_2747,0,0.0154738,1
283_BRANCH0_2818,1,0.0240999,1
283_BRANCH0_2818,0,0.0266275,1
2740,1,0.0163743,1
2740,0,0.0132634,1
373,1,0.0196866,1
373,0,0.019486,1
2326,1,0.0176161,1
2326,0,0.0155156,1
628_BRANCH0_1322,1,0.0212291,1
628_BRANCH0_1322,0,0.0196274,1
1561_BRANCH0_1640,1,0.0130094,1
1561_BRANCH0_1640,0,0.0136154,1
31,1,0.0198254,1
31,0,0.0189206,1
2030,1,0.0165766,1
2030,0,0.0170078,1
1471,1,166.409,1
1471,0,0.0219223,1
2664_BRANCH0_2742,1,0.016514,1
2664_BRANCH0_2742,0,0.0150024,1
568,1,0.0211883,1
568,0,0.0196724,1
1514_BRANCH0_1615,1,0.0189341,1
1514_BRANCH0_1615,0,0.0207204,1
712_BRANCH0_1317,1,0.0208809,1
712_BRANCH0_1317,0,0.0220398,1
1013_BRANCH0_1207,1,0.0207646,1
1013_BRANCH0_1207,0,0.0197693,1
235_BRANCH0_706,1,0.0206914,1
235_BRANCH0_706,0,0.019804,1
1734_BRANCH0_1786,1,0.0182449,1
1734_BRANCH0_1786,0,0.0184286,1
367_BRANCH0_2761,1,0.0215489,1
367_BRANCH0_2761,0,0.0200429,1
94_BRANCH0_300,1,0.0237647,1
94_BRANCH0_300,0,0.0301611,1
382,1,0.0199452,1
382,0,0.0200489,1
22_BRANCH0_216,1,0.0189141,1
22_BRANCH0_216,0,0.0186448,1
1777_BRANCH0_1822,1,0.0112367,1
1777_BRANCH0_1822,0,0.0133548,1
1231,1,0.02065,1
1231,0,0.0171522,1
1188_BRANCH0_2651,1,0.0129645,1
1188_BRANCH0_2651,0,0.020934,1
257_BRANCH0_655,1,0.0253478,1
257_BRANCH0_655,0,0.0222787,1
586_BRANCH0_977,1,0.0142689,1
586_BRANCH0_977,0,0.0197831,1
1367_BRANCH0_1454,1,0.0155092,1
1367_BRANCH0_1454,0,0.015819,1
640,1,0.0189435,1
640,0,0.01882,1
2202_BRANCH0_2229,1,0.016071,1
2202_BRANCH0_2229,0,0.0165661,1
85,1,0.0217474,1
85,0,0.0221022,1
1950_BRANCH0_2007,1,0.0178755,1
1950_BRANCH0_2007,0,0.0170776,1
7_BRANCH0_349,1,0.0206753,1
7_BRANCH0_349,0,0.0200931,1
1812,1,0.0114742,1
1812,0,0.012559,1
985_BRANCH0_1159,1,0.0179168,1
985_BRANCH0_1159,0,0.0247195,1
283,1,0.0247916,1
283,0,0.0243954,1
1968,1,0.0110217,1
1968,0,0.0144662,1
2216,1,0.0178981,1
2216,0,0.0168298,1
232_BRANCH0_646,1,0.0204994,1
232_BRANCH0_646,0,0.0192931,1
943,1,0.0188085,1
943,0,0.0201153,1
79_BRANCH0_266,1,0.029914,1
79_BRANCH0_266,0,0.0288763,1
331_BRANCH0_555,1,0.0199785,1
331_BRANCH0_555,0,0.0196631,1
346_BRANCH0_535,1,0.0249634,1
346_BRANCH0_535,0,0.0255857,1
13,1,0.0207193,1
13,0,0.0196326,1
649_BRANCH0_1412,1,0.0193042,1
649_BRANCH0_1412,0,0.0189934,1
290_BRANCH0_1889,1,0.0196203,1
290_BRANCH0_1889,0,0.0206091,1
2561,1,0.0130418,1
2561,0,0.0162291,1
79,1,0.0301932,1
79,0,0.029398,1
243_BRANCH0_571,1,0.0205899,1
243_BRANCH0_571,0,0.0195363,1
10,1,0.0195636,1
10,0,0.0195737,1
1255_BRANCH0_2232,1,0.0230557,1
1255_BRANCH0_2232,0,0.0247974,1
2361_BRANCH0_2658,1,0.0197156,1
2361_BRANCH0_2658,0,0.0184269,1
2386_BRANCH0_2655,1,0.0175165,1
2386_BRANCH0_2655,0,0.017085,1
72_BRANCH0_256,1,0.0249424,1
72_BRANCH0_256,0,0.0251169,1
1612_BRANCH0_1682,1,0.0139841,1
1612_BRANCH0_1682,0,0.013784,1
88_BRANCH0_277,1,0.0201225,1
88_BRANCH0_277,0,0.0192635,1
537,1,0.0245705,1
537,0,0.0256989,1
2199_BRANCH0_2222,1,0.0209785,1
2199_BRANCH0_2222,0,0.0177999,1
1151,1,0.0199689,1
1151,0,0.0193182,1
7,1,0.0201245,1
7,0,0.0192033,1
965_BRANCH0_1500,1,0.0192375,1
965_BRANCH0_1500,0,0.0198921,1
13_BRANCH0_355,1,0.0200455,1
13_BRANCH0_355,0,0.0201046,1
104_BRANCH0_275,1,0.0246798,1
104_BRANCH0_275,0,0.0276958,1
2828,1,0.0148696,1
2828,0,0.014285,1
316_BRANCH0_685,1,0.021252,1
316_BRANCH0_685,0,0.0107546,1
290_BRANCH0_1858,1,0.0197146,1
290_BRANCH0_1858,0,0.0475548,1
290_BRANCH0_2081,1,0.0213293,1
290_BRANCH0_2081,0,0.0214209,1
16_BRANCH0_209,1,0.0209206,1
16_BRANCH0_209,0,0.0204438,1
104_BRANCH0_316,1,0.0209606,1
104_BRANCH0_316,0,0.0171406,1
2078_BRANCH0_2199,1,0.0230221,1
2078_BRANCH0_2199,0,0.017261,1
209_BRANCH0_565,1,0.0211567,1
209_BRANCH0_565,0,0.0213819,1
751,1,0.0201113,1
751,0,0.0192271,1
2119_BRANCH0_2570,1,0.016209,1
2119_BRANCH0_2570,0,0.0173891,1
2385,1,0.0176727,1
2385,0,0.0327415,1
682_BRANCH0_886,1,0.0150756,1
682_BRANCH0_886,0,0.0218537,1
40_BRANCH0_239,1,0.0199192,1
40_BRANCH0_239,0,0.0193127,1
538,1,0.0245862,1
538,0,0.0257807,1
534,1,0.0251196,1
534,0,0.0246945,1
220_BRANCH0_733,1,0.0200752,1
220_BRANCH0_733,0,0.0186076,1
19,1,0.0187685,1
19,0,0.0191411,1
2196_BRANCH0_2224,1,0.0160337,1
2196_BRANCH0_2224,0,0.0173771,1
547,1,0.0254798,1
547,0,0.0252369,1
69_BRANCH0_260,1,0.0234857,1
69_BRANCH0_260,0,0.0238978,1
1596,1,0.011442,1
1596,0,0.0113597,1
694_BRANCH0_1311,1,0.0191168,1
694_BRANCH0_1311,0,0.0199325,1
625_BRANCH0_1063,1,0.0187364,1
625_BRANCH0_1063,0,0.0202897,1
667_BRANCH0_915,1,0.0459542,1
667_BRANCH0_915,0,0.0437462,1
1606_BRANCH0_1679,1,0.014322,1
1606_BRANCH0_1679,0,0.0138586,1
2808,1,0.0163114,1
2808,0,0.0145765,1
19_BRANCH0_212,1,0.0202231,1
19_BRANCH0_212,0,0.019267,1
1774_BRANCH0_1824,1,0.0161265,1
1774_BRANCH0_1824,0,0.0169283,1
313_BRANCH1_2384,1,0.0060264,0
313_BRANCH1_2384,0,0.0179409,1
1528,1,0.0141011,1
1528,0,0.0135118,1
688_BRANCH0_938,1,0.0197926,1
688_BRANCH0_938,0,0.0200513,1
1_BRANCH0_343,1,0.0207818,1
1_BRANCH0_343,0,0.0203536,1
2040,1,0.0240247,1
2040,0,0.0255283,1
1390_BRANCH0_1476,1,0.0166517,1
1390_BRANCH0_1476,0,0.0169076,1
1310,1,0.0215128,1
1310,0,0.0138654,1
907_BRANCH0_1255,1,0.0323608,1
907_BRANCH0_1255,0,0.0228984,1
319_BRANCH0_574,1,0.0223801,1
319_BRANCH0_574,0,0.019544,1
283_BRANCH0_2824,1,0.0229384,1
283_BRANCH0_2824,0,0.0287739,1
2012,1,0.0168521,1
2012,0,0.0170843,1
2555,1,0.016156,1
2555,0,0.0166395,1
2883_BRANCH0_2896,1,0.0117478,1
2883_BRANCH0_2896,0,0.0125575,1
232,1,0.0194617,1
232,0,0.0187087,1
2765,1,0.0192161,1
2765,0,0.0153393,1
2860,1,0.0283518,1
2860,0,0.012988,1
197_BRANCH0_688,1,0.0189993,1
197_BRANCH0_688,0,0.0193939,1
703,1,0.0191514,1
703,0,0.0203118,1
297_BRANCH0_922,1,0.0227369,1
297_BRANCH0_922,0,0.0284188,1
1249_BRANCH0_1346,1,0.0147297,1
1249_BRANCH0_1346,0,0.0145047,1
1022_BRANCH0_1214,1,0.0198325,1
1022_BRANCH0_1214,0,0.0197512,1
935_BRANCH0_1488,1,0.0192681,1
935_BRANCH0_1488,0,0.0197088,1
951_BRANCH0_1494,1,0.0198326,1
951_BRANCH0_1494,0,0.0200965,1
1133,1,0.0192138,1
1133,0,0.0136701,1
751_BRANCH0_1009,1,0.0204921,1
751_BRANCH0_1009,0,0.0197023,1
2143_BRANCH0_2573,1,0.0177565,1
2143_BRANCH0_2573,0,0.0171494,1
2800,1,0.00603524,1
2800,0,0.0185397,1
1188_BRANCH0_2611,1,0.0174717,1
1188_BRANCH0_2611,0,0.0188931,1
247,1,0.0218084,1
247,0,0.0203091,1
60_BRANCH0_903,1,0.0237134,1
60_BRANCH0_903,0,0.0238229,1
85_BRANCH0_2821,1,0.0268159,1
85_BRANCH0_2821,0,0.0299391,1
260,1,0.0230296,1
260,0,0.0235496,1
721_BRANCH0_989,1,0.0194512,1
721_BRANCH0_989,0,0.0189829,1
2205,1,0.0164796,1
2205,0,0.0162815,1
1171_BRANCH0_2639,1,0.0145908,1
1171_BRANCH0_2639,0,0.0208255,1
235_BRANCH0_652,1,0.0228226,1
235_BRANCH0_652,0,0.0195039,1
60,1,0.0195893,1
60,0,0.0198424,1
316_BRANCH0_682,1,0.0204531,1
316_BRANCH0_682,0,0.0111747,1
2427_BRANCH0_2603,1,0.0151996,1
2427_BRANCH0_2603,0,0.0174011,1
2878,1,0.0128583,1
2878,0,0.0115781,1
331_BRANCH0_552,1,0.0198331,1
331_BRANCH0_552,0,0.0202946,1
269_BRANCH0_673,1,0.0431404,1
269_BRANCH0_673,0,0.0436023,1
2297_BRANCH0_2642,1,0.0169952,1
2297_BRANCH0_2642,0,0.0163957,1
1600_BRANCH0_1675,1,0.019081,1
1600_BRANCH0_1675,0,0.0174716,1
1264_BRANCH0_1419,1,0.0148421,1
1264_BRANCH0_1419,0,0.0146538,1
306_BRANCH0_552,1,0.0210277,1
306_BRANCH0_552,0,0.0203502,1
548,1,0.0257954,1
548,0,0.0258979,1
646_BRANCH0_1439,1,0.0197785,1
646_BRANCH0_1439,0,0.0192224,1
2326_BRANCH0_2555,1,0.0153505,1
2326_BRANCH0_2555,0,0.0171923,1
637_BRANCH0_1434,1,0.024759,1
637_BRANCH0_1434,0,0.0232735,1
243,1,0.0190681,1
243,0,0.0187411,1
1383,1,0.014677,1
1383,0,0.0144873,1
2736,1,0.0163377,1
2736,0,0.0143277,1
361_BRANCH0_2759,1,0.0208644,1
361_BRANCH0_2759,0,0.020304,1
1975,1,0.0178663,1
1975,0,0.0381851,1
1534_BRANCH0_1591,1,0.0189187,1
1534_BRANCH0_1591,0,0.0200694,1
43_BRANCH0_385,1,0.0217386,1
43_BRANCH0_385,0,0.0202526,1
559,1,0.019997,1
559,0,0.0197291,1
1685_BRANCH0_1741,1,0.0112732,1
1685_BRANCH0_1741,0,0.0115127,1
66_BRANCH0_586,1,0.0197914,1
66_BRANCH0_586,0,0.0201363,1
28,1,0.0203698,1
28,0,0.0192722,1
670,1,0.0206315,1
670,0,0.0219624,1
34_BRANCH0_376,1,0.0210037,1
34_BRANCH0_376,0,0.0202215,1
13_BRANCH0_206,1,0.0196467,1
13_BRANCH0_206,0,0.0193927,1
2824_BRANCH0_2861,1,0.0111362,1
2824_BRANCH0_2861,0,0.0271311,1
367_BRANCH0_542,1,0.024869,1
367_BRANCH0_542,0,0.0255567,1
1830_BRANCH0_1889,1,0.0175011,1
1830_BRANCH0_1889,0,0.0173424,1
331_BRANCH0_550,1,0.0207249,1
331_BRANCH0_550,0,0.0193093,1
1188_BRANCH0_2552,1,0.0153794,1
1188_BRANCH0_2552,0,0.0209471,1
319_BRANCH0_643,1,0.0248596,1
319_BRANCH0_643,0,0.0237465,1
1188_BRANCH0_2573,1,0.0142521,1
1188_BRANCH0_2573,0,0.0208096,1
682_BRANCH0_2881,1,0.0173996,1
682_BRANCH0_2881,0,0.0128267,1
2143_BRANCH0_2648,1,0.0173067,1
2143_BRANCH0_2648,0,0.0172955,1
91_BRANCH0_280,1,0.0204886,1
91_BRANCH0_280,0,0.0203873,1
1746,1,0.0169804,1
1746,0,0.0181746,1
66,1,0.0207101,1
66,0,0.020128,1
2129_BRANCH0_2664,1,0.0160513,1
2129_BRANCH0_2664,0,0.0174474,1
2427_BRANCH0_2631,1,0.0174114,1
2427_BRANCH0_2631,0,0.017408,1
1063,1,0.0212528,1
1063,0,0.0141803,1
257_BRANCH0_643,1,0.0235652,1
257_BRANCH0_643,0,0.0239409,1
1902_BRANCH0_2870,1,0.011456,1
1902_BRANCH0_2870,0,0.0114537,1
239_BRANCH0_625,1,0.0198085,1
239_BRANCH0_625,0,0.0191387,1
2297_BRANCH0_2651,1,0.0165156,1
2297_BRANCH0_2651,0,0.0159184,1
22_BRANCH0_364,1,0.0216713,1
22_BRANCH0_364,0,0.0204812,1
2540_BRANCH0_2745,1,0.0167551,1
2540_BRANCH0_2745,0,0.0146473,1
72_BRANCH0_603,1,0.0274251,1
72_BRANCH0_603,0,0.0286331,1
1120,1,0.0195341,1
1120,0,0.0130145,1
709,1,0.0210104,1
709,0,0.0195069,1
1620,1,0.013442,1
1620,0,0.0138985,1
99_BRANCH0_2800,0,0.0204454,1
1478_BRANCH0_1530,1,0.01249,1
1478_BRANCH0_1530,0,0.0150757,1
2781,1,0.0175562,1
2781,0,0.0153876,1
85_BRANCH0_272,1,0.0218133,1
85_BRANCH0_272,0,0.0222125,1
1554_BRANCH0_1658,1,0.0144848,1
1554_BRANCH0_1658,0,0.0141047,1
1358,1,0.0140724,1
1358,0,0.0154846,1
2119,1,0.0182928,1
2119,0,0.0184386,1
1264_BRANCH0_1416,1,0.0173579,1
1264_BRANCH0_1416,0,0.018352,1
2232,1,0.025698,1
2232,0,0.0190905,1
300_BRANCH0_608,1,0.0246411,1
300_BRANCH0_608,0,0.0246503,1
53_BRANCH0_899,1,0.0244595,1
53_BRANCH0_899,0,0.0235816,1
82_BRANCH0_269,1,0.0477069,1
82_BRANCH0_269,0,0.0479209,1
2024,1,0.0168983,1
2024,0,0.0175821,1
235,1,0.0207674,1
235,0,0.0198295,1
2881,1,0.0133606,1
2881,0,0.01589,1
82_BRANCH0_2818,1,0.0265384,1
82_BRANCH0_2818,0,0.0286964,1
1531,1,0.0133224,1
1531,0,0.0137601,1
1019_BRANCH0_1212,1,0.0205909,1
1019_BRANCH0_1212,0,0.0216373,1
201_BRANCH0_649,1,0.0200355,1
201_BRANCH0_649,0,0.0197163,1
88_BRANCH0_251,1,0.00913738,1
88_BRANCH0_251,0,0.0218297,1
2540,1,0.017851,1
2540,0,0.0167536,1
1647_BRANCH0_1708,1,0.0172513,1
1647_BRANCH0_1708,0,0.0171078,1
1456,1,0.0182011,1
1456,0,0.015322,1
76_BRANCH0_263,1,0.023496,1
76_BRANCH0_263,0,0.0219619,1
616_BRANCH0_888,1,0.0204712,1
616_BRANCH0_888,0,0.0202757,1
88,1,0.0234235,1
88,0,0.022765,1
235_BRANCH0_709,1,0.0201604,1
235_BRANCH0_709,0,0.0200348,1
1638,1,0.0134867,1
1638,0,0.0117805,1
2725,1,0.0161876,1
2725,0,0.0141706,1
603,1,0.027248,1
603,0,0.016396,1
2648_BRANCH0_2730,1,0.0161139,1
2648_BRANCH0_2730,0,0.0157737,1
1567,1,0.0145921,1
1567,0,0.0112172,1
2222,1,0.0171934,1
2222,0,0.021931,1
742_BRANCH0_1131,1,0.019683,1
742_BRANCH0_1131,0,0.0188867,1
99_BRANCH0_306,1,0.0199199,1
99_BRANCH0_306,0,0.0200019,1
565_BRANCH0_1019,1,0.0214445,1
565_BRANCH0_1019,0,0.0217102,1
352,1,0.0212132,1
352,0,0.0206025,1
1444,1,0.0154225,1
1444,0,0.0185945,1
574_BRANCH0_959,1,0.0175046,1
574_BRANCH0_959,0,0.0207396,1
290_BRANCH0_2062,1,0.0217472,1
290_BRANCH0_2062,0,0.0297823,1
598_BRANCH0_1046,1,0.0207157,1
598_BRANCH0_1046,0,0.0194024,1
2315_BRANCH0_2549,1,0.0155532,1
2315_BRANCH0_2549,0,0.0183875,1
894,1,0.0204724,1
894,0,0.0194768,1
104_BRANCH0_276,1,0.0246487,1
104_BRANCH0_276,0,0.0287282,1
201_BRANCH0_616,1,0.0204086,1
201_BRANCH0_616,0,0.0196935,1
197_BRANCH0_640,1,0.0199555,1
197_BRANCH0_640,0,0.0198837,1
2746,1,0.0140213,1
2746,0,0.0167638,1
1235_BRANCH0_1388,1,0.0187121,1
1235_BRANCH0_1388,0,0.0155953,1
283_BRANCH0_2821,1,0.0255545,1
283_BRANCH0_2821,0,0.0309228,1
225_BRANCH0_751,1,0.0198173,1
225_BRANCH0_751,0,0.0191032,1
1697,1,0.0131461,1
1697,0,0.0135713,1
1355_BRANCH0_1443,1,0.0164019,1
1355_BRANCH0_1443,0,0.0175006,1
640_BRANCH0_1004,1,0.0223335,1
640_BRANCH0_1004,0,0.0195237,1
94,1,0.0219556,1
94,0,0.0232851,1
49_BRANCH0_592,1,0.0231053,1
49_BRANCH0_592,0,0.0248523,1
1677,1,0.0138113,1
1677,0,0.0143025,1
1527,1,0.0126256,1
1527,0,0.0143008,1
1214,1,0.0196262,1
1214,0,0.0142864,1
201_BRANCH0_712,1,0.0229144,1
201_BRANCH0_712,0,0.0222663,1
950,1,0.0216105,1
950,0,0.0223878,1
104_BRANCH0_319,1,0.0215992,1
104_BRANCH0_319,0,0.0201328,1
622_BRANCH0_890,1,0.0199078,1
622_BRANCH0_890,0,0.020634,1
331,1,0.0203247,1
331,0,0.0201024,1
1672,1,0.0118653,1
1672,0,0.011584,1
338_BRANCH0_923,1,0.0239394,1
338_BRANCH0_923,0,0.0256992,1
338,1,0.0223662,1
338,0,0.0209014,1
1064,1,0.0188544,1
1064,0,0.0151866,1
49_BRANCH0_897,1,0.0285836,1
49_BRANCH0_897,0,0.0248309,1
679_BRANCH0_919,1,0.0217625,1
679_BRANCH0_919,0,0.0214092,1
373_BRANCH0_2763,1,0.0209633,1
373_BRANCH0_2763,0,0.0201458,1
612_BRANCH0_907,1,0.0227841,1
612_BRANCH0_907,0,0.0189097,1
1927,1,0.0193052,1
1927,0,0.0170337,1
1150,1,0.0147182,1
1150,0,0.0146946,1
2726,1,0.0179283,1
2726,0,0.0176484,1
612_BRANCH0_899,1,0.0240243,1
612_BRANCH0_899,0,0.0198572,1
589_BRANCH0_1040,1,0.0226015,1
589_BRANCH0_1040,0,0.0215044,1
343_BRANCH0_2720,1,0.021423,1
343_BRANCH0_2720,0,0.02087,1
346,1,0.019971,1
346,0,0.0205151,1
1802,1,0.016922,1
1802,0,0.0186216,1
2558,1,0.013813,1
2558,0,0.0169637,1
712,1,0.0230509,1
712,0,0.0223235,1
969,1,0.0213704,1
969,0,0.0203781,1
1121,1,0.020339,1
1121,0,0.016255,1
1043,1,0.0215279,1
1043,0,0.0200051,1
1721,1,0.0134932,1
1721,0,0.0144091,1
2386_BRANCH0_2628,1,0.0178463,1
2386_BRANCH0_2628,0,0.016616,1
277_BRANCH0_601,1,0.021181,1
277_BRANCH0_601,0,0.0202104,1
1947_BRANCH0_2002,1,0.0180125,1
1947_BRANCH0_2002,0,0.0191641,1
2780,1,0.0175043,1
2780,0,0.0155483,1
616_BRANCH0_1055,1,0.0200528,1
616_BRANCH0_1055,0,0.0205102,1
352_BRANCH0_2723,1,0.0212833,1
352_BRANCH0_2723,0,0.0206206,1
2642_BRANCH0_2727,1,0.0130136,1
2642_BRANCH0_2727,0,0.0167622,1
355_BRANCH0_538,1,0.0268611,1
355_BRANCH0_538,0,0.0264299,1
355,1,0.0217042,1
355,0,0.0203934,1
926,1,0.0185437,1
926,0,0.0245469,1
358_BRANCH0_539,1,0.0249642,1
358_BRANCH0_539,0,0.0265808,1
358,1,0.0210187,1
358,0,0.020303,1
1742_BRANCH0_1802,1,0.0167177,1
1742_BRANCH0_1802,0,0.0171026,1
2002,1,0.0180039,1
2002,0,0.0177313,1
1620_BRANCH0_1714,1,0.0152102,1
1620_BRANCH0_1714,0,0.0146668,1
2620_BRANCH0_2750,1,0.0162801,1
2620_BRANCH0_2750,0,0.0161485,1
652_BRANCH0_1068,1,0.0212014,1
652_BRANCH0_1068,0,0.0201092,1
910_BRANCH0_1261,1,0.0312983,1
910_BRANCH0_1261,0,0.0163522,1
385_BRANCH0_548,1,0.025911,1
385_BRANCH0_548,0,0.0248838,1
361,1,0.0210995,1
361,0,0.0201783,1
2023,1,0.0209116,1
2023,0,0.0260557,1
552,1,0.0215985,1
552,0,0.0156387,1
364_BRANCH0_2760,1,0.0209421,1
364_BRANCH0_2760,0,0.0207493,1
926_BRANCH0_2628,1,0.0172277,1
926_BRANCH0_2628,0,0.0261987,1
2148,1,0.0182768,1
2148,0,0.0196438,1
2882,1,0.0136991,1
2882,0,0.0145276,1
619_BRANCH0_889,1,0.0207025,1
619_BRANCH0_889,0,0.0190917,1
266_BRANCH0_664,1,0.02301,1
266_BRANCH0_664,0,0.0230931,1
1603_BRANCH0_1747,1,0.0144892,1
1603_BRANCH0_1747,0,0.0142765,1
706_BRANCH0_968,1,0.0206508,1
706_BRANCH0_968,0,0.0209416,1
973_BRANCH0_1501,1,0.0188546,1
973_BRANCH0_1501,0,0.0258087,1
49_BRANCH0_907,1,0.0253915,1
49_BRANCH0_907,0,0.0240068,1
364,1,0.0204341,1
364,0,0.0205158,1
1188_BRANCH0_2661,1,0.0154012,1
1188_BRANCH0_2661,0,0.0194605,1
742,1,0.0213423,1
742,0,0.0193474,1
631_BRANCH0_892,1,0.0227616,1
631_BRANCH0_892,0,0.0266126,1
367,1,0.0241696,1
367,0,0.0202783,1
895,1,0.0213533,1
895,0,0.0265934,1
194,1,0.0203135,1
194,0,0.020859,1
554,1,0.0207069,1
554,0,0.0140684,1
190,1,0.019243,1
190,0,0.0200778,1
1068,1,0.0202233,1
1068,0,0.0162536,1
892,1,0.024571,1
892,0,0.026649,1
553,1,0.0241745,1
553,0,0.0144361,1
370,1,0.0197603,1
370,0,0.0209711,1
319,1,0.0196456,1
319,0,0.0201535,1
742_BRANCH0_1005,1,0.0195874,1
742_BRANCH0_1005,0,0.0198777,1
373_BRANCH0_544,1,0.0260551,1
373_BRANCH0_544,0,0.0264579,1
2600,1,0.0171957,1
2600,0,0.0168984,1
968,1,0.0197742,1
968,0,0.0207322,1
649_BRANCH0_894,1,0.0208234,1
649_BRANCH0_894,0,0.019836,1
2018,1,0.01708,1
2018,0,0.018061,1
715,1,0.0208651,1
715,0,0.0200849,1
251,1,0.0220053,1
251,0,0.0152679,1
1764,1,0.0173037,1
1764,0,0.0257577,1
376,1,0.0226888,1
376,0,0.0200038,1
379_BRANCH0_546,1,0.0254316,1
379_BRANCH0_546,0,0.0262577,1
891,1,0.0211206,1
891,0,0.0193388,1
385,1,0.0213825,1
385,0,0.0206705,1
388_BRANCH0_2744,1,0.0203663,1
388_BRANCH0_2744,0,0.0199127,1
2651,1,0.0127809,1
2651,0,0.0168463,1
1311,1,0.0213502,1
1311,0,0.0144191,1
2340_BRANCH0_2564,1,0.0199971,1
2340_BRANCH0_2564,0,0.0194446,1
69,1,0.0242864,1
69,0,0.0238508,1
540,1,0.0251366,1
540,0,0.0260715,1
2041,1,0.0199827,1
2041,0,0.0195536,1
1651_BRANCH0_1710,1,0.013667,1
1651_BRANCH0_1710,0,0.0147167,1
43,1,0.0200871,1
43,0,0.0198679,1
388,1,0.0202547,1
388,0,0.0206706,1
655,1,0.0117982,1
655,0,0.0225248,1
688_BRANCH0_1309,1,0.0219911,1
688_BRANCH0_1309,0,0.0192659,1
2297_BRANCH0_2600,1,0.0171353,1
2297_BRANCH0_2600,0,0.0162085,1
1526,1,0.0153263,1
1526,0,0.0147358,1
19_BRANCH0_361,1,0.0208915,1
19_BRANCH0_361,0,0.0208447,1
536,1,0.0254705,1
536,0,0.0262491,1
595,1,0.0208811,1
595,0,0.0186304,1
542,1,0.0248839,1
542,0,0.0263089,1
543,1,0.0257326,1
543,0,0.0263891,1
661_BRANCH0_913,1,0.0221234,1
661_BRANCH0_913,0,0.0219754,1
1522_BRANCH0_1606,1,0.0141854,1
1522_BRANCH0_1606,0,0.0143928,1
2260_BRANCH0_2375,1,0.0201855,1
2260_BRANCH0_2375,0,0.0181795,1
727_BRANCH0_992,1,0.0225165,1
727_BRANCH0_992,0,0.025743,1
1933_BRANCH0_2875,1,0.0118216,1
1933_BRANCH0_2875,0,0.0131354,1
544,1,0.0249323,1
544,0,0.025462,1
1261_BRANCH0_1350,1,0.0324488,1
1261_BRANCH0_1350,0,0.016477,1
954,1,0.0210073,1
954,0,0.0198142,1
1792,1,0.0175238,1
1792,0,0.0177237,1
631,1,0.0218128,1
631,0,0.0223052,1
1889_BRANCH0_1950,1,0.0181373,1
1889_BRANCH0_1950,0,0.0176475,1
1522,1,0.0143976,1
1522,0,0.0145104,1
549,1,0.0259074,1
549,0,0.0262054,1
583,1,0.0213128,1
583,0,0.0193978,1
2286_BRANCH0_2567,1,0.0164992,1
2286_BRANCH0_2567,0,0.0168177,1
555,1,0.021547,1
555,0,0.0154334,1
923_BRANCH0_1171,1,0.0247523,1
923_BRANCH0_1171,0,0.0175921,1
2898,1,0.0133718,1
2898,0,0.0112922,1
580_BRANCH0_965,1,0.0208854,1
580_BRANCH0_965,0,0.0204514,1
1879_BRANCH0_1958,1,0.0129592,1
1879_BRANCH0_1958,0,0.0124639,1
1950_BRANCH0_2006,1,0.0195375,1
1950_BRANCH0_2006,0,0.0155598,1
355_BRANCH0_2757,1,0.0219842,1
355_BRANCH0_2757,0,0.0206961,1
556_BRANCH0_935,1,0.0204162,1
556_BRANCH0_935,0,0.0200315,1
556_BRANCH0_939,1,0.0202912,1
556_BRANCH0_939,0,0.0202946,1
2104_BRANCH0_2617,1,0.0165902,1
2104_BRANCH0_2617,0,0.0178939,1
2764,1,0.0212959,1
2764,0,0.0155665,1
1241,1,0.0204269,1
1241,0,0.0201156,1
559_BRANCH0_1010,1,0.0208009,1
559_BRANCH0_1010,0,0.0202462,1
977_BRANCH0_1157,1,0.0136494,1
977_BRANCH0_1157,0,0.0249682,1
1818_BRANCH0_2869,1,0.0118756,1
1818_BRANCH0_2869,0,0.0125062,1
562_BRANCH0_947,1,0.0208942,1
562_BRANCH0_947,0,0.0210632,1
565_BRANCH0_1016,1,0.0209621,1
565_BRANCH0_1016,0,0.0206011,1
2846_BRANCH0_2874,1,0.0140599,1
2846_BRANCH0_2874,0,0.0139575,1
965_BRANCH0_1222,1,0.0214271,1
965_BRANCH0_1222,0,0.0206649,1
2286_BRANCH0_2639,1,0.0180228,1
2286_BRANCH0_2639,0,0.0169598,1
343_BRANCH0_534,1,0.0269965,1
343_BRANCH0_534,0,0.0266902,1
955_BRANCH0_1493,1,0.0211092,1
955_BRANCH0_1493,0,0.0204009,1
694,1,0.0207901,1
694,0,0.0196604,1
568_BRANCH0_955,1,0.0204769,1
568_BRANCH0_955,0,0.0204697,1
1594,1,0.0138664,1
1594,0,0.0121546,1
550,1,0.0206365,1
550,0,0.0161896,1
1714,1,0.0144173,1
1714,0,0.0144395,1
601,1,0.0204994,1
601,0,0.0156373,1
260_BRANCH0_603,1,0.0285743,1
260_BRANCH0_603,0,0.0288254,1
2297,1,0.0179188,1
2297,0,0.0170853,1
63_BRANCH0_251,1,0.0236038,1
63_BRANCH0_251,0,0.0228822,1
370_BRANCH0_2734,1,0.020443,1
370_BRANCH0_2734,0,0.0200066,1
571_BRANCH0_1022,1,0.0201211,1
571_BRANCH0_1022,0,0.0204409,1
655_BRANCH0_896,1,0.0139812,1
655_BRANCH0_896,0,0.0221831,1
1361_BRANCH0_1452,1,0.0216169,1
1361_BRANCH0_1452,0,0.0210777,1
661,1,0.0215899,1
661,0,0.0228457,1
682,1,0.0173243,1
682,0,0.0160203,1
1720,1,0.015226,1
1720,0,0.014426,1
229_BRANCH0_637,1,0.020702,1
229_BRANCH0_637,0,0.0197534,1
574,1,0.01488,1
574,0,0.0206353,1
1596_BRANCH0_1672,1,0.0124809,1
1596_BRANCH0_1672,0,0.0118044,1
1162,1,0.0162864,1
1162,0,0.0131127,1
577_BRANCH0_1028,1,0.0220223,1
577_BRANCH0_1028,0,0.0206498,1
577_BRANCH0_1031,1,0.0271844,1
577_BRANCH0_1031,0,0.028138,1
577,1,0.0212591,1
577,0,0.0200984,1
580,1,0.0201919,1
580,0,0.0202123,1
1717_BRANCH0_1768,1,0.018446,1
1717_BRANCH0_1768,0,0.018444,1
1763,1,0.0198757,1
1763,0,0.0201058,1
1390,1,0.0152849,1
1390,0,0.0159158,1
190_BRANCH0_631,1,0.0227547,1
190_BRANCH0_631,0,0.0222508,1
2104_BRANCH0_2558,1,0.0173252,1
2104_BRANCH0_2558,0,0.0181941,1
583_BRANCH0_1034,1,0.0221089,1
583_BRANCH0_1034,0,0.0204985,1
1398,1,0.0141444,1
1398,0,0.0163527,1
592,1,0.0186854,1
592,0,0.0234271,1
598,1,0.0219316,1
598,0,0.0192814,1
2606_BRANCH0_2746,1,0.0160029,1
2606_BRANCH0_2746,0,0.0174645,1
602,1,0.021068,1
602,0,0.016,1
104_BRANCH0_338,1,0.0222416,1
104_BRANCH0_338,0,0.0218314,1
1977,1,0.0176973,1
1977,0,0.0178678,1
2642,1,0.0134796,1
2642,0,0.0170837,1
1530,1,0.0169027,1
1530,0,0.0153078,1
1898,1,0.0229993,1
1898,0,0.0223163,1
603_BRANCH0_926,1,0.0240316,1
603_BRANCH0_926,0,0.0243616,1
1809,1,0.0153152,1
1809,0,0.0114986,1
2691,1,523.198,1
2691,0,0.0165085,1
1496,1,0.0242095,1
1496,0,0.0159768,1
2326_BRANCH0_2611,1,0.0151364,1
2326_BRANCH0_2611,0,0.0184113,1
608_BRANCH0_898,1,0.0109269,0
608_BRANCH0_898,0,0.0167529,1
2737,1,0.0194719,1
2737,0,0.0144741,1
736,1,0.0207424,1
736,0,0.0197576,1
76,1,0.0212198,1
76,0,0.0225062,1
382_BRANCH0_2766,1,0.0219302,1
382_BRANCH0_2766,0,0.0210157,1
2286_BRANCH0_2564,1,0.0176549,1
2286_BRANCH0_2564,0,0.016978,1
703_BRANCH0_1314,1,0.0215509,1
703_BRANCH0_1314,0,0.0209124,1
280,1,0.0217641,1
280,0,0.020976,1
1227,1,0.0245282,1
1227,0,0.019603,1
619_BRANCH0_1054,1,0.0219341,1
619_BRANCH0_1054,0,0.0188705,1
212,1,0.0210435,1
212,0,0.0197589,1
727,1,0.02009,1
727,0,0.0200433,1
625_BRANCH0_891,1,0.0197927,1
625_BRANCH0_891,0,0.0208459,1
1025,1,0.0213692,1
1025,0,0.020505,1
2257,1,0.0176913,1
2257,0,0.0170038,1
583_BRANCH0_1037,1,0.0222713,1
583_BRANCH0_1037,0,0.0206614,1
1937,1,0.0232157,1
1937,0,0.0237622,1
628_BRANCH0_984,1,0.0226733,1
628_BRANCH0_984,0,0.0246164,1
1153,1,0.0235021,1
1153,0,0.0206454,1
2664,1,0.0126114,1
2664,0,0.0168342,1
634_BRANCH0_990,1,0.0208734,1
634_BRANCH0_990,0,0.0200586,1
220_BRANCH0_622,1,0.0202688,1
220_BRANCH0_622,0,0.0206788,1
2759,1,0.0208629,1
2759,0,0.0158305,1
643,1,0.0125881,1
643,0,0.0223284,1
2205_BRANCH0_2227,1,0.0190825,1
2205_BRANCH0_2227,0,0.0177284,1
637_BRANCH0_993,1,0.0247944,1
637_BRANCH0_993,0,0.0231354,1
969_BRANCH0_1495,1,0.0199535,1
969_BRANCH0_1495,0,0.0207911,1
694_BRANCH0_946,1,0.0201585,1
694_BRANCH0_946,0,0.0219589,1
7_BRANCH0_197,1,0.019928,1
7_BRANCH0_197,0,0.0201326,1
2843,1,0.013545,1
2843,0,0.0146047,1
745,1,0.0207353,1
745,0,0.0197428,1
1821,1,0.0118092,1
1821,0,0.0140311,1
2787,1,0.014771,1
2787,0,0.0159168,1
637,1,0.0205078,1
637,0,0.0199331,1
733,1,0.0198245,1
733,0,0.0199015,1
1965,1,0.0118321,1
1965,0,0.0134709,1
2767,1,0.0175988,1
2767,0,0.0160066,1
640_BRANCH0_1438,1,0.02079,1
640_BRANCH0_1438,0,0.0199769,1
1445,1,0.0148184,1
1445,0,0.0164627,1
985_BRANCH0_1160,1,0.0186814,1
985_BRANCH0_1160,0,0.0258728,1
658_BRANCH0_2235,1,0.0253549,1
658_BRANCH0_2235,0,0.0220133,1
190_BRANCH0_628,1,0.0217813,1
190_BRANCH0_628,0,0.019663,1
1965_BRANCH0_2827,1,0.0122652,1
1965_BRANCH0_2827,0,0.0140374,1
1470,1,0.0199802,1
1470,0,0.0236817,1
2866,1,0.0168698,1
2866,0,0.0123829,1
652,1,0.0203135,1
652,0,0.0203278,1
715_BRANCH0_1318,1,0.0194226,1
715_BRANCH0_1318,0,0.0209121,1
194_BRANCH0_559,1,0.0214618,1
194_BRANCH0_559,0,0.0205688,1
661_BRANCH0_2234,1,0.0218703,1
661_BRANCH0_2234,0,0.0226253,1
1232_BRANCH0_1386,1,0.015914,1
1232_BRANCH0_1386,0,0.0164343,1
664_BRANCH0_916,1,0.0238785,1
664_BRANCH0_916,0,0.0230478,1
664_BRANCH0_2231,1,0.023678,1
664_BRANCH0_2231,0,0.0236431,1
670_BRANCH0_918,1,0.0226244,1
670_BRANCH0_918,0,0.0224694,1
2632,1,0.0184108,1
2632,0,0.0149258,1
673_BRANCH0_917,1,0.0237127,1
673_BRANCH0_917,0,0.0233692,1
1461,1,0.0167124,1
1461,0,0.0162735,1
984,1,0.0229153,1
984,0,0.0259708,1
673,1,0.0436538,1
673,0,0.0435249,1
1130,1,0.0211611,1
1130,0,0.0129927,1
1557_BRANCH0_1661,1,0.0162858,1
1557_BRANCH0_1661,0,0.014551,1
730_BRANCH0_1327,1,0.020418,1
730_BRANCH0_1327,0,0.0203434,1
559_BRANCH0_1013,1,0.0218323,1
559_BRANCH0_1013,0,0.0207033,1
679_BRANCH0_1941,1,0.0216023,1
679_BRANCH0_1941,0,0.0225505,1
685_BRANCH0_887,1,0.0195883,1
685_BRANCH0_887,0,0.0241782,1
685_BRANCH0_2882,1,0.0192858,1
685_BRANCH0_2882,0,0.0157381,1
1440,1,0.0193049,1
1440,0,0.0243061,1
646_BRANCH0_1007,1,0.0239465,1
646_BRANCH0_1007,0,0.0200145,1
691_BRANCH0_1310,1,0.0195902,1
691_BRANCH0_1310,0,0.0208834,1
2215,1,0.03927,1
2215,0,0.0266729,1
2340_BRANCH0_2603,1,0.0201811,1
2340_BRANCH0_2603,0,0.0198541,1
658_BRANCH0_914,1,0.0221564,1
658_BRANCH0_914,0,0.022595,1
1751,1,0.0183997,1
1751,0,0.0180288,1
730,1,0.021003,1
730,0,0.0197916,1
926_BRANCH0_2627,1,0.0170418,1
926_BRANCH0_2627,0,0.0264729,1
2257_BRANCH0_2340,1,0.0188647,1
2257_BRANCH0_2340,0,0.0188316,1
706_BRANCH0_1315,1,0.0219912,1
706_BRANCH0_1315,0,0.0195319,1
1472_BRANCH0_1769,1,0.0157936,1
1472_BRANCH0_1769,0,0.0136251,1
2614_BRANCH0_2750,1,0.0170922,1
2614_BRANCH0_2750,0,0.016653,1
382_BRANCH0_547,1,0.0266193,1
382_BRANCH0_547,0,0.0266633,1
718_BRANCH0_988,1,0.0215161,1
718_BRANCH0_988,0,0.0190689,1
1623,1,0.0138817,1
1623,0,0.0146597,1
1783,1,0.0147655,1
1783,0,0.014937,1
721,1,0.0208768,1
721,0,0.0199514,1
2286,1,0.0179244,1
2286,0,0.0172237,1
1514,1,0.015785,1
1514,0,0.0147057,1
733_BRANCH0_1001,1,0.0204057,1
733_BRANCH0_1001,0,0.0203006,1
197,1,0.0209418,1
197,0,0.0202147,1
736_BRANCH0_1002,1,0.0194994,1
736_BRANCH0_1002,0,0.0202134,1
598_BRANCH0_1049,1,0.0207601,1
598_BRANCH0_1049,0,0.0198595,1
736_BRANCH0_1129,1,0.0193216,1
736_BRANCH0_1129,0,0.0201828,1
739_BRANCH0_1003,1,0.0200865,1
739_BRANCH0_1003,0,0.0201831,1
2854,1,0.0280728,1
2854,0,0.0127582,1
938,1,0.0209203,1
938,0,0.0202721,1
2386_BRANCH0_2614,1,0.0161483,1
2386_BRANCH0_2614,0,0.0165891,1
739_BRANCH0_1128,1,0.0212123,1
739_BRANCH0_1128,0,0.0201624,1
745_BRANCH0_1006,1,0.0200826,1
745_BRANCH0_1006,0,0.0201509,1
890,1,0.0206302,1
890,0,0.021009,1
1352_BRANCH0_1446,1,0.0161696,1
1352_BRANCH0_1446,0,0.018494,1
679,1,0.0242655,1
679,0,0.022513,1
745_BRANCH0_1130,1,0.0206597,1
745_BRANCH0_1130,0,0.0201452,1
2279_BRANCH0_2800,1,0.015846,1
2279_BRANCH0_2800,0,0.0165351,1
580_BRANCH0_969,1,0.0212978,1
580_BRANCH0_969,0,0.0208335,1
622_BRANCH0_1064,1,0.0202239,1
622_BRANCH0_1064,0,0.0211911,1
748,1,0.0211457,1
748,0,0.0200697,1
272,1,0.0217166,1
272,0,0.0232145,1
886,1,0.0214823,1
886,0,0.0167983,1
1680,1,0.0213085,1
1680,0,0.0191724,1
1933,1,0.0129565,1
1933,0,0.0134297,1
306_BRANCH0_551,1,0.0209149,1
306_BRANCH0_551,0,0.0213618,1
1727,1,0.0149972,1
1727,0,0.014687,1
889,1,0.020972,1
889,0,0.0209972,1
1706,1,0.0233389,1
1706,0,0.0136337,1
1707,1,0.0195254,1
1707,0,0.0187226,1
1708,1,0.0182048,1
1708,0,0.0191015,1
1709,1,0.0184006,1
1709,0,0.0166808,1
1710,1,0.0159235,1
1710,0,0.0141872,1
1712,1,0.0218656,1
1712,0,0.0125489,1
1713,1,0.0285885,1
1713,0,0.0184453,1
2038,1,0.0228186,1
2038,0,0.0228081,1
1714_BRANCH0_1785,1,0.0147684,1
1714_BRANCH0_1785,0,0.0148723,1
1714_BRANCH0_1924,1,0.0148553,1
1714_BRANCH0_1924,0,0.0151124,1
2033_BRANCH0_2143,1,0.0184512,1
2033_BRANCH0_2143,0,0.0184127,1
1717_BRANCH0_1911,1,0.0193889,1
1717_BRANCH0_1911,0,0.0181281,1
1717,1,0.019409,1
1717,0,0.0181281,1
1723_BRANCH0_1772,1,0.01497,1
1723_BRANCH0_1772,0,0.0125361,1
1728,1,0.0146113,1
1728,0,0.0147477,1
2807,1,0.350395,1
2807,0,0.0161822,1
1731_BRANCH0_1784,1,0.0152692,1
1731_BRANCH0_1784,0,0.0150327,1
1731,1,0.0149332,1
1731,0,0.0150388,1
1942,1,0.0223493,1
1942,0,0.0176396,1
1734_BRANCH0_1787,1,0.0196923,1
1734_BRANCH0_1787,0,0.0191751,1
1734,1,0.0198372,1
1734,0,0.0197983,1
1741,1,0.0138935,1
1741,0,0.0125567,1
1742_BRANCH0_1818,1,0.0124159,1
1742_BRANCH0_1818,0,0.0124337,1
1807,1,0.013805,1
1807,0,0.0139712,1
1742,1,0.0126125,1
1742,0,0.0121248,1
2617_BRANCH0_2750,1,0.0168637,1
2617_BRANCH0_2750,0,0.0163962,1
1747,1,0.0151613,1
1747,0,0.0142486,1
1751_BRANCH0_1796,1,0.0181117,1
1751_BRANCH0_1796,0,0.0182285,1
1759,1,0.0148015,1
1759,0,0.014502,1
1761,1,0.0151743,1
1761,0,0.0149154,1
2600_BRANCH0_2747,1,0.0174308,1
2600_BRANCH0_2747,0,0.0188198,1
1768,1,0.0176968,1
1768,0,0.0192997,1
1769,1,0.0160013,1
1769,0,0.0126767,1
1772,1,0.0125148,1
1772,0,0.0124155,1
1774_BRANCH0_1823,1,0.0178615,1
1774_BRANCH0_1823,0,0.0180616,1
1774,1,0.0180509,1
1774,0,0.0180258,1
1777_BRANCH0_1821,1,0.0142011,1
1777_BRANCH0_1821,0,0.0142349,1
1849,1,0.0172911,1
1849,0,0.0200841,1
1785,1,0.0159427,1
1785,0,0.0150316,1
1987_BRANCH0_2022,1,0.0187197,1
1987_BRANCH0_2022,0,0.0182512,1
1786,1,0.0198079,1
1786,0,0.0201607,1
1788_BRANCH0_1827,1,0.0155545,1
1788_BRANCH0_1827,0,0.0146987,1
1791,1,0.0148736,1
1791,0,0.0136215,1
1796,1,0.0183163,1
1796,0,0.0183776,1
1798_BRANCH0_1866,1,0.0129371,1
1798_BRANCH0_1866,0,0.0126462,1
1798,1,0.0125124,1
1798,0,0.0124825,1
2000,1,0.0237703,1
2000,0,0.0242285,1
1802_BRANCH0_1869,1,0.0183982,1
1802_BRANCH0_1869,0,0.0187512,1
1802_BRANCH0_1872,1,0.0190004,1
1802_BRANCH0_1872,0,0.0185276,1
1808,1,0.0131747,1
1808,0,0.0138018,1
1810,1,0.0197881,1
1810,0,0.0201688,1
1872,1,0.0189914,1
1872,0,0.0185211,1
1812_BRANCH0_1864,1,0.0131104,1
1812_BRANCH0_1864,0,0.013029,1
1812_BRANCH0_1865,1,0.0129051,1
1812_BRANCH0_1865,0,0.0135356,1
1815,1,0.0181225,1
1815,0,0.0179997,1
2033,1,0.0196094,1
2033,0,0.0182139,1
1818_BRANCH0_1857,1,0.0157154,1
1818_BRANCH0_1857,0,0.0162147,1
1818,1,0.0130463,1
1818,0,0.0123332,1
1879,1,0.0177657,1
1879,0,0.018063,1
1822,1,0.0144029,1
1822,0,0.0144756,1
1852,1,0.0147147,1
1852,0,0.0150594,1
1826,1,0.0144457,1
1826,0,0.0146839,1
1830_BRANCH0_1902,1,0.0141549,1
1830_BRANCH0_1902,0,0.0126934,1
2789_BRANCH0_2815,1,2.26953,1
2789_BRANCH0_2815,0,0.0202833,1
1830,1,0.0140424,1
1830,0,0.0126133,1
1837,1,0.0236744,1
1837,0,0.013767,1
1838_BRANCH0_1895,1,0.0140465,1
1838_BRANCH0_1895,0,0.0134543,1
1838,1,0.0135321,1
1838,0,0.0132758,1
1841_BRANCH0_1882,1,0.018159,1
1841_BRANCH0_1882,0,0.0183494,1
1841_BRANCH0_1883,1,0.0185434,1
1841_BRANCH0_1883,0,0.0187457,1
1841,1,0.0182291,1
1841,0,0.0188234,1
1848,1,0.0147576,1
1848,0,0.0148441,1
1850,1,0.0237698,1
1850,0,0.0234892,1
1855,1,0.0173321,1
1855,0,0.0192915,1
1856,1,0.0180805,1
1856,0,0.0193827,1
1857,1,0.0160912,1
1857,0,0.0163422,1
2129_BRANCH0_2606,1,0.0187536,1
2129_BRANCH0_2606,0,0.0186503,1
1858_BRANCH0_1927,1,0.0187166,1
1858_BRANCH0_1927,0,0.0185151,1
1858_BRANCH0_1930,1,0.0396354,1
1858_BRANCH0_1930,0,0.018752,1
1866_BRANCH0_2868,1,0.0129036,1
1866_BRANCH0_2868,0,0.0127255,1
2427_BRANCH0_2630,1,0.0169914,1
2427_BRANCH0_2630,0,0.0184915,1
2889,1,0.0144361,1
2889,0,0.0118108,1
1869_BRANCH0_1922,1,0.0185131,1
1869_BRANCH0_1922,0,0.0186718,1
1872_BRANCH0_1919,1,0.0187487,1
1872_BRANCH0_1919,0,0.0187737,1
1872_BRANCH0_1920,1,0.0186989,1
1872_BRANCH0_1920,0,0.0186197,1
1875_BRANCH0_1923,1,0.0132434,1
1875_BRANCH0_1923,0,0.014226,1
1875,1,0.0145621,1
1875,0,0.0135869,1
1878,1,0.0143823,1
1878,0,0.0143525,1
2202_BRANCH0_2228,1,0.018754,1
2202_BRANCH0_2228,0,0.0183591,1
1879_BRANCH0_1944,1,0.0243679,1
1879_BRANCH0_1944,0,0.0235527,1
1882,1,0.018389,1
1882,0,0.01848,1
1883,1,0.018724,1
1883,0,0.0185876,1
1884,1,0.0136946,1
1884,0,0.0146966,1
2614,1,0.0178507,1
2614,0,0.0176035,1
1885,1,0.0194944,1
1885,0,0.0278229,1
1889_BRANCH0_1953,1,0.0199525,1
1889_BRANCH0_1953,0,0.0183966,1
1889,1,0.018463,1
1889,0,0.0190915,1
1895,1,0.013527,1
1895,0,0.0132351,1
1896,1,0.0130524,1
1896,0,0.0138569,1
1897,1,0.0150865,1
1897,0,0.0130859,1
2019,1,0.017302,1
2019,0,0.0153183,1
1898_BRANCH0_1937,1,0.0253525,1
1898_BRANCH0_1937,0,0.024563,1
1898_BRANCH0_2020,1,0.0231464,1
1898_BRANCH0_2020,0,0.0231416,1
1902_BRANCH0_1938,1,0.0193595,1
1902_BRANCH0_1938,0,0.020062,1
2386_BRANCH0_2631,1,0.0186869,1
2386_BRANCH0_2631,0,0.0174564,1
1902,1,0.0149461,1
1902,0,0.01293,1
1910,1,0.0141097,1
1910,0,0.0144479,1
1911,1,0.0181084,1
1911,0,0.0196801,1
1912,1,0.0136973,1
1912,0,0.0146113,1
1913,1,0.0185641,1
1913,0,0.0180113,1
1915,1,0.0186159,1
1915,0,0.0156379,1
1919,1,0.019505,1
1919,0,0.0187321,1
2603_BRANCH0_2745,1,0.0176611,1
2603_BRANCH0_2745,0,0.0165738,1
1921,1,0.0188432,1
1921,0,0.019165,1
1922,1,0.0187684,1
1922,0,0.0189142,1
1923,1,0.0140759,1
1923,0,0.0134395,1
1924,1,0.0152364,1
1924,0,0.0146674,1
1927_BRANCH0_1977,1,0.0186114,1
1927_BRANCH0_1977,0,0.0180562,1
1927_BRANCH0_1978,1,0.01822,1
1927_BRANCH0_1978,0,0.0181423,1
1930_BRANCH0_1975,1,0.0400417,1
1930_BRANCH0_1975,0,0.0195032,1
2761,1,0.0216918,1
2761,0,0.0162141,1
2892,1,0.0184571,1
2892,0,0.0150897,1
1930_BRANCH0_1976,1,0.0406099,1
1930_BRANCH0_1976,0,0.0189009,1
1930,1,0.0396555,1
1930,0,0.0187013,1
2745,1,0.0141731,1
2745,0,0.0178707,1
1933_BRANCH0_1985,1,0.0186442,1
1933_BRANCH0_1985,0,0.0166663,1
2104_BRANCH0_2537,1,0.0143292,1
2104_BRANCH0_2537,0,0.0202471,1
1936,1,0.020024,1
1936,0,0.0186732,1
1938,1,0.0193478,1
1938,0,0.0197715,1
1941,1,0.0230047,1
1941,0,0.018049,1
2286_BRANCH0_2540,1,0.0183317,1
2286_BRANCH0_2540,0,0.0174292,1
1944_BRANCH0_1999,1,0.0249315,1
1944_BRANCH0_1999,0,0.0239557,1
1944_BRANCH0_2000,1,0.024372,1
1944_BRANCH0_2000,0,0.0236072,1
1944,1,0.0241266,1
1944,0,0.024194,1
2089,1,0.0195723,1
2089,0,0.0201745,1
2286_BRANCH0_2558,1,0.0191554,1
2286_BRANCH0_2558,0,0.0175825,1
1947_BRANCH0_2003,1,0.0189754,1
1947_BRANCH0_2003,0,0.0195322,1
1947,1,0.0161175,1
1947,0,0.0196982,1
2014,1,0.0133736,1
2014,0,0.0146626,1
2361_BRANCH0_2614,1,0.0193404,1
2361_BRANCH0_2614,0,0.0201174,1
1950,1,0.0188511,1
1950,0,0.0184786,1
1953_BRANCH0_2004,1,0.0216545,1
1953_BRANCH0_2004,0,0.0247643,1
1968_BRANCH0_2019,1,0.014376,1
1968_BRANCH0_2019,0,0.0185019,1
1953,1,0.019526,1
1953,0,0.0187959,1
2890,1,0.0141808,1
2890,0,0.016049,1
1958_BRANCH0_2013,1,0.0139028,1
1958_BRANCH0_2013,0,0.0144703,1
2241,1,0.0193655,1
2241,0,0.0183319,1
1958,1,0.0141481,1
1958,0,0.0141476,1
1961_BRANCH0_2016,1,0.0140516,1
1961_BRANCH0_2016,0,0.0133437,1
1961,1,0.0139172,1
1961,0,0.0133441,1
1965_BRANCH0_2018,1,0.0183585,1
1965_BRANCH0_2018,0,0.0186554,1
1968_BRANCH0_2828,1,0.0133274,1
1968_BRANCH0_2828,0,0.0157083,1
1979,1,0.0197104,1
1979,0,0.0202507,1
2606,1,0.0176714,1
2606,0,0.018043,1
1980_BRANCH0_2030,1,0.0196251,1
1980_BRANCH0_2030,0,0.0187599,1
2129_BRANCH0_2576,1,0.017817,1
2129_BRANCH0_2576,0,0.0186729,1
1980_BRANCH0_2033,1,0.0197397,1
1980_BRANCH0_2033,0,0.0184479,1
1987,1,0.0185515,1
1987,0,0.0181767,1
1980,1,0.0190717,1
1980,0,0.0187175,1
1985,1,0.0169854,1
1985,0,0.016788,1
2756,1,0.0174937,1
2756,0,0.0154809,1
1987_BRANCH0_2021,1,0.01882,1
1987_BRANCH0_2021,0,0.0184825,1
1999,1,0.0237564,1
1999,0,0.0242213,1
2003,1,0.0183425,1
2003,0,0.0179143,1
2004,1,0.026131,1
2004,0,0.0192848,1
2008,1,0.0440194,1
2008,0,0.0195446,1
2009,1,0.0237366,1
2009,0,0.0180626,1
2824_BRANCH0_2854,1,0.0131446,1
2824_BRANCH0_2854,0,0.0287384,1
2015,1,0.0141571,1
2015,0,0.0130546,1
2315_BRANCH0_2564,1,0.0166684,1
2315_BRANCH0_2564,0,0.0188429,1
2811,1,0.0219881,1
2811,0,0.00567142,1
2016,1,0.0118493,1
2016,0,0.0134234,1
2020,1,0.0240136,1
2020,0,0.0233737,1
2021,1,0.0186764,1
2021,0,0.0187547,1
2639_BRANCH0_2725,1,0.0140519,1
2639_BRANCH0_2725,0,0.01787,1
2025,1,0.0185955,1
2025,0,0.0198541,1
2026,1,0.0402323,1
2026,0,0.0193959,1
2027_BRANCH0_2068,1,0.0183104,1
2027_BRANCH0_2068,0,0.0183042,1
2027,1,0.0181693,1
2027,0,0.0181297,1
2630,1,0.0176058,1
2630,0,0.0168442,1
2030_BRANCH0_2104,1,0.0189845,1
2030_BRANCH0_2104,0,0.0187849,1
2030_BRANCH0_2129,1,0.0184689,1
2030_BRANCH0_2129,0,0.0189837,1
2033_BRANCH0_2119,1,0.0192606,1
2033_BRANCH0_2119,0,0.0188939,1
2036,1,0.013455,1
2036,0,0.0144866,1
2039,1,0.0205772,1
2039,0,0.0203018,1
2042_BRANCH0_2086,1,0.0165234,1
2042_BRANCH0_2086,0,0.0167332,1
2042_BRANCH0_2089,1,0.0210471,1
2042_BRANCH0_2089,0,0.0196818,1
2340_BRANCH0_2634,1,0.800084,1
2340_BRANCH0_2634,0,0.760462,1
2047,1,0.0206268,1
2047,0,0.0396813,1
2052_BRANCH0_2076,1,0.0171431,1
2052_BRANCH0_2076,0,0.0169089,1
2620_BRANCH0_2746,1,0.0173246,1
2620_BRANCH0_2746,0,0.0178969,1
2052_BRANCH0_2866,1,0.0145959,1
2052_BRANCH0_2866,0,0.0136574,1
2055_BRANCH0_2077,1,0.0180002,1
2055_BRANCH0_2077,0,0.0175961,1
2055_BRANCH0_2867,1,0.0130294,1
2055_BRANCH0_2867,0,0.0132882,1
2055,1,0.0140616,1
2055,0,0.0134441,1
2061,1,0.018356,1
2061,0,0.0185928,1
2552_BRANCH0_2746,1,0.0182341,1
2552_BRANCH0_2746,0,0.018024,1
2062_BRANCH0_2148,1,0.018436,1
2062_BRANCH0_2148,0,0.0201797,1
2151_BRANCH0_2215,1,0.0261436,1
2151_BRANCH0_2215,0,0.0407199,1
2062_BRANCH0_2151,1,0.0274993,1
2062_BRANCH0_2151,0,0.0407113,1
2815,1,0.0148749,1
2815,0,0.0249692,1
2062,1,0.0272985,1
2062,0,0.0201551,1
2068_BRANCH0_2119,1,0.0198189,1
2068_BRANCH0_2119,0,0.0184211,1
2068,1,0.0176104,1
2068,0,0.0184802,1
2576,1,0.0140578,1
2576,0,0.0179565,1
2071_BRANCH0_2129,1,0.0196589,1
2071_BRANCH0_2129,0,0.0193791,1
2286_BRANCH0_2537,1,0.0178905,1
2286_BRANCH0_2537,0,0.0187449,1
2071,1,0.0200242,1
2071,0,0.0181424,1
2076,1,0.0178334,1
2076,0,0.0169706,1
2078,1,0.0235151,1
2078,0,0.0185542,1
2081_BRANCH0_2202,1,0.0185813,1
2081_BRANCH0_2202,0,0.0183369,1
2081_BRANCH0_2205,1,0.0189335,1
2081_BRANCH0_2205,0,0.0187586,1
2086_BRANCH0_2340,1,0.0164102,1
2086_BRANCH0_2340,0,0.0170209,1
2086_BRANCH0_2361,1,0.0212417,1
2086_BRANCH0_2361,0,0.019705,1
2143_BRANCH0_2603,1,0.0181301,1
2143_BRANCH0_2603,0,0.0187527,1
2086,1,0.0163488,1
2086,0,0.0169475,1
2089_BRANCH0_2353,1,0.0205877,1
2089_BRANCH0_2353,0,0.0206976,1
2089_BRANCH0_2375,1,0.0199181,1
2089_BRANCH0_2375,0,0.02044,1
2253,1,0.0186929,1
2253,0,0.0225316,1
2104_BRANCH0_2546,1,0.0180239,1
2104_BRANCH0_2546,0,0.0185421,1
2104_BRANCH0_2600,1,0.0184224,1
2104_BRANCH0_2600,0,0.0185883,1
2353,1,0.0187422,1
2353,0,0.0205929,1
2627,1,0.0177173,1
2627,0,0.0192575,1
2104_BRANCH0_2627,1,0.0180514,1
2104_BRANCH0_2627,0,0.019359,1
2104_BRANCH0_2628,1,0.0183151,1
2104_BRANCH0_2628,0,0.0190591,1
2104_BRANCH0_2629,1,0.0187655,1
2104_BRANCH0_2629,0,0.0191148,1
2104_BRANCH0_2632,1,0.0190619,1
2104_BRANCH0_2632,0,0.0185741,1
2104_BRANCH0_2633,1,0.0180709,1
2104_BRANCH0_2633,0,0.0189169,1
2104_BRANCH0_2645,1,0.0184714,1
2104_BRANCH0_2645,0,0.0198907,1
2567_BRANCH0_2675,1,0.0156949,1
2567_BRANCH0_2675,0,0.250741,1
2104_BRANCH0_2661,1,0.0186377,1
2104_BRANCH0_2661,0,0.0185723,1
2731,1,0.289006,1
2731,0,0.283243,1
2104,1,0.0185087,1
2104,0,0.0186577,1
2119_BRANCH0_2543,1,0.0190634,1
2119_BRANCH0_2543,0,0.0189603,1
2119_BRANCH0_2564,1,0.0195103,1
2119_BRANCH0_2564,0,0.0189814,1
2846,1,0.0177738,1
2846,0,0.0159059,1
2119_BRANCH0_2642,1,0.018976,1
2119_BRANCH0_2642,0,0.019277,1
2129_BRANCH0_2540,1,0.0181913,1
2129_BRANCH0_2540,0,0.0189306,1
2129_BRANCH0_2555,1,0.0175061,1
2129_BRANCH0_2555,0,0.0188211,1
2129_BRANCH0_2594,1,0.0192022,1
2129_BRANCH0_2594,0,0.0189498,1
2129_BRANCH0_2611,1,0.0188632,1
2129_BRANCH0_2611,0,0.0199183,1
2129_BRANCH0_2630,1,0.0182159,1
2129_BRANCH0_2630,0,0.0187105,1
2129_BRANCH0_2639,1,0.0180554,1
2129_BRANCH0_2639,0,0.0188583,1
2129_BRANCH0_2655,1,0.0185719,1
2129_BRANCH0_2655,0,0.0198154,1
2129,1,0.018481,1
2129,0,0.0188071,1
2143_BRANCH0_2552,1,0.019507,1
2143_BRANCH0_2552,0,0.0186842,1
2148_BRANCH0_2216,1,0.0180003,1
2148_BRANCH0_2216,0,0.0178549,1
2874,1,0.0163921,1
2874,0,0.0169189,1
2151_BRANCH0_2214,1,0.0268327,1
2151_BRANCH0_2214,0,0.0419803,1
2151,1,0.0274154,1
2151,0,0.040329,1
2196_BRANCH0_2225,1,0.0199695,1
2196_BRANCH0_2225,0,0.018191,1
2196,1,0.0186463,1
2196,0,0.0184515,1
2199_BRANCH0_2223,1,0.0253321,1
2199_BRANCH0_2223,0,0.0183314,1
2199,1,0.0249861,1
2199,0,0.018361,1
2202,1,0.0185648,1
2202,0,0.0183268,1
2205_BRANCH0_2226,1,0.01863,1
2205_BRANCH0_2226,0,0.0188182,1
2214,1,0.0415779,1
2214,0,0.0272885,1
2217,1,0.0202685,1
2217,0,0.0177992,1
2386_BRANCH0_2664,1,0.0197835,1
2386_BRANCH0_2664,0,0.0188507,1
2223,1,0.0200288,1
2223,0,0.0250961,1
2224,1,0.0184731,1
2224,0,0.0191378,1
2386_BRANCH0_2661,1,0.0188543,1
2386_BRANCH0_2661,0,0.0178042,1
2225,1,0.0186881,1
2225,0,0.0186899,1
2576_BRANCH0_2691,1,0.0141885,1
2576_BRANCH0_2691,0,528.281,1
2226,1,0.0206445,1
2226,0,0.0199329,1
2230,1,0.031604,1
2230,0,0.0190873,1
2231,1,0.0233561,1
2231,0,0.0187939,1
2233,1,0.0171653,1
2233,0,0.0192622,1
2234,1,0.0229119,1
2234,0,0.0195416,1
2237_BRANCH0_2260,1,0.018924,1
2237_BRANCH0_2260,0,0.020464,1
2237,1,0.0179823,1
2237,0,0.0202148,1
2240,1,0.0226025,1
2240,0,0.0185982,1
2241_BRANCH0_2263,1,0.0186556,1
2241_BRANCH0_2263,0,0.0184306,1
2241_BRANCH0_2266,1,0.018258,1
2241_BRANCH0_2266,0,0.0176602,1
2245_BRANCH0_2269,1,0.0187164,1
2245_BRANCH0_2269,0,0.0183821,1
2245,1,0.0189652,1
2245,0,0.0187926,1
2257_BRANCH0_2353,1,0.0176034,1
2257_BRANCH0_2353,0,0.0195401,1
2260,1,0.0206852,1
2260,0,0.0204559,1
2263_BRANCH0_2385,1,0.0180821,1
2263_BRANCH0_2385,0,0.0178039,1
2789_BRANCH0_2829,1,2.27194,1
2789_BRANCH0_2829,0,0.02023,1
2263_BRANCH0_2386,1,0.0200491,1
2263_BRANCH0_2386,0,0.0194104,1
2263,1,0.0194517,1
2263,0,0.0190768,1
2266_BRANCH0_2286,1,0.0181369,1
2266_BRANCH0_2286,0,0.0190694,1
2266_BRANCH0_2297,1,0.0202021,1
2266_BRANCH0_2297,0,0.0179203,1
2266,1,0.0199905,1
2266,0,0.01785,1
2776,1,0.0185758,1
2776,0,0.0184813,1
2886,1,0.0157609,1
2886,0,0.0137858,1
2269_BRANCH0_2427,1,0.0186886,1
2269_BRANCH0_2427,0,0.0184017,1
2269,1,0.0187724,1
2269,0,0.0188413,1
2272_BRANCH0_2315,1,0.0178317,1
2272_BRANCH0_2315,0,0.0188815,1
2272_BRANCH0_2326,1,0.0195406,1
2272_BRANCH0_2326,0,0.0190237,1
2279_BRANCH0_2384,1,0.0207974,1
2279_BRANCH0_2384,0,0.0158676,1
2286_BRANCH0_2543,1,0.0189777,1
2286_BRANCH0_2543,0,0.0179376,1
2286_BRANCH0_2546,1,0.02,1
2286_BRANCH0_2546,0,0.0178383,1
2286_BRANCH0_2561,1,0.0199805,1
2286_BRANCH0_2561,0,0.0177938,1
2768,1,0.0196399,1
2768,0,0.0170931,1
2297_BRANCH0_2549,1,0.0177147,1
2297_BRANCH0_2549,0,0.0190633,1
2537,1,0.0190097,1
2537,0,0.0193848,1
2297_BRANCH0_2552,1,0.0185493,1
2297_BRANCH0_2552,0,0.0177816,1
2857,1,0.0279002,1
2857,0,0.0143147,1
2297_BRANCH0_2573,1,0.0190315,1
2297_BRANCH0_2573,0,0.0175004,1
2297_BRANCH0_2603,1,0.0189156,1
2297_BRANCH0_2603,0,0.0182805,1
2315_BRANCH0_2567,1,0.0184473,1
2315_BRANCH0_2567,0,0.0190742,1
2297_BRANCH0_2606,1,0.0195551,1
2297_BRANCH0_2606,0,0.0178522,1
2297_BRANCH0_2627,1,840.916,1
2297_BRANCH0_2627,0,0.0185228,1
2297_BRANCH0_2648,1,0.0188308,1
2297_BRANCH0_2648,0,0.0182513,1
2315_BRANCH0_2537,1,0.0175316,1
2315_BRANCH0_2537,0,0.0178482,1
2315_BRANCH0_2540,1,0.0186595,1
2315_BRANCH0_2540,0,0.0189577,1
2315_BRANCH0_2543,1,0.0186521,1
2315_BRANCH0_2543,0,0.0190034,1
2315_BRANCH0_2558,1,0.0186829,1
2315_BRANCH0_2558,0,0.0189257,1
2549_BRANCH0_2750,1,0.0197446,1
2549_BRANCH0_2750,0,0.0173382,1
2315_BRANCH0_2561,1,0.018399,1
2315_BRANCH0_2561,0,0.0189766,1
2315_BRANCH0_2570,1,0.0187784,1
2315_BRANCH0_2570,0,0.0189876,1
2326_BRANCH0_2573,1,0.01871,1
2326_BRANCH0_2573,0,0.0190678,1
2326_BRANCH0_2576,1,0.0187083,1
2326_BRANCH0_2576,0,0.0190341,1
2326_BRANCH0_2614,1,0.0181163,1
2326_BRANCH0_2614,0,0.0190053,1
2552,1,0.0189903,1
2552,0,0.01823,1
2326_BRANCH0_2617,1,0.0177778,1
2326_BRANCH0_2617,0,0.0189086,1
2326_BRANCH0_2628,1,791.315,1
2326_BRANCH0_2628,0,0.0172016,1
2326_BRANCH0_2655,1,0.0191578,1
2326_BRANCH0_2655,0,0.0177654,1
2689,1,0.0189802,1
2689,0,0.014545,1
2326_BRANCH0_2658,1,0.0174268,1
2326_BRANCH0_2658,0,0.0190336,1
2326_BRANCH0_2664,1,0.0182558,1
2326_BRANCH0_2664,0,0.0189632,1
2340_BRANCH0_2540,1,0.0207339,1
2340_BRANCH0_2540,0,0.0204039,1
2340_BRANCH0_2543,1,0.0194151,1
2340_BRANCH0_2543,0,0.0203688,1
2669,1,0.0178614,1
2669,0,0.0202538,1
2340_BRANCH0_2561,1,0.0194756,1
2340_BRANCH0_2561,0,0.0202501,1
2340_BRANCH0_2627,1,0.0194873,1
2340_BRANCH0_2627,0,0.0204957,1
2340_BRANCH0_2630,1,0.0191486,1
2340_BRANCH0_2630,0,0.0215712,1
2340_BRANCH0_2631,1,0.0196715,1
2340_BRANCH0_2631,0,0.0204378,1
2340,1,0.0164031,1
2340,0,0.0171225,1
2353_BRANCH0_2546,1,0.0198943,1
2353_BRANCH0_2546,0,0.0206986,1
2353_BRANCH0_2567,1,0.0192038,1
2353_BRANCH0_2567,0,0.0199558,1
2353_BRANCH0_2606,1,0.0188815,1
2353_BRANCH0_2606,0,0.0208068,1
2353_BRANCH0_2620,1,0.0189768,1
2353_BRANCH0_2620,0,0.0208075,1
2361_BRANCH0_2611,1,0.0190774,1
2361_BRANCH0_2611,0,0.0201285,1
2361_BRANCH0_2642,1,0.0196987,1
2361_BRANCH0_2642,0,0.0202052,1
2353_BRANCH0_2632,1,0.0187632,1
2353_BRANCH0_2632,0,0.0207719,1
2353_BRANCH0_2651,1,0.018851,1
2353_BRANCH0_2651,0,0.0207237,1
2361_BRANCH0_2558,1,0.0195309,1
2361_BRANCH0_2558,0,0.0204242,1
2361_BRANCH0_2594,1,0.0196132,1
2361_BRANCH0_2594,0,0.0202048,1
2361_BRANCH0_2639,1,0.0197102,1
2361_BRANCH0_2639,0,0.0204979,1
2361_BRANCH0_2655,1,0.01961,1
2361_BRANCH0_2655,0,0.0201918,1
2361,1,0.0195287,1
2361,0,0.0200409,1
2375_BRANCH0_2549,1,0.0188715,1
2375_BRANCH0_2549,0,0.0208632,1
2375_BRANCH0_2555,1,0.018958,1
2375_BRANCH0_2555,0,0.0208704,1
2375_BRANCH0_2570,1,0.0189904,1
2375_BRANCH0_2570,0,0.0210373,1
2375_BRANCH0_2576,1,0.0190194,1
2375_BRANCH0_2576,0,0.0208313,1
2375_BRANCH0_2600,1,0.0189708,1
2375_BRANCH0_2600,0,0.0206356,1
2375_BRANCH0_2617,1,0.0190199,1
2375_BRANCH0_2617,0,0.0208023,1
2375_BRANCH0_2645,1,0.0190988,1
2375_BRANCH0_2645,0,0.0207927,1
2375_BRANCH0_2661,1,0.0187454,1
2375_BRANCH0_2661,0,0.0206906,1
2384,1,0.00672018,1
2384,0,0.019775,1
2386_BRANCH0_2611,1,0.0190039,1
2386_BRANCH0_2611,0,0.0180009,1
2386_BRANCH0_2617,1,0.0200031,1
2386_BRANCH0_2617,0,0.0179563,1
2386_BRANCH0_2620,1,0.0198559,1
2386_BRANCH0_2620,0,0.017825,1
2386_BRANCH0_2629,1,0.019561,1
2386_BRANCH0_2629,0,0.0193057,1
2871,1,0.0158391,1
2871,0,0.0165236,1
2386_BRANCH0_2630,1,0.0191883,1
2386_BRANCH0_2630,0,0.0179115,1
2386_BRANCH0_2633,1,0.0198497,1
2386_BRANCH0_2633,0,0.0180271,1
2782,1,0.0156573,1
2782,0,0.0165811,1
2386_BRANCH0_2658,1,0.0190446,1
2386_BRANCH0_2658,0,0.017834,1
2386,1,0.0197754,1
2386,0,0.0178193,1
2861,1,0.0302281,1
2861,0,0.0141447,1
2426,1,0.0188707,1
2426,0,0.034562,1
2427_BRANCH0_2594,1,0.0168908,1
2427_BRANCH0_2594,0,0.0186493,1
2427_BRANCH0_2600,1,0.019298,1
2427_BRANCH0_2600,0,0.0178176,1
2611_BRANCH0_2746,1,0.0183263,1
2611_BRANCH0_2746,0,0.017519,1
2427_BRANCH0_2627,1,0.0185328,1
2427_BRANCH0_2627,0,0.0196407,1
2427_BRANCH0_2632,1,0.0181873,1
2427_BRANCH0_2632,0,0.019086,1
2427_BRANCH0_2634,1,0.0172821,1
2427_BRANCH0_2634,0,0.0190313,1
2427_BRANCH0_2642,1,0.0188229,1
2427_BRANCH0_2642,0,0.019117,1
2427_BRANCH0_2645,1,0.0188117,1
2427_BRANCH0_2645,0,0.0190759,1
2427_BRANCH0_2648,1,0.0187646,1
2427_BRANCH0_2648,0,0.0190732,1
2427_BRANCH0_2651,1,0.0188517,1
2427_BRANCH0_2651,0,0.0190086,1
2427,1,0.0202892,1
2427,0,0.0191765,1
2537_BRANCH0_2745,1,0.01917,1
2537_BRANCH0_2745,0,0.0170626,1
2537_BRANCH0_2747,1,0.0182579,1
2537_BRANCH0_2747,0,0.0197359,1
2540_BRANCH0_2747,1,0.0177532,1
2540_BRANCH0_2747,0,0.0196327,1
2543_BRANCH0_2745,1,0.0176999,1
2543_BRANCH0_2745,0,0.0170635,1
2543,1,0.0182816,1
2543,0,0.018357,1
2546_BRANCH0_2745,1,0.0189341,1
2546_BRANCH0_2745,0,0.0171053,1
2546_BRANCH0_2747,1,0.0182969,1
2546_BRANCH0_2747,0,0.0199509,1
2546,1,0.0179837,1
2546,0,0.0196295,1
2549_BRANCH0_2746,1,0.01776,1
2549_BRANCH0_2746,0,0.0181733,1
2552_BRANCH0_2750,1,0.0186036,1
2552_BRANCH0_2750,0,0.0197006,1
2555_BRANCH0_2746,1,0.0181467,1
2555_BRANCH0_2746,0,0.0182595,1
2558_BRANCH0_2669,1,4.50098,1
2558_BRANCH0_2669,0,4.69535,1
2558_BRANCH0_2670,1,0.0178446,1
2558_BRANCH0_2670,0,0.0184475,1
2561_BRANCH0_2672,1,0.01551,1
2561_BRANCH0_2672,0,0.0183348,1
2564_BRANCH0_2673,1,0.0170815,1
2564_BRANCH0_2673,0,0.0181532,1
2564,1,0.0155958,1
2564,0,0.0186628,1
2818_BRANCH0_2859,1,0.0146661,1
2818_BRANCH0_2859,0,0.0279715,1
2567_BRANCH0_2676,1,0.0163952,1
2567_BRANCH0_2676,0,0.0177155,1
2567,1,0.0159787,1
2567,0,0.0177878,1
2570_BRANCH0_2682,1,0.0159805,1
2570_BRANCH0_2682,0,124.505,1
2570_BRANCH0_2683,1,0.0174928,1
2570_BRANCH0_2683,0,0.0184006,1
2570,1,0.0172373,1
2570,0,0.0182193,1
2573_BRANCH0_2688,1,252.665,1
2573_BRANCH0_2688,0,266.858,1
2576_BRANCH0_2690,1,501.965,1
2576_BRANCH0_2690,0,0.0184852,1
2594_BRANCH0_2745,1,0.0191358,1
2594_BRANCH0_2745,0,0.0171395,1
2594_BRANCH0_2747,1,0.0181698,1
2594_BRANCH0_2747,0,0.0197218,1
2594,1,0.0179079,1
2594,0,0.0185215,1
2597,1,0.0187271,1
2597,0,0.0197056,1
2603_BRANCH0_2747,1,0.0178832,1
2603_BRANCH0_2747,0,0.0197681,1
2603,1,0.01779,1
2603,0,0.0197681,1
2611,1,0.01819,1
2611,0,0.0183699,1
2723,1,0.0229163,1
2723,0,0.0136308,1
2614_BRANCH0_2746,1,0.0194829,1
2614_BRANCH0_2746,0,0.0170263,1
2628,1,0.018339,1
2628,0,0.0169216,1
2629,1,0.0186501,1
2629,0,0.0173085,1
2655_BRANCH0_2736,1,0.0161615,1
2655_BRANCH0_2736,0,0.0184245,1
2633,1,0.0191842,1
2633,0,0.0175746,1
2639_BRANCH0_2724,1,0.554066,1
2639_BRANCH0_2724,0,0.5753,1
2639,1,0.0170539,1
2639,0,0.0183965,1
2642_BRANCH0_2726,1,1.07474,1
2642_BRANCH0_2726,0,1.07582,1
2645_BRANCH0_2728,1,2.18442,1
2645_BRANCH0_2728,0,2.17141,1
2645_BRANCH0_2729,1,0.0176586,1
2645_BRANCH0_2729,0,0.0184169,1
2648_BRANCH0_2731,1,0.280189,1
2648_BRANCH0_2731,0,0.287709,1
2648,1,0.0178248,1
2648,0,0.0184358,1
2651_BRANCH0_2733,1,0.0158105,1
2651_BRANCH0_2733,0,0.0211641,1
2655_BRANCH0_2735,1,0.0169834,1
2655_BRANCH0_2735,0,0.0216893,1
2655,1,0.0165874,1
2655,0,0.0184234,1
2658_BRANCH0_2737,1,0.0156223,1
2658_BRANCH0_2737,0,0.0243301,1
2661_BRANCH0_2739,1,0.0162979,1
2661_BRANCH0_2739,0,0.0291061,1
2661_BRANCH0_2740,1,0.0156397,1
2661_BRANCH0_2740,0,0.0183211,1
2661,1,0.0166582,1
2661,0,0.0182655,1
2664_BRANCH0_2741,1,0.0166527,1
2664_BRANCH0_2741,0,0.0620032,1
2670,1,0.0192018,1
2670,0,0.0157363,1
2671,1,0.0184951,1
2671,0,0.02013,1
2672,1,0.0181041,1
2672,0,0.0171118,1
2674,1,17.4066,1
2674,0,17.2672,1
2675,1,0.0180466,1
2675,0,0.0182902,1
2682,1,0.0234335,1
2682,0,0.0171075,1
2688,1,0.0212988,1
2688,0,0.0210992,1
2710,1,0.0192811,1
2710,0,0.0202267,1
2721,1,0.0219349,1
2721,0,0.0136552,1
2724,1,0.0184254,1
2724,0,0.0198988,1
2727,1,0.0181023,1
2727,0,0.0158275,1
2728,1,0.0184707,1
2728,0,0.0201818,1
2729,1,0.0182277,1
2729,0,0.015732,1
2730,1,0.0184579,1
2730,0,0.0173042,1
2733,1,0.0210779,1
2733,0,0.0171385,1
2734,1,0.0224234,1
2734,0,0.0135622,1
2735,1,0.0199252,1
2735,0,0.0155017,1
2738,1,0.0188498,1
2738,0,0.0162192,1
2739,1,0.0185477,1
2739,0,0.0166396,1
2741,1,0.0186874,1
2741,0,0.0167991,1
2743,1,0.0226905,1
2743,0,0.0136988,1
2744,1,0.0225596,1
2744,0,0.013957,1
2747_BRANCH0_2788,1,0.0180448,1
2747_BRANCH0_2788,0,0.0199506,1
2747_BRANCH0_2789,1,0.0210412,1
2747_BRANCH0_2789,0,2.25748,1
2747,1,0.0199217,1
2747,0,0.0193212,1
2750_BRANCH0_2789,1,0.0253153,1
2750_BRANCH0_2789,0,2.28666,1
2753,1,0.0203575,1
2753,0,0.0172038,1
2754,1,0.0191574,1
2754,0,0.0169609,1
2755,1,0.0159923,1
2755,0,0.0170003,1
2758,1,0.0222658,1
2758,0,0.0137982,1
2760,1,0.0226303,1
2760,0,0.0145798,1
2762,1,0.0170929,1
2762,0,0.0166038,1
2763,1,0.0217261,1
2763,0,0.0140306,1
2766,1,0.022229,1
2766,0,0.0137133,1
2818_BRANCH0_2852,1,0.0138882,1
2818_BRANCH0_2852,0,0.028413,1
2773_BRANCH0_2807,1,0.0165898,1
2773_BRANCH0_2807,0,0.894853,1
2773_BRANCH0_2808,1,0.0159315,1
2773_BRANCH0_2808,0,0.018092,1
2773,1,0.0165934,1
2773,0,0.0181249,1
2776_BRANCH0_2810,1,0.0177386,1
2776_BRANCH0_2810,0,0.0188559,1
2779,1,0.0203607,1
2779,0,0.0169874,1
2784,1,0.0154566,1
2784,0,0.0161956,1
2786,1,0.0155292,1
2786,0,0.0163014,1
2788,1,0.0184493,1
2788,0,0.0201371,1
2789_BRANCH0_2818,1,2.30835,1
2789_BRANCH0_2818,0,0.0227012,1
2789_BRANCH0_2821,1,2.26018,1
2789_BRANCH0_2821,0,0.0227703,1
2789_BRANCH0_2824,1,2.26161,1
2789_BRANCH0_2824,0,0.035731,1
2789,1,2.24662,1
2789,0,0.0203565,1
2809,1,0.0226057,1
2809,0,0.0181871,1
2810,1,0.0188337,1
2810,0,0.018866,1
2812_BRANCH0_2850,1,0.0147857,1
2812_BRANCH0_2850,0,0.0272211,1
2812,1,0.0146589,1
2812,0,0.0255316,1
2815_BRANCH0_2851,1,0.0145368,1
2815_BRANCH0_2851,0,0.0252483,1
2815_BRANCH0_2858,1,0.0138665,1
2815_BRANCH0_2858,0,0.025009,1
2818,1,0.0140238,1
2818,0,0.0281767,1
2821_BRANCH0_2853,1,0.0134313,1
2821_BRANCH0_2853,0,0.0308671,1
2821,1,0.0132908,1
2821,0,0.0312603,1
2827,1,0.0137029,1
2827,0,0.0140649,1
2829_BRANCH0_2862,1,0.0127809,1
2829_BRANCH0_2862,0,0.0293387,1
2829_BRANCH0_2863,1,0.0137567,1
2829_BRANCH0_2863,0,0.0283197,1
2829,1,0.0134982,1
2829,0,0.0278579,1
2843_BRANCH0_2872,1,0.0144217,1
2843_BRANCH0_2872,0,0.015201,1
2846_BRANCH0_2873,1,0.0189204,1
2846_BRANCH0_2873,0,0.0157766,1
2850,1,0.0257159,1
2850,0,0.0147275,1
2852,1,0.0282215,1
2852,0,0.0137469,1
2870,1,0.013399,1
2870,0,0.0132545,1
2873,1,0.0156015,1
2873,0,0.0193512,1
2877,1,0.0150271,1
2877,0,0.0139452,1
2879,1,0.0114267,1
2879,0,0.0132412,1
2883,1,0.0135516,1
2883,0,0.0141039,1
2895,1,0.0141768,1
2895,0,0.0148602,1
2896,1,0.014895,1
2896,0,0.0139941,1
2899,1,0.0138651,1
2899,0,0.013814,1
