0.00341287
16_BRANCH0_22,1,0.000186836,1
16_BRANCH0_22,0,9.0809e-05,1
11,1,0.000107586,1
11,0,0.000100323,1
11_BRANCH0_19,1,8.4721e-05,1
11_BRANCH0_19,0,0.000100995,1
11_BRANCH0_16,1,8.0204e-05,1
11_BRANCH0_16,0,7.847e-05,1
7,1,0.000103262,1
7,0,9.4308e-05,1
6,1,9.7595e-05,1
6,0,9.7438e-05,1
19,1,8.1468e-05,1
19,0,9.7594e-05,1
3_BRANCH0_11,1,0.000105528,1
3_BRANCH0_11,0,9.4022e-05,1
16_BRANCH0_23,1,0.000104827,1
16_BRANCH0_23,0,8.0811e-05,1
10,1,0.000102588,1
10,0,7.7907e-05,1
3_BRANCH0_10,1,7.8131e-05,1
3_BRANCH0_10,0,9.5187e-05,1
2,1,0.000126057,1
2,0,0.000125041,1
3,1,9.8506e-05,1
3,0,9.5778e-05,1
16,1,0.000122498,1
16,0,0.000114364,1
1,1,0.000115293,1
1,0,0.000101112,1
22,1,0.000103393,1
22,0,0.000102344,1
23,1,8.7214e-05,1
23,0,8.0664e-05,1
