0.00340169
16_BRANCH0_22,1,0.000184192,1
16_BRANCH0_22,0,9.0559e-05,1
11,1,0.000106211,1
11,0,0.000101324,1
11_BRANCH0_19,1,8.4433e-05,1
11_BRANCH0_19,0,7.7164e-05,1
11_BRANCH0_16,1,8.0029e-05,1
11_BRANCH0_16,0,8.473e-05,1
7,1,0.000103948,1
7,0,9.4686e-05,1
6,1,9.6762e-05,1
6,0,9.7976e-05,1
19,1,9.3483e-05,1
19,0,0.000104015,1
3_BRANCH0_11,1,9.7313e-05,1
3_BRANCH0_11,0,9.6557e-05,1
16_BRANCH0_23,1,0.000104799,1
16_BRANCH0_23,0,8.0427e-05,1
10,1,0.000102936,1
10,0,7.7764e-05,1
3_BRANCH0_10,1,7.9223e-05,1
3_BRANCH0_10,0,9.5572e-05,1
2,1,0.000125762,1
2,0,0.000123524,1
3,1,0.000131177,1
3,0,0.00011097,1
16,1,0.000121888,1
16,0,8.1247e-05,1
1,1,0.000102925,1
1,0,0.000100944,1
22,1,0.00010245,1
22,0,9.7959e-05,1
23,1,8.8018e-05,1
23,0,8.0724e-05,1
