882.469
254,1,0.00494472,1
254,0,0.00661919,1
415,1,0.00648009,1
415,0,0.0028818,1
250,1,0.00455404,1
250,0,0.00657138,1
341,1,0.00563396,1
341,0,0.00622056,1
247,1,0.00522937,1
247,0,0.0034855,1
236_BRANCH0_273,1,0.00423438,1
236_BRANCH0_273,0,0.00459001,1
247_BRANCH0_282,1,0.0042429,1
247_BRANCH0_282,0,0.00446899,1
246,1,0.00432567,1
246,0,0.00644136,1
157,1,0.00419882,1
157,0,0.00373325,1
30_BRANCH0_386,1,0.00267233,1
30_BRANCH0_386,0,0.00311116,1
243_BRANCH0_293,1,0.00453051,1
243_BRANCH0_293,0,0.00612699,1
273_BRANCH0_296,1,0.00440563,1
273_BRANCH0_296,0,0.00547077,1
243_BRANCH0_279,1,0.0043206,1
243_BRANCH0_279,0,0.00433248,1
239,1,0.00475648,1
239,0,0.00358451,1
239_BRANCH0_276,1,0.00427568,1
239_BRANCH0_276,0,0.0043333,1
236,1,0.00474348,1
236,0,0.0036807,1
411_BRANCH0_416,1,0.00592092,1
233_BRANCH0_270,1,0.00468608,1
233_BRANCH0_270,0,0.00455673,1
230,1,0.00468316,1
230,0,0.00370837,1
199_BRANCH0_223,1,0.000883556,1
199_BRANCH0_223,0,0.00259107,1
230_BRANCH0_289,1,0.00424283,1
230_BRANCH0_289,0,0.00634614,1
230_BRANCH0_267,1,0.00430337,1
230_BRANCH0_267,0,0.0048844,1
27,1,2.83887,1
27,0,2.86449,1
224,1,0.00491877,1
224,0,0.00416702,1
134,1,0.00253893,1
134,0,0.0024646,1
223,1,0.00276247,1
223,0,0.000815426,1
130,1,0.00246777,1
130,0,0.0023823,1
213_BRANCH0_259,1,0.00600473,1
213_BRANCH0_254,1,0.00603324,1
213_BRANCH0_254,0,0.00495396,1
213_BRANCH0_242,1,0.00509052,1
213_BRANCH0_242,0,0.16215,1
203,1,0.0058998,1
203,0,0.00308756,1
203_BRANCH0_251,1,0.00620525,1
203_BRANCH0_251,0,0.00344435,1
191,1,0.00448117,1
191,0,0.00439407,1
203_BRANCH0_243,1,0.0058699,1
203_BRANCH0_243,0,0.00355962,1
171_BRANCH0_239,1,0.00362724,1
171_BRANCH0_239,0,0.00563744,1
416,1,0.00576038,1
416,0,39.1805,1
251_BRANCH0_295,1,0.00645974,1
251_BRANCH0_295,0,0.00597029,1
203_BRANCH0_236,1,0.00586521,1
203_BRANCH0_236,0,0.003478,1
203_BRANCH0_230,1,0.00576474,1
203_BRANCH0_230,0,0.00352924,1
203_BRANCH0_227,1,0.00578368,1
203_BRANCH0_227,0,0.00376737,1
257,1,0.00492495,1
257,0,0.00605722,1
138,1,0.002579,1
138,0,0.00244768,1
34_BRANCH0_185,1,0.00486949,1
34_BRANCH0_185,0,0.00445504,1
66_BRANCH0_375,1,0.00415801,1
66_BRANCH0_375,0,0.00392507,1
203_BRANCH0_224,1,0.00575905,1
203_BRANCH0_224,0,0.00367466,1
40_BRANCH0_373,1,0.00394316,1
40_BRANCH0_373,0,0.00400752,1
199,1,0.000926069,1
199,0,0.00262394,1
69_BRANCH0_139,1,0.00385295,1
69_BRANCH0_139,0,0.00261897,1
86_BRANCH0_345,1,0.00337185,1
86_BRANCH0_345,0,0.00343106,1
296_BRANCH0_329,1,0.00119651,1
296_BRANCH0_329,0,0.00487518,1
197,1,0.00471366,1
197,0,0.00448628,1
196,1,0.00602711,1
196,0,0.00596572,1
123_BRANCH0_184,1,0.00599967,1
123_BRANCH0_184,0,0.00564255,1
195,1,0.00486209,1
195,0,0.0044541,1
192,1,0.00602617,1
192,0,0.00629238,1
189,1,0.00439973,1
189,0,0.00445217,1
308,1,0.00564311,1
308,0,0.00634253,1
203_BRANCH0_233,1,0.00586816,1
203_BRANCH0_233,0,0.00381405,1
386_BRANCH0_416,1,0.00550233,1
386_BRANCH0_425,1,0.00598357,1
386_BRANCH0_425,0,0.00478212,1
187,1,0.00476068,1
187,0,0.00467942,1
158,1,0.00333467,1
158,0,0.0032516,1
251_BRANCH0_285,1,0.00603269,1
251_BRANCH0_285,0,0.00474066,1
184,1,0.00602223,1
184,0,0.00601915,1
285_BRANCH0_296,1,0.00422695,1
285_BRANCH0_296,0,0.0055253,1
183,1,0.00468233,1
183,0,0.00440046,1
73,1,0.00281901,1
73,0,0.00287653,1
180_BRANCH0_251,1,0.00358792,1
180_BRANCH0_251,0,0.00583152,1
263,1,0.00337958,1
263,0,0.0056794,1
180_BRANCH0_199,1,0.00294969,1
180_BRANCH0_199,0,0.00237036,1
177,1,0.00243114,1
177,0,0.0024202,1
139,1,0.0026499,1
139,0,0.00382652,1
309_BRANCH0_337,1,0.0056701,1
309_BRANCH0_337,0,0.00638233,1
227_BRANCH0_264,1,0.00461957,1
227_BRANCH0_264,0,0.00452338,1
168_BRANCH0_199,1,0.00259587,1
168_BRANCH0_199,0,0.00219668,1
174,1,0.00240486,1
174,0,0.00236975,1
34_BRANCH0_338,1,0.00351654,1
34_BRANCH0_338,0,0.00332971,1
174_BRANCH0_199,1,0.00261091,1
174_BRANCH0_199,0,0.00216322,1
171,1,0.00238795,1
171,0,0.00240365,1
95_BRANCH0_411,1,0.00267439,1
95_BRANCH0_411,0,0.00327591,1
174_BRANCH0_243,1,0.00359634,1
174_BRANCH0_243,0,0.00570251,1
224_BRANCH0_263,1,0.00458558,1
224_BRANCH0_263,0,0.00338907,1
180,1,0.00268173,1
180,0,0.00226444,1
168,1,0.0025655,1
168,0,0.00223156,1
165,1,0.00259931,1
165,0,0.00230176,1
162,1,0.00251977,1
162,0,0.00226392,1
159_BRANCH0_227,1,0.0035334,1
159_BRANCH0_227,0,0.00586196,1
21_BRANCH0_183,1,0.00410893,1
21_BRANCH0_183,0,0.00465781,1
213_BRANCH0_256,1,0.00591355,1
213_BRANCH0_256,0,0.00521956,1
4,1,0.00260814,1
4,0,0.00230425,1
154,1,0.00250256,1
154,0,0.0022354,1
159_BRANCH0_199,1,0.00242856,1
159_BRANCH0_199,0,0.00238683,1
194,1,0.00598185,1
194,0,0.00603107,1
154_BRANCH0_199,1,0.002587,1
154_BRANCH0_199,0,0.0023099,1
151,1,0.00270903,1
151,0,0.00370325,1
47_BRANCH0_340,1,0.00344966,1
47_BRANCH0_340,0,0.00355597,1
122,1,0.002553,1
122,0,0.00247673,1
151_BRANCH0_198,1,0.00591959,1
151_BRANCH0_198,0,0.00570256,1
1_BRANCH0_242,1,0.0027441,1
1_BRANCH0_242,0,0.00500297,1
47_BRANCH0_187,1,0.00452842,1
47_BRANCH0_187,0,0.00454234,1
150,1,0.00263628,1
150,0,0.00252186,1
147,1,0.00256361,1
147,0,0.00364286,1
147_BRANCH0_195,1,0.00461661,1
147_BRANCH0_195,0,0.00566325,1
233_BRANCH0_290,1,0.00478524,1
233_BRANCH0_290,0,0.00623283,1
146,1,0.00262119,1
146,0,0.00246781,1
360,1,0.00575029,1
360,0,0.003782,1
171_BRANCH0_199,1,0.00268241,1
171_BRANCH0_199,0,0.0023082,1
143_BRANCH0_194,1,0.0058191,1
143_BRANCH0_194,0,0.00566527,1
255,1,0.0053333,1
255,0,0.0062008,1
139_BRANCH0_191,1,0.00467107,1
139_BRANCH0_191,0,0.00572546,1
213_BRANCH0_255,1,0.00639724,1
213_BRANCH0_255,0,0.00512852,1
79_BRANCH0_192,1,0.00623797,1
79_BRANCH0_192,0,0.0060196,1
199_BRANCH0_213,1,0.00476355,1
199_BRANCH0_213,0,0.00622378,1
340,1,0.00355134,1
340,0,0.00561965,1
348,1,0.0038676,1
348,0,0.00583995,1
135,1,0.00305356,1
135,0,0.00364149,1
213_BRANCH0_250,1,0.00601611,1
213_BRANCH0_250,0,0.00484591,1
151_BRANCH0_197,1,0.00511395,1
151_BRANCH0_197,0,0.00569158,1
360_BRANCH0_373,1,0.00604033,1
360_BRANCH0_373,0,0.00450539,1
135_BRANCH0_190,1,0.00599532,1
135_BRANCH0_190,0,0.00609453,1
309_BRANCH0_332,1,0.00560107,1
309_BRANCH0_332,0,0.00653578,1
350,1,0.00600907,1
350,0,0.00579463,1
135_BRANCH0_189,1,0.00490838,1
135_BRANCH0_189,0,0.00561269,1
131,1,0.0030703,1
131,0,0.0037482,1
127,1,0.00266946,1
127,0,0.00364773,1
335,1,0.00601286,1
335,0,0.00637953,1
227,1,0.00507604,1
227,0,0.00397906,1
213_BRANCH0_246,1,0.00613393,1
213_BRANCH0_246,0,0.0046567,1
79,1,2.86349,1
79,0,2.80934,1
177_BRANCH0_247,1,0.00356653,1
177_BRANCH0_247,0,0.00601135,1
56,1,0.00276949,1
56,0,0.00288201,1
56_BRANCH0_168,1,0.00261196,1
56_BRANCH0_168,0,0.00247356,1
53,1,2.82725,1
53,0,2.83053,1
159,1,0.00271838,1
159,0,0.00231784,1
8_BRANCH0_334,1,0.00263999,1
8_BRANCH0_334,0,0.00455182,1
53_BRANCH0_188,1,0.00629703,1
53_BRANCH0_188,0,0.0062468,1
50,1,0.00263172,1
50,0,0.0024701,1
50_BRANCH0_255,1,0.00530122,1
50_BRANCH0_255,0,0.00515438,1
227_BRANCH0_288,1,0.0046679,1
227_BRANCH0_288,0,0.00619875,1
393_BRANCH0_429,1,46.679,0
393_BRANCH0_429,0,0.00428509,1
50_BRANCH0_134,1,0.00269224,1
50_BRANCH0_134,0,0.00260829,1
27_BRANCH0_184,1,0.00591919,1
27_BRANCH0_184,0,0.00609069,1
40,1,2.8242,1
40,0,2.88023,1
309_BRANCH0_335,1,0.00577458,1
309_BRANCH0_335,0,0.00641866,1
73_BRANCH0_191,1,0.00438732,1
73_BRANCH0_191,0,0.0045063,1
247_BRANCH0_294,1,0.00439788,1
247_BRANCH0_294,0,0.00618053,1
37_BRANCH0_254,1,0.00542237,1
37_BRANCH0_254,0,0.00497257,1
224_BRANCH0_260,1,0.00463576,1
224_BRANCH0_260,0,0.00398821,1
239_BRANCH0_292,1,0.00452527,1
239_BRANCH0_292,0,0.00634957,1
108_BRANCH0_414,1,0.00297322,1
108_BRANCH0_414,0,0.00359745,1
199_BRANCH0_203,1,0.00336887,1
199_BRANCH0_203,0,0.0060728,1
119,1,0.00315867,1
119,0,0.00384637,1
258,1,0.00501394,1
258,0,0.0062015,1
177_BRANCH0_199,1,0.00277786,1
177_BRANCH0_199,0,0.00228792,1
14,1,0.00261115,1
14,0,0.00264423,1
30,1,0.00270162,1
30,0,0.00280557,1
319_BRANCH0_338,1,0.0057174,1
319_BRANCH0_338,0,0.00380994,1
56_BRANCH0_399,1,0.0027525,1
56_BRANCH0_399,0,0.00325023,1
127_BRANCH0_186,1,0.00599833,1
127_BRANCH0_186,0,0.00580509,1
43_BRANCH0_393,1,0.00314721,1
43_BRANCH0_393,0,0.00325066,1
17,1,0.00285509,1
17,0,0.00281343,1
11,1,0.00252459,1
11,0,0.00238608,1
236_BRANCH0_291,1,0.00446236,1
236_BRANCH0_291,0,0.00604062,1
69_BRANCH0_404,1,0.00292346,1
69_BRANCH0_404,0,0.00322909,1
37_BRANCH0_130,1,0.00271436,1
37_BRANCH0_130,0,0.00254703,1
233,1,0.00481345,1
233,0,0.00406414,1
11_BRANCH0_122,1,0.0025945,1
11_BRANCH0_122,0,0.00256148,1
360_BRANCH0_376,1,0.0055989,1
360_BRANCH0_376,0,0.00457573,1
213_BRANCH0_257,1,0.00603971,1
213_BRANCH0_257,0,0.00525926,1
17_BRANCH0_123,1,0.00374836,1
17_BRANCH0_123,0,0.00298323,1
294,1,0.00597638,1
294,0,0.00593798,1
30_BRANCH0_127,1,0.00408659,1
30_BRANCH0_127,0,0.00278002,1
162_BRANCH0_199,1,0.00262025,1
162_BRANCH0_199,0,0.00237713,1
60,1,0.00250975,1
60,0,0.00262305,1
105_BRANCH0_196,1,0.00602277,1
105_BRANCH0_196,0,0.00622112,1
267_BRANCH0_296,1,0.00459959,1
267_BRANCH0_296,0,0.00559329,1
56_BRANCH0_135,1,0.00369291,1
56_BRANCH0_135,0,0.00275554,1
418,1,0.00400446,1
418,0,0.00572837,1
24,1,0.00298335,1
24,0,0.00236168,1
63_BRANCH0_256,1,0.00507733,1
63_BRANCH0_256,0,0.00526162,1
168_BRANCH0_236,1,0.00348551,1
168_BRANCH0_236,0,0.00599763,1
347,0,0.00570888,1
60_BRANCH0_189,1,0.00505886,1
60_BRANCH0_189,0,0.0046031,1
24_BRANCH0_250,1,0.00545585,1
24_BRANCH0_250,0,0.00521604,1
127_BRANCH0_185,1,0.00488401,1
127_BRANCH0_185,0,0.00605204,1
213_BRANCH0_258,1,0.00604234,1
213_BRANCH0_258,0,0.00515584,1
256,1,0.00507214,1
256,0,0.00614423,1
34,1,0.00302671,1
34,0,0.0028517,1
259,0,0.00624182,1
37,1,0.00248826,1
37,0,0.00239676,1
89_BRANCH0_146,1,0.0024871,1
89_BRANCH0_146,0,0.00262593,1
119_BRANCH0_158,1,0.00332342,1
119_BRANCH0_158,0,0.00575354,1
1,1,0.00316024,1
1,0,0.00221558,1
76_BRANCH0_257,1,0.00541681,1
76_BRANCH0_257,0,0.00511959,1
43_BRANCH0_131,1,0.00380677,1
43_BRANCH0_131,0,0.0028673,1
17_BRANCH0_381,1,0.0027534,1
17_BRANCH0_381,0,0.00292861,1
4_BRANCH0_154,1,0.00270669,1
4_BRANCH0_154,0,0.00251615,1
63,1,0.00236959,1
63,0,0.0024555,1
123,1,0.00272049,1
123,0,0.00375047,1
14_BRANCH0_371,1,0.00280162,1
14_BRANCH0_371,0,0.00571781,1
147_BRANCH0_196,1,0.00646159,1
147_BRANCH0_196,0,0.00580271,1
99_BRANCH0_346,1,0.00376351,1
99_BRANCH0_346,0,0.00356378,1
353,1,0.00602155,1
353,0,0.0059877,1
82_BRANCH0_143,1,0.00406601,1
82_BRANCH0_143,0,0.00286389,1
354,1,0.00599568,1
354,0,0.00598081,1
126,1,0.00294728,1
126,0,0.0025959,1
30_BRANCH0_162,1,0.00251913,1
30_BRANCH0_162,0,0.00257015,1
165_BRANCH0_199,1,0.00251981,1
165_BRANCH0_199,0,0.00236197,1
285_BRANCH0_343,1,0.00431944,1
285_BRANCH0_343,0,0.00567886,1
53_BRANCH0_374,1,0.00451561,1
53_BRANCH0_374,0,0.00404105,1
1_BRANCH0_118,1,0.00259295,1
1_BRANCH0_118,0,0.00259647,1
143,1,0.00277179,1
143,0,0.00370354,1
304,1,0.00592934,1
304,0,0.00642278,1
112_BRANCH0_347,1,0.00362406,1
112_BRANCH0_347,0,247.201,0
60_BRANCH0_342,1,0.00342031,1
60_BRANCH0_342,0,0.00364915,1
330,1,0.00572239,1
330,0,0.00388994,1
86,1,0.00281396,1
86,0,0.00278262,1
243,1,0.00480998,1
243,0,0.00388641,1
17_BRANCH0_159,1,0.00266722,1
17_BRANCH0_159,0,0.00252624,1
92_BRANCH0_194,1,0.00598435,1
92_BRANCH0_194,0,0.00615332,1
43,1,0.00292996,1
43,0,0.00285065,1
8_BRANCH0_157,1,0.00398446,1
8_BRANCH0_157,0,0.00397623,1
198,1,0.00608379,1
198,0,0.0061815,1
8,1,0.00350157,1
8,0,0.00323121,1
21_BRANCH0_336,1,0.00355985,1
21_BRANCH0_336,0,0.00368555,1
21,1,0.00284903,1
21,0,0.00292003,1
339,1,0.00572538,1
339,0,0.00644319,1
105,1,2.92103,1
105,0,2.89072,1
43_BRANCH0_165,1,0.00269066,1
43_BRANCH0_165,0,0.00266395,1
143_BRANCH0_193,1,0.00475717,1
143_BRANCH0_193,0,0.00585215,1
82,1,0.00315917,1
82,0,0.00300185,1
24_BRANCH0_126,1,0.00265629,1
24_BRANCH0_126,0,0.00263425,1
92_BRANCH0_377,1,0.00406649,1
92_BRANCH0_377,0,0.00420569,1
4_BRANCH0_119,1,0.00377106,1
4_BRANCH0_119,0,0.00362363,1
260_BRANCH0_296,1,0.00415508,1
260_BRANCH0_296,0,0.00574651,1
289,1,0.00619203,1
289,0,0.00593824,1
27_BRANCH0_372,1,0.00460183,1
27_BRANCH0_372,0,0.00405628,1
407_BRANCH0_429,1,0.00566498,1
407_BRANCH0_429,0,0.00467706,1
193,1,0.00469594,1
193,0,0.00476321,1
190,1,0.00616176,1
190,0,0.00621115,1
139_BRANCH0_192,1,0.00606263,1
139_BRANCH0_192,0,0.00583247,1
306,1,0.00620444,1
306,0,0.0064077,1
404_BRANCH0_418,1,0.00572825,1
404_BRANCH0_418,0,0.00378464,1
432,1,0.00577246,1
432,0,0.00614344,1
63_BRANCH0_138,1,0.00306648,1
63_BRANCH0_138,0,0.00261928,1
47,1,0.00278787,1
47,0,0.00266714,1
105_BRANCH0_378,1,0.00417737,1
105_BRANCH0_378,0,0.0041982,1
203_BRANCH0_239,1,0.00590084,1
203_BRANCH0_239,0,0.00374734,1
102_BRANCH0_259,1,0.00481086,1
66_BRANCH0_190,1,0.00626794,1
66_BRANCH0_190,0,0.00621122,1
273_BRANCH0_335,1,0.00442194,1
273_BRANCH0_335,0,0.00578414,1
142,1,0.00308554,1
142,0,0.00264606,1
307,1,0.00579632,1
307,0,0.00639518,1
393,1,0.00582354,1
393,0,0.00443428,1
66,1,2.83689,1
66,0,2.86341,1
186,1,0.00639205,1
186,0,0.00605168,1
108_BRANCH0_180,1,0.00271996,1
108_BRANCH0_180,0,0.00261851,1
99_BRANCH0_195,1,0.00432793,1
99_BRANCH0_195,0,0.00462839,1
112_BRANCH0_197,1,0.00458709,1
112_BRANCH0_197,0,0.00433147,1
11_BRANCH0_246,1,0.00490823,1
11_BRANCH0_246,0,0.00478941,1
185,1,0.00484732,1
185,0,0.00448812,1
273,1,0.00467859,1
273,0,0.00566505,1
213,1,0.00626549,1
213,0,0.00485043,1
345,1,0.0036219,1
345,0,0.00585328,1
131_BRANCH0_188,1,0.00655291,1
131_BRANCH0_188,0,0.0058774,1
69_BRANCH0_171,1,0.00304848,1
69_BRANCH0_171,0,0.00260378,1
69,1,0.00288602,1
69,0,0.00300034,1
404,1,0.00573441,1
404,0,0.00425459,1
14_BRANCH0_158,1,0.00354955,1
14_BRANCH0_158,0,0.00359918,1
95,1,0.00284461,1
95,0,0.00312921,1
73_BRANCH0_344,1,0.00363246,1
73_BRANCH0_344,0,0.00370698,1
99,1,0.00290694,1
99,0,0.00277187,1
162_BRANCH0_230,1,0.00372818,1
162_BRANCH0_230,0,0.00596312,1
360_BRANCH0_378,1,0.00575691,1
360_BRANCH0_378,0,0.00464734,1
76_BRANCH0_142,1,0.00284595,1
76_BRANCH0_142,0,0.00259446,1
346,1,0.00346205,1
346,0,0.00603679,1
4_BRANCH0_380,1,0.00281379,1
4_BRANCH0_380,0,0.00259276,1
92,1,2.87372,1
92,0,2.84226,1
82_BRANCH0_174,1,0.00294766,1
82_BRANCH0_174,0,0.00268744,1
89_BRANCH0_258,1,0.00542444,1
89_BRANCH0_258,0,0.00505423,1
381_BRANCH0_416,1,0.00611745,1
82_BRANCH0_407,1,0.00338778,1
82_BRANCH0_407,0,0.0033892,1
301,1,0.00605888,1
301,0,0.00647281,1
86_BRANCH0_193,1,0.00491707,1
86_BRANCH0_193,0,0.00466128,1
309_BRANCH0_341,1,0.00565874,1
309_BRANCH0_341,0,0.006478,1
89,1,0.00254801,1
89,0,0.00237255,1
260_BRANCH0_330,1,0.00336855,1
260_BRANCH0_330,0,0.00582544,1
285,1,0.00516195,1
285,0,0.00575622,1
309_BRANCH0_331,1,0.00573261,1
309_BRANCH0_331,0,0.00653589,1
251,1,0.00647151,1
251,0,0.00370582,1
386,1,0.005726,1
386,0,0.00500588,1
95_BRANCH0_147,1,0.00387183,1
95_BRANCH0_147,0,0.00306758,1
276_BRANCH0_337,1,0.00442492,1
276_BRANCH0_337,0,0.00584718,1
102,1,0.00299332,1
102,0,0.00236011,1
379,1,183.759,0
379,0,0.00613734,1
95_BRANCH0_177,1,0.00277695,1
95_BRANCH0_177,0,0.00250157,1
319_BRANCH0_336,1,0.00567393,1
319_BRANCH0_336,0,0.0036098,1
404_BRANCH0_416,1,0.00581178,1
154_BRANCH0_224,1,0.00384038,1
154_BRANCH0_224,0,0.00597724,1
242,1,0.00511289,1
242,0,0.00256703,1
342,1,0.0034452,1
342,0,0.00571098,1
360_BRANCH0_377,1,0.00603171,1
360_BRANCH0_377,0,0.00453863,1
102_BRANCH0_150,1,0.002701,1
102_BRANCH0_150,0,0.00261696,1
381_BRANCH0_432,1,0.00554731,1
381_BRANCH0_432,0,0.00539722,1
188,1,0.00626563,1
188,0,0.00612781,1
333,1,0.00609974,1
333,0,0.00609345,1
108_BRANCH0_151,1,0.00366518,1
108_BRANCH0_151,0,0.00287753,1
115_BRANCH0_198,1,0.00602592,1
115_BRANCH0_198,0,0.00616282,1
203_BRANCH0_247,1,0.00598753,1
203_BRANCH0_247,0,0.00379498,1
131_BRANCH0_187,1,0.00474564,1
131_BRANCH0_187,0,0.00601701,1
76,1,0.0026903,1
76,0,0.00248762,1
108,1,0.00282344,1
108,0,0.00316393,1
112,1,0.00292866,1
112,0,0.0028451,1
115_BRANCH0_379,1,89.7594,1
319_BRANCH0_334,1,0.00576519,1
319_BRANCH0_334,0,0.00506022,1
378,1,0.00433266,1
378,0,0.00580265,1
115,1,3.06653,1
115,0,3.08506,1
118,1,0.00303494,1
118,0,0.0026339,1
332,1,0.00573246,1
332,0,0.00650314,1
386_BRANCH0_431,1,0.00582262,1
386_BRANCH0_431,0,0.00471401,1
119_BRANCH0_157,1,0.00405053,1
119_BRANCH0_157,0,0.00601072,1
79_BRANCH0_376,1,0.00437632,1
79_BRANCH0_376,0,0.00423592,1
393_BRANCH0_425,1,0.00578192,1
393_BRANCH0_425,0,0.00500753,1
123_BRANCH0_183,1,0.00447012,1
123_BRANCH0_183,0,0.0058368,1
165_BRANCH0_233,1,0.00315806,1
165_BRANCH0_233,0,0.00601269,1
334,1,0.00475302,1
334,0,0.00259676,1
40_BRANCH0_186,1,0.0059639,1
40_BRANCH0_186,0,0.00636001,1
422_BRANCH0_432,1,0.00628799,1
422_BRANCH0_432,0,0.00609113,1
260,1,0.00435624,1
260,0,0.00583154,1
264_BRANCH0_296,1,0.00463059,1
264_BRANCH0_296,0,0.00567924,1
300,1,0.00616067,1
300,0,0.0035404,1
264_BRANCH0_331,1,0.00436253,1
264_BRANCH0_331,0,0.00578862,1
264,1,0.00513046,1
264,0,0.00566075,1
357,1,0.00158251,1
357,0,0.00571554,1
267_BRANCH0_332,1,0.00470566,1
267_BRANCH0_332,0,0.00578083,1
267,1,0.00528266,1
267,0,0.00568084,1
270_BRANCH0_296,1,0.00476931,1
270_BRANCH0_296,0,0.00565848,1
352,1,0.00622284,1
352,0,0.00594733,1
270_BRANCH0_333,1,0.00492595,1
270_BRANCH0_333,0,0.00570438,1
425_BRANCH0_432,1,0.00644645,1
425_BRANCH0_432,0,0.00614293,1
270,1,0.0051649,1
270,0,0.00566294,1
276_BRANCH0_296,1,0.00460395,1
276_BRANCH0_296,0,0.00569608,1
276,1,0.00475913,1
276,0,0.0057541,1
309_BRANCH0_330,1,0.00586001,1
309_BRANCH0_330,0,0.00376556,1
411_BRANCH0_420,1,0.00592233,1
411_BRANCH0_420,0,0.00345954,1
279_BRANCH0_296,1,0.00487764,1
279_BRANCH0_296,0,0.00570214,1
279_BRANCH0_339,1,0.00424416,1
279_BRANCH0_339,0,0.00575218,1
279,1,0.00521161,1
279,0,0.00576391,1
282_BRANCH0_296,1,0.00476358,1
282_BRANCH0_296,0,0.0057598,1
282_BRANCH0_341,1,0.00467647,1
282_BRANCH0_341,0,0.00573989,1
282,1,0.00491209,1
282,0,0.00586271,1
288,1,0.00613876,1
288,0,0.00591127,1
290,1,0.00664878,1
290,0,0.00591528,1
291,1,0.00658906,1
291,0,0.00588977,1
292,1,0.00657165,1
292,0,0.00598494,1
293,1,0.00656831,1
293,0,0.00618008,1
295,1,0.00626124,1
295,0,0.00586321,1
296_BRANCH0_309,1,0.00384862,1
296_BRANCH0_309,0,0.00572474,1
296_BRANCH0_319,1,0.00360388,1
296_BRANCH0_319,0,0.00593883,1
296,1,0.00169848,1
296,0,0.00500346,1
302,1,0.00612028,1
302,0,0.0064955,1
303,1,0.00591496,1
303,0,0.00645836,1
305,1,0.00621785,1
305,0,0.00631691,1
309_BRANCH0_333,1,0.00580073,1
309_BRANCH0_333,0,0.00659838,1
309_BRANCH0_339,1,0.00571304,1
309_BRANCH0_339,0,0.00651367,1
399_BRANCH0_428,1,0.0058119,1
399_BRANCH0_428,0,0.00507841,1
309_BRANCH0_343,1,0.00607981,1
309_BRANCH0_343,0,0.00633965,1
319_BRANCH0_345,1,0.00606055,1
319_BRANCH0_345,0,0.00363761,1
309,1,0.00582713,1
309,0,0.00355311,1
319_BRANCH0_340,1,0.00575015,1
319_BRANCH0_340,0,0.00407752,1
319_BRANCH0_342,1,0.00573495,1
319_BRANCH0_342,0,0.00403748,1
319_BRANCH0_344,1,0.00583499,1
319_BRANCH0_344,0,0.00385323,1
319_BRANCH0_346,1,0.00582878,1
319_BRANCH0_346,0,0.00369695,1
319_BRANCH0_347,1,0.00625737,1
331,1,0.00622797,1
331,0,0.00651331,1
319,1,0.00585128,1
319,0,0.00366048,1
329,1,0.00531593,1
329,0,0.00156475,1
336,1,0.00341421,1
336,0,0.00570342,1
357_BRANCH0_360,1,0.00462399,1
357_BRANCH0_360,0,0.00590821,1
337,1,0.00629921,1
337,0,0.00650656,1
338,1,0.00372131,1
338,0,0.0057945,1
343,1,0.00759776,1
343,0,0.00656492,1
344,1,0.00367671,1
344,0,0.00574435,1
386_BRANCH0_422,1,0.00610427,1
386_BRANCH0_422,0,0.00665442,1
349,1,0.00658213,1
349,0,0.00599268,1
351,1,0.0065519,1
351,0,0.0059858,1
355,1,0.00658458,1
355,0,0.00608671,1
356,1,0.00652331,1
356,0,0.00588777,1
357_BRANCH0_370,1,0.00201022,1
357_BRANCH0_370,0,0.00551987,1
360_BRANCH0_371,1,0.00618561,1
360_BRANCH0_371,0,0.00625356,1
360_BRANCH0_372,1,0.00622849,1
360_BRANCH0_372,0,0.00459006,1
360_BRANCH0_374,1,0.00572709,1
360_BRANCH0_374,0,0.00471088,1
360_BRANCH0_375,1,0.00576772,1
360_BRANCH0_375,0,0.00461306,1
360_BRANCH0_379,1,0.00583484,1
360_BRANCH0_379,0,225.834,0
370,1,0.00652046,1
370,0,0.00168093,1
371,1,0.00570122,1
371,0,0.00299651,1
372,1,0.00402054,1
372,0,0.00577599,1
373,1,0.00455637,1
373,0,0.00575068,1
374,1,0.00465135,1
374,0,0.00606776,1
375,1,0.00419191,1
375,0,0.00565753,1
376,1,0.00466632,1
376,0,0.00589306,1
377,1,0.0046831,1
377,0,0.00586478,1
380,1,0.00317881,1
380,0,0.0056518,1
381_BRANCH0_430,1,0.00616022,1
381_BRANCH0_430,0,0.00316886,1
381_BRANCH0_431,1,0.00600955,1
381_BRANCH0_431,0,0.00317032,1
381,1,0.00559193,1
381,0,0.0051839,1
386_BRANCH0_429,1,0.00614224,1
386_BRANCH0_429,0,0.00435916,1
386_BRANCH0_430,1,0.00586636,1
386_BRANCH0_430,0,0.00291228,1
393_BRANCH0_416,1,0.00574384,1
393_BRANCH0_417,1,0.00639739,1
393_BRANCH0_417,0,0.00361384,1
393_BRANCH0_428,1,0.00566933,1
393_BRANCH0_428,0,0.00530412,1
399_BRANCH0_416,1,0.00585698,1
399_BRANCH0_425,1,0.00623646,1
399_BRANCH0_425,0,0.00528356,1
399_BRANCH0_430,1,0.00586373,1
399_BRANCH0_430,0,0.00311231,1
399,1,0.00568416,1
399,0,0.00364533,1
407_BRANCH0_416,1,0.00573272,1
407_BRANCH0_419,1,0.00624386,1
407_BRANCH0_419,0,0.00358154,1
407,1,0.00568203,1
407,0,0.00385399,1
411,1,0.00572088,1
411,0,0.00370356,1
414,1,0.00573472,1
417,1,0.00381308,1
417,0,0.00572319,1
419,1,0.00347126,1
419,0,0.00577685,1
420,1,0.00359128,1
420,0,0.00570681,1
421,1,0.00166043,1
421,0,0.00590944,1
422_BRANCH0_430,1,0.00665232,1
422_BRANCH0_430,0,0.00621657,1
422,1,0.00672463,1
422,0,0.00616703,1
425_BRANCH0_431,1,0.00680962,1
425_BRANCH0_431,0,0.00581904,1
425,1,0.0065604,1
425,0,0.00628154,1
428,1,0.00637405,1
428,0,0.00648366,1
429,1,0.00589732,1
429,0,0.0061872,1
430,1,0.0027048,1
430,0,0.00558508,1
431,1,0.00621134,1
431,0,0.00622717,1
