0.00526718
m_BRANCH0_q,1,0.000105638,1
m_BRANCH0_q,0,9.4e-05,0
m_BRANCH0_Z,1,0.000113685,1
m_BRANCH0_Z,0,0.000119441,1
d_BRANCH0_X,1,9.0015e-05,1
d_BRANCH0_X,0,8.3799e-05,0
d_BRANCH0_r,1,0.000118566,1
d_BRANCH0_r,0,8.8165e-05,1
X,1,8.5806e-05,0
X,0,7.3572e-05,1
m_BRANCH0_r,1,9.2168e-05,1
m_BRANCH0_r,0,9.1338e-05,1
B,1,0.000110977,1
B,0,0.000121455,1
d,1,9.488e-05,1
d,0,0.000119554,1
d_BRANCH0_m,1,0.000156424,1
d_BRANCH0_m,0,8.3522e-05,1
s_BRANCH0_v,1,0.000126065,0
s_BRANCH0_v,0,9.9431e-05,1
B_BRANCH0_m,1,5.5161e-05,0
B_BRANCH0_m,0,8.0932e-05,1
B_BRANCH0_v,1,5.2664e-05,0
B_BRANCH0_v,0,0.000104982,1
C,1,0.000158396,1
C,0,0.000157139,1
s_BRANCH0_Y,1,0.000130846,0
s_BRANCH0_Y,0,7.6688e-05,1
B_BRANCH0_d,1,8.5588e-05,1
B_BRANCH0_d,0,0.000115155,1
A,1,0.000111833,1
A,0,0.000113009,1
m,1,9.6207e-05,1
m,0,0.000111526,1
r_BRANCH0_s,1,8.9464e-05,1
r_BRANCH0_s,0,0.000127178,0
Y,1,0.000119175,0
Y,0,7.6654e-05,1
r_BRANCH0_X,1,0.000129143,1
r_BRANCH0_X,0,0.000124609,0
Z,1,0.00014708,1
Z,0,8.8354e-05,1
r,1,8.4032e-05,1
r,0,0.000125015,0
q,1,8.0819e-05,0
q,0,8.2335e-05,1
s,1,0.000127013,0
s,0,7.6826e-05,1
v,1,0.000126342,0
v,0,0.00014451,1
