0.00294032
16_BRANCH0_22,1,0.000193791,1
16_BRANCH0_22,0,6.5153e-05,1
11,1,0.00012523,1
11,0,0.000108565,1
11_BRANCH0_19,1,8.4765e-05,1
11_BRANCH0_19,0,8.3112e-05,1
11_BRANCH0_16,1,7.5703e-05,1
11_BRANCH0_16,0,6.2028e-05,1
7,1,7.962e-05,1
7,0,7.8948e-05,1
6,1,9.8075e-05,1
6,0,9.9577e-05,1
19,1,9.9508e-05,1
19,0,6.0711e-05,1
3_BRANCH0_11,1,9.3859e-05,1
3_BRANCH0_11,0,9.56e-05,1
16_BRANCH0_23,1,8.4418e-05,1
16_BRANCH0_23,0,9.4619e-05,1
10,1,7.9999e-05,1
10,0,8.2467e-05,1
3_BRANCH0_10,1,7.4809e-05,1
3_BRANCH0_10,0,7.4187e-05,1
2,1,7.2424e-05,1
2,0,7.2431e-05,1
3,1,0.000116137,1
3,0,0.00012197,1
16,1,5.8583e-05,1
16,0,7.5869e-05,1
1,1,6.9679e-05,1
1,0,7.0443e-05,1
22,1,5.8108e-05,1
22,0,5.6735e-05,1
23,1,9.0661e-05,1
23,0,8.254e-05,1
