543.15
254,1,0.000527018,1
254,0,0.000620018,1
415,1,0.000566309,1
415,0,0.000345322,1
250,1,0.000639033,1
250,0,0.000599206,1
341,1,0.000650785,1
341,0,0.000509683,1
247,1,0.000615242,1
247,0,0.000530655,1
236_BRANCH0_273,1,0.000639146,1
236_BRANCH0_273,0,0.000630231,1
247_BRANCH0_282,1,0.000657705,1
247_BRANCH0_282,0,0.000580523,1
246,1,0.000631371,1
246,0,0.000628616,1
157,1,0.000553322,1
157,0,0.000581866,1
30_BRANCH0_386,1,0.000552943,1
30_BRANCH0_386,0,0.000602052,1
243_BRANCH0_293,1,0.000795416,1
243_BRANCH0_293,0,0.000587622,1
273_BRANCH0_296,1,0.000581635,1
273_BRANCH0_296,0,0.000449963,1
243_BRANCH0_279,1,0.000627556,1
243_BRANCH0_279,0,0.000583861,1
239,1,0.000634623,1
239,0,0.000574073,1
239_BRANCH0_276,1,0.000682425,1
239_BRANCH0_276,0,0.000588442,1
236,1,0.000642024,1
236,0,0.000571453,1
411_BRANCH0_416,1,0.000656217,1
411_BRANCH0_416,0,22.0934,1
233_BRANCH0_270,1,0.000663845,1
233_BRANCH0_270,0,0.000552036,1
230,1,0.000596241,1
230,0,0.000526165,1
199_BRANCH0_223,1,0.0002737,1
199_BRANCH0_223,0,0.000179307,1
230_BRANCH0_289,1,0.000595487,1
230_BRANCH0_289,0,0.000544361,1
230_BRANCH0_267,1,0.000624278,1
230_BRANCH0_267,0,0.000540166,1
27,1,0.000371661,1
27,0,0.000316771,1
224,1,0.000531791,1
224,0,0.000495996,1
134,1,0.000334083,1
134,0,0.000240022,1
223,1,0.00023156,1
223,0,0.000159608,1
130,1,0.000185241,1
130,0,0.000236495,1
213_BRANCH0_259,1,0.000481343,1
213_BRANCH0_259,0,11.1172,0
213_BRANCH0_254,1,0.000369677,1
213_BRANCH0_254,0,0.000706067,1
213_BRANCH0_242,1,0.000465281,1
213_BRANCH0_242,0,0.0667946,1
203,1,0.000493597,1
203,0,0.000518701,1
203_BRANCH0_251,1,0.000621692,1
203_BRANCH0_251,0,0.000528804,1
191,1,0.000553429,1
191,0,0.000521592,1
203_BRANCH0_243,1,0.000572453,1
203_BRANCH0_243,0,0.000530783,1
171_BRANCH0_239,1,0.000480203,1
171_BRANCH0_239,0,0.000582784,1
416,1,0.000587628,1
416,0,21.3079,1
251_BRANCH0_295,1,0.00153012,1
251_BRANCH0_295,0,0.000552588,1
203_BRANCH0_236,1,0.000622256,1
203_BRANCH0_236,0,0.000559062,1
203_BRANCH0_230,1,0.000617859,1
203_BRANCH0_230,0,0.00055596,1
203_BRANCH0_227,1,0.000617973,1
203_BRANCH0_227,0,0.00055376,1
257,1,0.000706553,1
257,0,0.000639214,1
138,1,0.000396326,1
138,0,0.000251727,1
34_BRANCH0_185,1,0.00043683,1
34_BRANCH0_185,0,0.000520012,1
66_BRANCH0_375,1,0.000405624,1
66_BRANCH0_375,0,0.000370068,1
203_BRANCH0_224,1,0.000404914,1
203_BRANCH0_224,0,0.000483322,1
40_BRANCH0_373,1,0.000414032,1
40_BRANCH0_373,0,0.000364614,1
199,1,0.000264897,1
199,0,0.000190276,1
69_BRANCH0_139,1,0.00112835,1
69_BRANCH0_139,0,0.000568127,1
86_BRANCH0_345,1,0.000537867,1
86_BRANCH0_345,0,0.000504104,1
296_BRANCH0_329,1,0.000314122,1
296_BRANCH0_329,0,0.000309719,1
197,1,0.000503995,1
197,0,0.000518411,1
196,1,0.000540017,1
196,0,0.000532575,1
123_BRANCH0_184,1,0.000532734,1
123_BRANCH0_184,0,0.00106798,1
195,1,0.000601383,1
195,0,0.00052181,1
192,1,0.000546622,1
192,0,0.000537303,1
189,1,0.000582879,1
189,0,0.000522766,1
308,1,0.000620999,1
308,0,0.000596652,1
203_BRANCH0_233,1,0.00062614,1
203_BRANCH0_233,0,0.000558466,1
386_BRANCH0_416,1,0.000621042,1
386_BRANCH0_416,0,20.872,1
386_BRANCH0_425,1,0.000652186,1
386_BRANCH0_425,0,0.00089187,1
187,1,0.000606226,1
187,0,0.000524946,1
158,1,0.000452982,1
158,0,0.000463168,1
251_BRANCH0_285,1,0.00134368,1
251_BRANCH0_285,0,0.000537045,1
184,1,0.000531868,1
184,0,0.000518335,1
285_BRANCH0_296,1,0.000567301,1
285_BRANCH0_296,0,0.000421391,1
183,1,0.000528515,1
183,0,0.000528696,1
73,1,0.000505188,1
73,0,0.000530226,1
180_BRANCH0_251,1,0.000475454,1
180_BRANCH0_251,0,0.000596441,1
263,1,0.000523706,1
263,0,0.000586743,1
180_BRANCH0_199,1,0.000537318,1
180_BRANCH0_199,0,0.00023501,1
177,1,0.000242341,1
177,0,0.000238851,1
139,1,0.000420716,1
139,0,0.00121774,1
309_BRANCH0_337,1,0.000551459,1
309_BRANCH0_337,0,0.00053851,1
227_BRANCH0_264,1,0.000678847,1
227_BRANCH0_264,0,0.000546074,1
168_BRANCH0_199,1,0.000333923,1
168_BRANCH0_199,0,0.000230885,1
174,1,0.000241566,1
174,0,0.000238276,1
34_BRANCH0_338,1,0.00041917,1
34_BRANCH0_338,0,0.000490724,1
174_BRANCH0_199,1,0.000348487,1
174_BRANCH0_199,0,0.000231742,1
171,1,0.000242998,1
171,0,0.000239778,1
95_BRANCH0_411,1,0.000468768,1
95_BRANCH0_411,0,0.000606442,1
174_BRANCH0_243,1,0.000519013,1
174_BRANCH0_243,0,0.000597874,1
224_BRANCH0_263,1,0.000777894,1
224_BRANCH0_263,0,0.000471752,1
180,1,0.000344532,1
180,0,0.000282978,1
168,1,0.00024058,1
168,0,0.000238107,1
165,1,0.000240752,1
165,0,0.00023883,1
162,1,0.000237755,1
162,0,0.000235941,1
159_BRANCH0_227,1,0.000400547,1
159_BRANCH0_227,0,0.000588257,1
21_BRANCH0_183,1,0.000577544,1
21_BRANCH0_183,0,0.000504793,1
213_BRANCH0_256,1,0.000598394,1
213_BRANCH0_256,0,0.00072704,1
4,1,0.00039099,1
4,0,0.000234506,1
154,1,0.000242838,1
154,0,0.000235843,1
159_BRANCH0_199,1,0.000232446,1
159_BRANCH0_199,0,0.000226888,1
194,1,0.000442484,1
194,0,0.000522879,1
154_BRANCH0_199,1,0.000346188,1
154_BRANCH0_199,0,0.000268279,1
151,1,0.000409156,1
151,0,0.00122313,1
47_BRANCH0_340,1,0.000560568,1
47_BRANCH0_340,0,0.000501155,1
122,1,0.000354245,1
122,0,0.000242898,1
151_BRANCH0_198,1,0.000402678,1
151_BRANCH0_198,0,0.00110712,1
1_BRANCH0_242,1,0.0003827,1
1_BRANCH0_242,0,0.00052856,1
47_BRANCH0_187,1,0.000582688,1
47_BRANCH0_187,0,0.000514328,1
150,1,0.000334817,1
150,0,0.00024729,1
147,1,0.000417773,1
147,0,0.00125293,1
147_BRANCH0_195,1,0.000559199,1
147_BRANCH0_195,0,0.00104223,1
233_BRANCH0_290,1,0.000755812,1
233_BRANCH0_290,0,0.000604207,1
146,1,0.00035404,1
146,0,0.000247605,1
360,1,0.000501559,1
360,0,0.00281169,1
171_BRANCH0_199,1,0.000361084,1
171_BRANCH0_199,0,0.000232268,1
143_BRANCH0_194,1,0.000407792,1
143_BRANCH0_194,0,0.00104008,1
255,1,0.000722148,1
255,0,0.000608516,1
139_BRANCH0_191,1,0.000552215,1
139_BRANCH0_191,0,0.00104116,1
213_BRANCH0_255,1,0.000586721,1
213_BRANCH0_255,0,0.000709948,1
79_BRANCH0_192,1,0.000567388,1
79_BRANCH0_192,0,0.000524745,1
199_BRANCH0_213,1,0.00373173,1
199_BRANCH0_213,0,0.000621648,1
340,1,0.00054062,1
340,0,0.000576821,1
348,1,0.00050316,1
348,0,0.000505782,1
135,1,0.000528725,1
135,0,0.00122232,1
213_BRANCH0_250,1,0.000581252,1
213_BRANCH0_250,0,0.000710553,1
151_BRANCH0_197,1,0.000576507,1
151_BRANCH0_197,0,0.00104561,1
360_BRANCH0_373,1,0.000605297,1
360_BRANCH0_373,0,0.000431555,1
135_BRANCH0_190,1,0.00045995,1
135_BRANCH0_190,0,0.0010454,1
309_BRANCH0_332,1,0.000558877,1
309_BRANCH0_332,0,0.000548329,1
350,1,0.000507807,1
350,0,0.000518084,1
135_BRANCH0_189,1,0.000534377,1
135_BRANCH0_189,0,0.00104924,1
131,1,0.000566987,1
131,0,0.00122372,1
127,1,0.00055772,1
127,0,0.00122452,1
335,1,0.000650606,1
335,0,0.000511529,1
227,1,0.000614694,1
227,0,0.000530202,1
213_BRANCH0_246,1,0.000534644,1
213_BRANCH0_246,0,0.000614752,1
79,1,0.00051597,1
79,0,0.000449561,1
177_BRANCH0_247,1,0.000458061,1
177_BRANCH0_247,0,0.000592455,1
56,1,0.000603494,1
56,0,0.000575301,1
56_BRANCH0_168,1,0.000386212,1
56_BRANCH0_168,0,0.000253764,1
53,1,0.00034483,1
53,0,0.000418109,1
159,1,0.00032255,1
159,0,0.000238021,1
8_BRANCH0_334,1,0.000251337,1
8_BRANCH0_334,0,0.00053477,1
53_BRANCH0_188,1,0.000529645,1
53_BRANCH0_188,0,0.000528136,1
50,1,0.000508887,1
50,0,0.000500576,1
50_BRANCH0_255,1,0.00101692,1
50_BRANCH0_255,0,0.000714202,1
227_BRANCH0_288,1,0.000773923,1
227_BRANCH0_288,0,0.000552327,1
393_BRANCH0_429,1,29.9717,0
393_BRANCH0_429,0,0.000560527,1
50_BRANCH0_134,1,0.000433888,1
50_BRANCH0_134,0,0.000252848,1
27_BRANCH0_184,1,0.000405669,1
27_BRANCH0_184,0,0.000508523,1
40,1,0.000408561,1
40,0,0.000351346,1
309_BRANCH0_335,1,0.000457598,1
309_BRANCH0_335,0,0.000531489,1
73_BRANCH0_191,1,0.000519275,1
73_BRANCH0_191,0,0.000499459,1
247_BRANCH0_294,1,0.000696888,1
247_BRANCH0_294,0,0.000536525,1
37_BRANCH0_254,1,0.00112016,1
37_BRANCH0_254,0,0.000719756,1
224_BRANCH0_260,1,0.000671978,1
224_BRANCH0_260,0,0.00048608,1
239_BRANCH0_292,1,0.000693703,1
239_BRANCH0_292,0,0.000542888,1
108_BRANCH0_414,1,0.000576516,1
108_BRANCH0_414,0,0.000632669,1
199_BRANCH0_203,1,0.000602002,1
199_BRANCH0_203,0,0.000469939,1
119,1,0.000468255,1
119,0,0.00117959,1
258,1,0.000701028,1
258,0,0.000613323,1
177_BRANCH0_199,1,0.000375729,1
177_BRANCH0_199,0,0.000228119,1
14,1,0.000356883,1
14,0,0.000455201,1
30,1,0.000529802,1
30,0,0.000554902,1
319_BRANCH0_338,1,0.000564369,1
319_BRANCH0_338,0,0.000508155,1
56_BRANCH0_399,1,0.000532759,1
56_BRANCH0_399,0,0.000558518,1
127_BRANCH0_186,1,0.000532781,1
127_BRANCH0_186,0,0.00102004,1
43_BRANCH0_393,1,0.000572173,1
43_BRANCH0_393,0,0.000578557,1
17,1,0.00055219,1
17,0,0.000530174,1
11,1,0.000523372,1
11,0,0.000505504,1
236_BRANCH0_291,1,0.000704038,1
236_BRANCH0_291,0,0.000536567,1
69_BRANCH0_404,1,0.000552123,1
69_BRANCH0_404,0,0.00059435,1
37_BRANCH0_130,1,0.000377799,1
37_BRANCH0_130,0,0.000237688,1
233,1,0.000497521,1
233,0,0.000538161,1
11_BRANCH0_122,1,0.000343587,1
11_BRANCH0_122,0,0.000238346,1
360_BRANCH0_376,1,0.000484739,1
360_BRANCH0_376,0,0.000492469,1
213_BRANCH0_257,1,0.000545859,1
213_BRANCH0_257,0,0.000705719,1
17_BRANCH0_123,1,0.00123847,1
17_BRANCH0_123,0,0.000538895,1
294,1,0.000533995,1
294,0,0.00062025,1
30_BRANCH0_127,1,0.00132365,1
30_BRANCH0_127,0,0.000543438,1
162_BRANCH0_199,1,0.000336834,1
162_BRANCH0_199,0,0.000228118,1
60,1,0.000408274,1
60,0,0.000518361,1
105_BRANCH0_196,1,0.000510852,1
105_BRANCH0_196,0,0.000509385,1
267_BRANCH0_296,1,0.000540672,1
267_BRANCH0_296,0,0.000402457,1
56_BRANCH0_135,1,0.00114118,1
56_BRANCH0_135,0,0.000540671,1
418,1,0.000530875,1
418,0,0.000600849,1
24,1,0.000504609,1
24,0,0.000460111,1
63_BRANCH0_256,1,0.000929623,1
63_BRANCH0_256,0,0.000711909,1
168_BRANCH0_236,1,0.000536617,1
168_BRANCH0_236,0,0.000582827,1
347,1,22.8124,0
347,0,0.000415092,1
60_BRANCH0_189,1,0.000570221,1
60_BRANCH0_189,0,0.000498414,1
24_BRANCH0_250,1,0.00113822,1
24_BRANCH0_250,0,0.00069713,1
127_BRANCH0_185,1,0.000568204,1
127_BRANCH0_185,0,0.00102016,1
213_BRANCH0_258,1,0.000591469,1
213_BRANCH0_258,0,0.000703762,1
256,1,0.000726033,1
256,0,0.000611143,1
34,1,0.000547026,1
34,0,0.00051714,1
259,1,11.0927,0
259,0,0.000401786,1
37,1,0.000526114,1
37,0,0.000460724,1
89_BRANCH0_146,1,0.0003308,1
89_BRANCH0_146,0,0.000238722,1
119_BRANCH0_158,1,0.000353582,1
119_BRANCH0_158,0,0.00101391,1
1,1,0.000371891,1
1,0,0.000238795,1
76_BRANCH0_257,1,0.000742626,1
76_BRANCH0_257,0,0.000708214,1
43_BRANCH0_131,1,0.00123534,1
43_BRANCH0_131,0,0.000548988,1
17_BRANCH0_381,1,0.000514384,1
17_BRANCH0_381,0,0.000525518,1
4_BRANCH0_154,1,0.000356136,1
4_BRANCH0_154,0,0.000243245,1
63,1,0.000380539,1
63,0,0.000471597,1
123,1,0.000500092,1
123,0,0.00119326,1
14_BRANCH0_371,1,0.000382001,1
14_BRANCH0_371,0,0.000511812,1
147_BRANCH0_196,1,0.000538244,1
147_BRANCH0_196,0,0.00102465,1
99_BRANCH0_346,1,0.000551791,1
99_BRANCH0_346,0,0.000485077,1
353,1,0.000499535,1
353,0,0.000510743,1
82_BRANCH0_143,1,0.00119204,1
82_BRANCH0_143,0,0.000541865,1
354,1,0.000498257,1
354,0,0.000508432,1
126,1,0.000349602,1
126,0,0.000239681,1
30_BRANCH0_162,1,0.000247914,1
30_BRANCH0_162,0,0.000246854,1
165_BRANCH0_199,1,0.000230825,1
165_BRANCH0_199,0,0.000224553,1
285_BRANCH0_343,1,0.000406846,1
285_BRANCH0_343,0,0.000505187,1
53_BRANCH0_374,1,0.000433358,1
53_BRANCH0_374,0,0.000409352,1
1_BRANCH0_118,1,0.000312916,1
1_BRANCH0_118,0,0.000236358,1
143,1,0.000414565,1
143,0,0.00119485,1
304,1,0.000656026,1
304,0,0.000586707,1
112_BRANCH0_347,1,0.000562454,1
112_BRANCH0_347,0,20.7737,0
60_BRANCH0_342,1,0.000329223,1
60_BRANCH0_342,0,0.000483453,1
330,1,0.000650249,1
330,0,0.00046908,1
86,1,0.000503499,1
86,0,0.000516323,1
243,1,0.000611834,1
243,0,0.000524265,1
17_BRANCH0_159,1,0.000354685,1
17_BRANCH0_159,0,0.000248212,1
92_BRANCH0_194,1,0.000404079,1
92_BRANCH0_194,0,0.000509102,1
43,1,0.000561187,1
43,0,0.000586975,1
8_BRANCH0_157,1,0.000525614,1
8_BRANCH0_157,0,0.000475986,1
198,1,0.000502371,1
198,0,0.000510082,1
8,1,0.000502643,1
8,0,0.000479768,1
21_BRANCH0_336,1,0.000492034,1
21_BRANCH0_336,0,0.000480941,1
21,1,0.000508776,1
21,0,0.000511332,1
339,1,0.000613179,1
339,0,0.000500608,1
105,1,0.000450226,1
105,0,0.000417168,1
43_BRANCH0_165,1,0.000332506,1
43_BRANCH0_165,0,0.000252422,1
143_BRANCH0_193,1,0.000416904,1
143_BRANCH0_193,0,0.00102434,1
82,1,0.000597794,1
82,0,0.000604082,1
24_BRANCH0_126,1,0.000382035,1
24_BRANCH0_126,0,0.000238886,1
92_BRANCH0_377,1,0.00035438,1
92_BRANCH0_377,0,0.000439632,1
4_BRANCH0_119,1,0.00116997,1
4_BRANCH0_119,0,0.000533249,1
260_BRANCH0_296,1,0.000465384,1
260_BRANCH0_296,0,0.000407489,1
289,1,0.000538516,1
289,0,0.000723724,1
27_BRANCH0_372,1,0.000535583,1
27_BRANCH0_372,0,0.000315196,1
407_BRANCH0_429,1,0.00050223,1
407_BRANCH0_429,0,0.000701813,1
193,1,0.000582318,1
193,0,0.000511255,1
190,1,0.000520919,1
190,0,0.000511766,1
139_BRANCH0_192,1,0.000510784,1
139_BRANCH0_192,0,0.00102763,1
306,1,0.000656466,1
306,0,0.000588057,1
404_BRANCH0_418,1,0.000578948,1
404_BRANCH0_418,0,0.00056207,1
432,1,0.000633093,1
432,0,0.0005654,1
63_BRANCH0_138,1,0.000343147,1
63_BRANCH0_138,0,0.000239743,1
47,1,0.000413148,1
47,0,0.000523789,1
105_BRANCH0_378,1,0.00044508,1
105_BRANCH0_378,0,0.000417485,1
203_BRANCH0_239,1,0.000569794,1
203_BRANCH0_239,0,0.000532208,1
102_BRANCH0_259,1,0.000662633,1
102_BRANCH0_259,0,11.0866,0
66_BRANCH0_190,1,0.000321576,1
66_BRANCH0_190,0,0.000510945,1
273_BRANCH0_335,1,0.000526602,1
273_BRANCH0_335,0,0.000511661,1
142,1,0.00035033,1
142,0,0.000241836,1
307,1,0.00051612,1
307,0,0.000585607,1
393,1,0.000561101,1
393,0,0.000581894,1
66,1,0.0004429,1
66,0,0.000352666,1
186,1,0.000494857,1
186,0,0.000512432,1
108_BRANCH0_180,1,0.000356167,1
108_BRANCH0_180,0,0.000251193,1
99_BRANCH0_195,1,0.000413164,1
99_BRANCH0_195,0,0.000496838,1
112_BRANCH0_197,1,0.000493315,1
112_BRANCH0_197,0,0.000492266,1
11_BRANCH0_246,1,0.000584665,1
11_BRANCH0_246,0,0.000644656,1
185,1,0.000608173,1
185,0,0.000505759,1
273,1,0.000529502,1
273,0,0.000412028,1
213,1,0.000548059,1
213,0,0.00370933,1
345,1,0.000524167,1
345,0,0.000581357,1
131_BRANCH0_188,1,0.000548426,1
131_BRANCH0_188,0,0.00102842,1
69_BRANCH0_171,1,0.000384449,1
69_BRANCH0_171,0,0.000248979,1
69,1,0.000457983,1
69,0,0.000598925,1
404,1,0.000604977,1
404,0,0.000565734,1
14_BRANCH0_158,1,0.000485185,1
14_BRANCH0_158,0,0.000448049,1
95,1,0.000554413,1
95,0,0.000596884,1
73_BRANCH0_344,1,0.000547332,1
73_BRANCH0_344,0,0.000484296,1
99,1,0.000511851,1
99,0,0.000514688,1
162_BRANCH0_230,1,0.000506447,1
162_BRANCH0_230,0,0.000583444,1
360_BRANCH0_378,1,0.000640232,1
360_BRANCH0_378,0,0.000473786,1
76_BRANCH0_142,1,0.000321369,1
76_BRANCH0_142,0,0.0002396,1
346,1,0.00038075,1
346,0,0.000574234,1
4_BRANCH0_380,1,0.000566399,1
4_BRANCH0_380,0,0.000338956,1
92,1,0.000355461,1
92,0,0.000436621,1
82_BRANCH0_174,1,0.000336378,1
82_BRANCH0_174,0,0.000250195,1
89_BRANCH0_258,1,0.000649036,1
89_BRANCH0_258,0,0.000714191,1
381_BRANCH0_416,1,0.000643286,1
381_BRANCH0_416,0,20.8062,1
82_BRANCH0_407,1,0.000598851,1
82_BRANCH0_407,0,0.000594906,1
301,1,0.000658609,1
301,0,0.000588939,1
86_BRANCH0_193,1,0.000520594,1
86_BRANCH0_193,0,0.000501205,1
309_BRANCH0_341,1,0.000494607,1
309_BRANCH0_341,0,0.000528122,1
89,1,0.000503144,1
89,0,0.000488738,1
260_BRANCH0_330,1,0.000450092,1
260_BRANCH0_330,0,0.0004945,1
285,1,0.000536198,1
285,0,0.000423727,1
309_BRANCH0_331,1,0.000490854,1
309_BRANCH0_331,0,0.000526772,1
251,1,0.00125612,1
251,0,0.000528323,1
386,1,0.000548878,1
386,0,0.000609417,1
95_BRANCH0_147,1,0.00123104,1
95_BRANCH0_147,0,0.000542751,1
276_BRANCH0_337,1,0.000532913,1
276_BRANCH0_337,0,0.000509633,1
102,1,0.000509172,1
102,0,0.000499851,1
379,1,80.6797,0
379,0,0.000435921,1
95_BRANCH0_177,1,0.000405801,1
95_BRANCH0_177,0,0.00025398,1
319_BRANCH0_336,1,0.00043128,1
319_BRANCH0_336,0,0.000491697,1
404_BRANCH0_416,1,0.000596205,1
404_BRANCH0_416,0,21.2678,1
154_BRANCH0_224,1,0.000546384,1
154_BRANCH0_224,0,0.000430697,1
242,1,0.000583032,1
242,0,0.000393613,1
342,1,0.00038593,1
342,0,0.000556647,1
360_BRANCH0_377,1,0.000612372,1
360_BRANCH0_377,0,0.000491799,1
102_BRANCH0_150,1,0.000329081,1
102_BRANCH0_150,0,0.000241087,1
381_BRANCH0_432,1,0.000438347,1
381_BRANCH0_432,0,0.000615831,1
188,1,0.000599813,1
188,0,0.000520376,1
333,1,0.000608819,1
333,0,0.000503775,1
108_BRANCH0_151,1,0.00119356,1
108_BRANCH0_151,0,0.000533736,1
115_BRANCH0_198,1,0.000498345,1
115_BRANCH0_198,0,0.000497798,1
203_BRANCH0_247,1,0.000594364,1
203_BRANCH0_247,0,0.000531591,1
131_BRANCH0_187,1,0.000525766,1
131_BRANCH0_187,0,0.00103209,1
76,1,0.000526221,1
76,0,0.000480873,1
108,1,0.000574498,1
108,0,0.000639742,1
112,1,0.00060776,1
112,0,0.000563473,1
115_BRANCH0_379,1,0.707305,1
115_BRANCH0_379,0,48.868,0
319_BRANCH0_334,1,0.000293818,1
319_BRANCH0_334,0,0.000646528,1
378,1,0.000452612,1
378,0,0.000572727,1
115,1,0.70582,1
115,0,0.704807,1
118,1,0.000385569,1
118,0,0.000239074,1
332,1,0.000504878,1
332,0,0.000505056,1
386_BRANCH0_431,1,0.000549196,1
386_BRANCH0_431,0,0.00060757,1
119_BRANCH0_157,1,0.000536882,1
119_BRANCH0_157,0,0.00103413,1
79_BRANCH0_376,1,0.000487839,1
79_BRANCH0_376,0,0.000437938,1
393_BRANCH0_425,1,0.000549645,1
393_BRANCH0_425,0,0.000867267,1
123_BRANCH0_183,1,0.000545212,1
123_BRANCH0_183,0,0.00105805,1
165_BRANCH0_233,1,0.000525145,1
165_BRANCH0_233,0,0.000586104,1
334,1,0.000680575,1
334,0,0.000352468,1
40_BRANCH0_186,1,0.000410091,1
40_BRANCH0_186,0,0.000513374,1
422_BRANCH0_432,1,0.00103568,1
422_BRANCH0_432,0,0.000560394,1
260,1,0.000507946,1
260,0,0.000409804,1
264_BRANCH0_296,1,0.000510311,1
264_BRANCH0_296,0,0.000405931,1
300,1,0.000535995,1
300,0,0.000507991,1
264_BRANCH0_331,1,0.000520361,1
264_BRANCH0_331,0,0.000659296,1
264,1,0.000605429,1
264,0,0.000471188,1
357,1,0.000296483,1
357,0,0.000389859,1
267_BRANCH0_332,1,0.000520269,1
267_BRANCH0_332,0,0.000510297,1
267,1,0.000589111,1
267,0,0.000410165,1
270_BRANCH0_296,1,0.000522267,1
270_BRANCH0_296,0,0.000405428,1
352,1,0.000448031,1
352,0,0.000509955,1
270_BRANCH0_333,1,0.00053935,1
270_BRANCH0_333,0,0.00050996,1
425_BRANCH0_432,1,0.000850147,1
425_BRANCH0_432,0,0.000569405,1
270,1,0.000568673,1
270,0,0.000411705,1
276_BRANCH0_296,1,0.000513509,1
276_BRANCH0_296,0,0.000403723,1
276,1,0.00050656,1
276,0,0.000447123,1
309_BRANCH0_330,1,0.000482413,1
309_BRANCH0_330,0,0.000452759,1
411_BRANCH0_420,1,0.000561371,1
411_BRANCH0_420,0,0.000414755,1
279_BRANCH0_296,1,0.000462267,1
279_BRANCH0_296,0,0.000406701,1
279_BRANCH0_339,1,0.000477676,1
279_BRANCH0_339,0,0.000511085,1
279,1,0.000552975,1
279,0,0.000411855,1
282_BRANCH0_296,1,0.000510632,1
282_BRANCH0_296,0,0.000405658,1
282_BRANCH0_341,1,0.000475441,1
282_BRANCH0_341,0,0.000510347,1
282,1,0.000545712,1
282,0,0.000410506,1
288,1,0.000543088,1
288,0,0.000617302,1
290,1,0.000685971,1
290,0,0.0006295,1
291,1,0.000680526,1
291,0,0.000618657,1
292,1,0.000684856,1
292,0,0.000623262,1
293,1,0.000673555,1
293,0,0.000621249,1
295,1,0.000661001,1
295,0,0.000609242,1
296_BRANCH0_309,1,0.000602258,1
296_BRANCH0_309,0,0.000512379,1
296_BRANCH0_319,1,0.00772152,1
296_BRANCH0_319,0,0.000575912,1
296,1,0.000344528,1
296,0,0.00029765,1
302,1,0.000574212,1
302,0,0.000593401,1
303,1,0.000632117,1
303,0,0.000601601,1
305,1,0.000625268,1
305,0,0.000591499,1
309_BRANCH0_333,1,0.000518064,1
309_BRANCH0_333,0,0.000542223,1
309_BRANCH0_339,1,0.00051311,1
309_BRANCH0_339,0,0.000528204,1
399_BRANCH0_428,1,0.00056751,1
399_BRANCH0_428,0,0.000802901,1
309_BRANCH0_343,1,0.000539191,1
309_BRANCH0_343,0,0.000514489,1
319_BRANCH0_345,1,0.000577648,1
319_BRANCH0_345,0,0.000518881,1
309,1,0.000533876,1
309,0,0.000470395,1
319_BRANCH0_340,1,0.000556297,1
319_BRANCH0_340,0,0.000509312,1
319_BRANCH0_342,1,0.000555608,1
319_BRANCH0_342,0,0.00050354,1
319_BRANCH0_344,1,0.000576802,1
319_BRANCH0_344,0,0.000520881,1
319_BRANCH0_346,1,0.00057193,1
319_BRANCH0_346,0,0.000515526,1
319_BRANCH0_347,1,0.000596828,1
319_BRANCH0_347,0,23.6195,0
331,1,0.000423636,1
331,0,0.000503592,1
319,1,0.000595213,1
319,0,0.00780411,1
329,1,0.000436337,1
329,0,0.000249259,1
336,1,0.000349218,1
336,0,0.000539164,1
357_BRANCH0_360,1,0.00267354,1
357_BRANCH0_360,0,0.000603269,1
337,1,0.000653886,1
337,0,0.000501874,1
338,1,0.000488436,1
338,0,0.00054882,1
343,1,0.00110769,1
343,0,0.000497648,1
344,1,0.000486012,1
344,0,0.000575848,1
386_BRANCH0_422,1,0.000583789,1
386_BRANCH0_422,0,0.00106758,1
349,1,0.000509329,1
349,0,0.000507259,1
351,1,0.000503488,1
351,0,0.000505629,1
355,1,0.000496547,1
355,0,0.000511511,1
356,1,0.000493561,1
356,0,0.000507751,1
357_BRANCH0_370,1,0.000322896,1
357_BRANCH0_370,0,0.000391664,1
360_BRANCH0_371,1,0.000531397,1
360_BRANCH0_371,0,0.000633965,1
360_BRANCH0_372,1,0.000581823,1
360_BRANCH0_372,0,0.000397835,1
360_BRANCH0_374,1,0.00054186,1
360_BRANCH0_374,0,0.000466634,1
360_BRANCH0_375,1,0.000541475,1
360_BRANCH0_375,0,0.000429771,1
360_BRANCH0_379,1,0.000559495,1
360_BRANCH0_379,0,85.3589,0
370,1,0.000337307,1
370,0,0.000308971,1
371,1,0.000493988,1
371,0,0.00037842,1
372,1,0.000290515,1
372,0,0.000483892,1
373,1,0.000417157,1
373,0,0.000519965,1
374,1,0.000456304,1
374,0,0.000555212,1
375,1,0.000438524,1
375,0,0.000521576,1
376,1,0.000478331,1
376,0,0.000579771,1
377,1,0.000496731,1
377,0,0.000577078,1
380,1,0.000380072,1
380,0,0.000423018,1
381_BRANCH0_430,1,0.000544817,1
381_BRANCH0_430,0,0.000365607,1
381_BRANCH0_431,1,0.000445445,1
381_BRANCH0_431,0,0.000603601,1
381,1,0.00057424,1
381,0,0.000617212,1
386_BRANCH0_429,1,0.000609529,1
386_BRANCH0_429,0,0.000691986,1
386_BRANCH0_430,1,0.000572326,1
386_BRANCH0_430,0,0.000361809,1
393_BRANCH0_416,1,0.000491698,1
393_BRANCH0_416,0,21.1939,1
393_BRANCH0_417,1,0.000585627,1
393_BRANCH0_417,0,0.000566505,1
393_BRANCH0_428,1,0.000593853,1
393_BRANCH0_428,0,0.000800572,1
399_BRANCH0_416,1,0.000626579,1
399_BRANCH0_416,0,21.1249,1
399_BRANCH0_425,1,0.000605561,1
399_BRANCH0_425,0,0.000821309,1
399_BRANCH0_430,1,0.000583369,1
399_BRANCH0_430,0,0.0003731,1
399,1,0.000454726,1
399,0,0.000369086,1
407_BRANCH0_416,1,0.000500913,1
407_BRANCH0_416,0,21.553,1
407_BRANCH0_419,1,0.000612291,1
407_BRANCH0_419,0,0.000416898,1
407,1,0.000498799,1
407,0,0.000677067,1
411,1,0.000605232,1
411,0,0.000414938,1
414,1,0.00052057,1
414,0,24.8892,1
417,1,0.000592777,1
417,0,0.000581339,1
419,1,0.000396529,1
419,0,0.000509362,1
420,1,0.000415617,1
420,0,0.000504312,1
421,1,0.00034676,1
421,0,0.000401167,1
422_BRANCH0_430,1,0.00103745,1
422_BRANCH0_430,0,0.000603292,1
422,1,0.00104924,1
422,0,0.000554642,1
425_BRANCH0_431,1,0.00085564,1
425_BRANCH0_431,0,0.000600093,1
425,1,0.000862028,1
425,0,0.000569368,1
428,1,0.00078264,1
428,0,0.000574576,1
429,1,0.000680922,1
429,0,0.000565532,1
430,1,0.000355506,1
430,0,0.000458643,1
431,1,0.00058679,1
431,0,0.000564386,1
