0.00276372
16_BRANCH0_22,1,0.000214752,1
16_BRANCH0_22,0,9.7495e-05,1
11,1,0.000108666,1
11,0,0.00011296,1
11_BRANCH0_19,1,7.8653e-05,1
11_BRANCH0_19,0,8.187e-05,1
11_BRANCH0_16,1,7.5802e-05,1
11_BRANCH0_16,0,6.0066e-05,1
7,1,8.009e-05,1
7,0,7.589e-05,1
6,1,9.4391e-05,1
6,0,9.2316e-05,1
19,1,8.1519e-05,1
19,0,5.6137e-05,1
3_BRANCH0_11,1,9.4173e-05,1
3_BRANCH0_11,0,8.9912e-05,1
16_BRANCH0_23,1,7.8497e-05,1
16_BRANCH0_23,0,8.1919e-05,1
10,1,6.8072e-05,1
10,0,5.3307e-05,1
3_BRANCH0_10,1,6.9301e-05,1
3_BRANCH0_10,0,6.8573e-05,1
2,1,7.024e-05,1
2,0,5.57e-05,1
3,1,9.3831e-05,1
3,0,9.923e-05,1
16,1,5.6719e-05,1
16,0,7.7247e-05,1
1,1,7.0327e-05,1
1,0,6.6362e-05,1
22,1,5.4218e-05,1
22,0,5.1956e-05,1
23,1,7.7269e-05,1
23,0,7.6256e-05,1
