306.726
254,1,0.00928717,1
254,0,0.00611676,1
415,1,0.00294154,1
415,0,0.00809627,1
250,1,0.00685538,1
250,0,0.00644118,1
341,1,0.00582118,1
341,0,0.00638848,1
247,1,0.00667144,1
247,0,0.00630021,1
236_BRANCH0_273,1,0.00640658,1
236_BRANCH0_273,0,0.00636553,1
247_BRANCH0_282,1,0.00626313,1
247_BRANCH0_282,0,0.00638784,1
246,1,0.00756982,1
246,0,0.00576175,1
157,1,0.00564941,1
157,0,0.00596968,1
30_BRANCH0_386,1,0.00553092,1
30_BRANCH0_386,0,0.00652172,1
243_BRANCH0_293,1,0.00604786,1
243_BRANCH0_293,0,0.00603201,1
273_BRANCH0_296,1,0.00598207,1
273_BRANCH0_296,0,0.00568294,1
243_BRANCH0_279,1,0.00632399,1
243_BRANCH0_279,0,0.00625125,1
239,1,0.00630722,1
239,0,0.00645608,1
239_BRANCH0_276,1,0.00637048,1
239_BRANCH0_276,0,0.00610911,1
236,1,0.00694919,1
236,0,0.00614432,1
411_BRANCH0_416,1,0.00792747,1
411_BRANCH0_416,0,0.188478,1
233_BRANCH0_270,1,0.00649569,1
233_BRANCH0_270,0,0.00634824,1
230,1,0.00644268,1
230,0,0.00607343,1
199_BRANCH0_223,1,0.00121251,1
199_BRANCH0_223,0,0.00670736,1
230_BRANCH0_289,1,0.00612251,1
230_BRANCH0_289,0,0.00688576,1
230_BRANCH0_267,1,0.00654132,1
230_BRANCH0_267,0,0.00608166,1
27,1,0.00726771,1
27,0,0.00735788,1
224,1,0.00641173,1
224,0,0.00546584,1
134,1,0.00754931,1
134,0,0.00763761,1
223,1,0.0082822,1
223,0,0.00157703,1
130,1,0.00724835,1
130,0,0.00754139,1
213_BRANCH0_259,1,0.00897768,1
213_BRANCH0_259,0,20.1916,0
213_BRANCH0_254,1,0.0378068,1
213_BRANCH0_254,0,0.00671748,1
213_BRANCH0_242,1,0.00793795,1
213_BRANCH0_242,0,0.00609202,1
203,1,0.00765261,1
203,0,0.00571472,1
203_BRANCH0_251,1,0.00818595,1
203_BRANCH0_251,0,0.00570226,1
191,1,0.0055363,1
191,0,0.00657774,1
203_BRANCH0_243,1,0.00660436,1
203_BRANCH0_243,0,0.00555029,1
171_BRANCH0_239,1,0.00639688,1
171_BRANCH0_239,0,0.00632282,1
416,1,0.00309384,1
416,0,0.124436,1
251_BRANCH0_295,1,0.00566034,1
251_BRANCH0_295,0,0.00597923,1
203_BRANCH0_236,1,0.0172454,1
203_BRANCH0_236,0,0.00587269,1
203_BRANCH0_230,1,0.00798482,1
203_BRANCH0_230,0,0.00571241,1
203_BRANCH0_227,1,0.00753622,1
203_BRANCH0_227,0,0.00547416,1
257,1,0.00655803,1
257,0,0.00754248,1
138,1,0.00688549,1
138,0,0.00690286,1
34_BRANCH0_185,1,0.00653341,1
34_BRANCH0_185,0,0.00645199,1
66_BRANCH0_375,1,0.0221702,1
66_BRANCH0_375,0,0.00692222,1
203_BRANCH0_224,1,0.00755654,1
203_BRANCH0_224,0,0.00591378,1
40_BRANCH0_373,1,0.00608698,1
40_BRANCH0_373,0,0.00660148,1
199,1,0.00110311,1
199,0,0.00732939,1
69_BRANCH0_139,1,0.00670811,1
69_BRANCH0_139,0,0.00610354,1
86_BRANCH0_345,1,0.00768572,1
86_BRANCH0_345,0,0.00685853,1
296_BRANCH0_329,1,0.00177101,1
296_BRANCH0_329,0,0.00514596,1
197,1,0.00535405,1
197,0,0.0065999,1
196,1,0.00535639,1
196,0,0.00663081,1
123_BRANCH0_184,1,0.0066299,1
123_BRANCH0_184,0,0.00709435,1
195,1,0.00532746,1
195,0,0.00651052,1
192,1,0.00525413,1
192,0,0.00655386,1
189,1,0.0054449,1
189,0,0.00641319,1
308,1,0.00511128,1
308,0,0.00558495,1
203_BRANCH0_233,1,0.0310561,1
203_BRANCH0_233,0,0.00556054,1
386_BRANCH0_416,1,0.00729396,1
386_BRANCH0_416,0,0.150544,1
386_BRANCH0_425,1,0.00630598,1
386_BRANCH0_425,0,0.00551962,1
187,1,0.005501,1
187,0,0.00671483,1
158,1,0.00531665,1
158,0,0.00664061,1
251_BRANCH0_285,1,0.00609823,1
251_BRANCH0_285,0,0.00583298,1
184,1,0.00529136,1
184,0,0.006705,1
285_BRANCH0_296,1,0.00584272,1
285_BRANCH0_296,0,0.00524485,1
183,1,0.00544202,1
183,0,0.00561752,1
73,1,0.00624999,1
73,0,0.00650164,1
180_BRANCH0_251,1,0.00591695,1
180_BRANCH0_251,0,0.00657422,1
263,1,0.00729049,1
263,0,0.00532016,1
180_BRANCH0_199,1,0.00824939,1
180_BRANCH0_199,0,0.00638425,1
177,1,0.00688695,1
177,0,0.00598058,1
139,1,0.00650953,1
139,0,0.00679112,1
309_BRANCH0_337,1,0.0127702,1
309_BRANCH0_337,0,0.00563736,1
227_BRANCH0_264,1,0.00611888,1
227_BRANCH0_264,0,0.00593045,1
168_BRANCH0_199,1,0.00836984,1
168_BRANCH0_199,0,0.00761272,1
174,1,0.00692714,1
174,0,0.00653286,1
34_BRANCH0_338,1,0.00694901,1
34_BRANCH0_338,0,0.00678208,1
174_BRANCH0_199,1,0.00829949,1
174_BRANCH0_199,0,0.00655306,1
171,1,0.00689585,1
171,0,0.00603779,1
95_BRANCH0_411,1,0.00734193,1
95_BRANCH0_411,0,0.00746708,1
174_BRANCH0_243,1,0.00605248,1
174_BRANCH0_243,0,0.00611586,1
224_BRANCH0_263,1,0.00634597,1
224_BRANCH0_263,0,0.00733506,1
180,1,0.00706558,1
180,0,0.00618861,1
168,1,0.00703576,1
168,0,0.00614643,1
165,1,0.00720862,1
165,0,0.00609853,1
162,1,0.00691774,1
162,0,0.00623862,1
159_BRANCH0_227,1,0.00604915,1
159_BRANCH0_227,0,0.00650942,1
21_BRANCH0_183,1,0.00572188,1
21_BRANCH0_183,0,0.00587476,1
213_BRANCH0_256,1,0.0155491,1
213_BRANCH0_256,0,0.00669573,1
4,1,0.00755978,1
4,0,0.00783804,1
154,1,0.00689899,1
154,0,0.0066842,1
159_BRANCH0_199,1,0.0080501,1
159_BRANCH0_199,0,0.00651475,1
194,1,0.00550429,1
194,0,0.00663519,1
154_BRANCH0_199,1,0.00821223,1
154_BRANCH0_199,0,0.00658274,1
151,1,0.00626164,1
151,0,0.00698298,1
47_BRANCH0_340,1,0.00724955,1
47_BRANCH0_340,0,0.00682066,1
122,1,0.00714225,1
122,0,0.00686687,1
151_BRANCH0_198,1,0.00661715,1
151_BRANCH0_198,0,0.00706214,1
1_BRANCH0_242,1,0.00823912,1
1_BRANCH0_242,0,0.00725466,1
47_BRANCH0_187,1,0.00686173,1
47_BRANCH0_187,0,0.00671321,1
150,1,0.0069075,1
150,0,0.00699417,1
147,1,0.00618967,1
147,0,0.00666884,1
147_BRANCH0_195,1,0.00669436,1
147_BRANCH0_195,0,0.00881562,1
233_BRANCH0_290,1,0.00622394,1
233_BRANCH0_290,0,0.00551161,1
146,1,0.00709716,1
146,0,0.00708196,1
360,1,0.00556806,1
360,0,0.00541352,1
171_BRANCH0_199,1,0.00825033,1
171_BRANCH0_199,0,0.00742139,1
143_BRANCH0_194,1,0.0067846,1
143_BRANCH0_194,0,0.00857254,1
255,1,0.00663907,1
255,0,0.0397215,1
139_BRANCH0_191,1,0.00679791,1
139_BRANCH0_191,0,0.00886097,1
213_BRANCH0_255,1,0.0222084,1
213_BRANCH0_255,0,0.00665875,1
79_BRANCH0_192,1,0.00672589,1
79_BRANCH0_192,0,0.00689457,1
199_BRANCH0_213,1,0.00594795,1
199_BRANCH0_213,0,0.00774743,1
340,1,0.0063161,1
340,0,0.00671755,1
348,1,0.00573371,1
348,0,0.00549216,1
135,1,0.00628628,1
135,0,0.0068318,1
213_BRANCH0_250,1,0.00815236,1
213_BRANCH0_250,0,0.00643443,1
151_BRANCH0_197,1,0.00677047,1
151_BRANCH0_197,0,0.0069805,1
360_BRANCH0_373,1,0.00618255,1
360_BRANCH0_373,0,0.00540416,1
135_BRANCH0_190,1,0.00671583,1
135_BRANCH0_190,0,0.00821945,1
309_BRANCH0_332,1,0.00552599,1
309_BRANCH0_332,0,0.00550215,1
350,1,0.00621291,1
350,0,0.00566002,1
135_BRANCH0_189,1,0.00674955,1
135_BRANCH0_189,0,0.00704462,1
131,1,0.00619545,1
131,0,0.00686406,1
127,1,0.00676898,1
127,0,0.00687189,1
335,1,0.00556636,1
335,0,0.00644351,1
227,1,0.00613708,1
227,0,0.0056222,1
213_BRANCH0_246,1,0.00817363,1
213_BRANCH0_246,0,0.00689975,1
79,1,0.01231,1
79,0,0.0123193,1
177_BRANCH0_247,1,0.00603155,1
177_BRANCH0_247,0,0.00648675,1
56,1,0.00830607,1
56,0,0.00830748,1
56_BRANCH0_168,1,0.00842459,1
56_BRANCH0_168,0,0.00712764,1
53,1,0.00683096,1
53,0,0.00708649,1
159,1,0.007045,1
159,0,0.00607712,1
8_BRANCH0_334,1,0.00677493,1
8_BRANCH0_334,0,0.00701468,1
53_BRANCH0_188,1,0.00684311,1
53_BRANCH0_188,0,0.00663528,1
50,1,0.0204295,1
50,0,0.0205454,1
50_BRANCH0_255,1,0.0188023,1
50_BRANCH0_255,0,0.0071617,1
227_BRANCH0_288,1,0.00679359,1
227_BRANCH0_288,0,0.00611676,1
393_BRANCH0_429,1,40.6187,0
393_BRANCH0_429,0,0.00550529,1
50_BRANCH0_134,1,0.00702513,1
50_BRANCH0_134,0,0.0069625,1
27_BRANCH0_184,1,0.00667745,1
27_BRANCH0_184,0,0.00666137,1
40,1,0.0069956,1
40,0,0.00700432,1
309_BRANCH0_335,1,0.0346784,1
309_BRANCH0_335,0,0.00533973,1
73_BRANCH0_191,1,0.00691131,1
73_BRANCH0_191,0,0.00677639,1
247_BRANCH0_294,1,0.005863,1
247_BRANCH0_294,0,0.00554535,1
37_BRANCH0_254,1,0.0317503,1
37_BRANCH0_254,0,0.00796833,1
224_BRANCH0_260,1,0.00614443,1
224_BRANCH0_260,0,0.0055832,1
239_BRANCH0_292,1,0.00576988,1
239_BRANCH0_292,0,0.00551655,1
108_BRANCH0_414,1,0.893408,1
108_BRANCH0_414,0,0.00754701,1
199_BRANCH0_203,1,0.00548782,1
199_BRANCH0_203,0,0.00767011,1
119,1,0.0063808,1
119,0,0.00706044,1
258,1,0.00647268,1
258,0,0.00677557,1
177_BRANCH0_199,1,0.0082977,1
177_BRANCH0_199,0,0.00750593,1
14,1,0.0067627,1
14,0,0.00702728,1
30,1,0.00950646,1
30,0,0.0090372,1
319_BRANCH0_338,1,0.00546783,1
319_BRANCH0_338,0,0.00647948,1
56_BRANCH0_399,1,0.00987327,1
56_BRANCH0_399,0,0.0653769,1
127_BRANCH0_186,1,0.00667362,1
127_BRANCH0_186,0,0.0073768,1
43_BRANCH0_393,1,0.00860459,1
43_BRANCH0_393,0,0.00849834,1
17,1,0.00801421,1
17,0,0.00799373,1
11,1,0.00904846,1
11,0,0.00857302,1
236_BRANCH0_291,1,0.00558057,1
236_BRANCH0_291,0,0.00563278,1
69_BRANCH0_404,1,0.0064881,1
69_BRANCH0_404,0,0.0075343,1
37_BRANCH0_130,1,0.00716853,1
37_BRANCH0_130,0,0.00713247,1
233,1,0.00615436,1
233,0,0.00610062,1
11_BRANCH0_122,1,0.00717698,1
11_BRANCH0_122,0,0.00685344,1
360_BRANCH0_376,1,0.0170971,1
360_BRANCH0_376,0,0.00545055,1
213_BRANCH0_257,1,0.0110694,1
213_BRANCH0_257,0,0.00643341,1
17_BRANCH0_123,1,0.00702286,1
17_BRANCH0_123,0,0.00641934,1
294,1,0.00613778,1
294,0,0.00529567,1
30_BRANCH0_127,1,0.00692262,1
30_BRANCH0_127,0,0.00627151,1
162_BRANCH0_199,1,0.0081566,1
162_BRANCH0_199,0,0.00758934,1
60,1,0.00630347,1
60,0,0.00662519,1
105_BRANCH0_196,1,0.00684539,1
105_BRANCH0_196,0,0.00662337,1
267_BRANCH0_296,1,0.00582754,1
267_BRANCH0_296,0,0.00532921,1
56_BRANCH0_135,1,0.00711811,1
56_BRANCH0_135,0,0.00641223,1
418,1,0.00495141,1
418,0,0.00661839,1
24,1,0.0524574,1
24,0,0.0510266,1
63_BRANCH0_256,1,0.0110416,1
63_BRANCH0_256,0,0.00715935,1
168_BRANCH0_236,1,0.00637576,1
168_BRANCH0_236,0,0.00659285,1
347,1,16.3783,0
347,0,0.00709314,1
60_BRANCH0_189,1,0.00678387,1
60_BRANCH0_189,0,0.00682106,1
24_BRANCH0_250,1,0.0578677,1
24_BRANCH0_250,0,0.00768,1
127_BRANCH0_185,1,0.007015,1
127_BRANCH0_185,0,0.00907906,1
213_BRANCH0_258,1,0.00714875,1
213_BRANCH0_258,0,0.00694353,1
256,1,0.0071688,1
256,0,0.00733151,1
34,1,0.00662284,1
34,0,0.00658339,1
259,1,22.8549,0
259,0,0.00689285,1
37,1,0.0338861,1
37,0,0.0316126,1
89_BRANCH0_146,1,0.00699085,1
89_BRANCH0_146,0,0.00698459,1
119_BRANCH0_158,1,0.00683922,1
119_BRANCH0_158,0,0.00754614,1
1,1,0.00770423,1
1,0,0.00752943,1
76_BRANCH0_257,1,0.00944975,1
76_BRANCH0_257,0,0.00727551,1
43_BRANCH0_131,1,0.00712206,1
43_BRANCH0_131,0,0.00630721,1
17_BRANCH0_381,1,0.00471446,1
17_BRANCH0_381,0,0.00509872,1
4_BRANCH0_154,1,0.00859316,1
4_BRANCH0_154,0,0.00707351,1
63,1,0.0109077,1
63,0,0.0109987,1
123,1,0.00621276,1
123,0,0.00689631,1
14_BRANCH0_371,1,0.00681894,1
14_BRANCH0_371,0,0.00679526,1
147_BRANCH0_196,1,0.0067751,1
147_BRANCH0_196,0,0.0083755,1
99_BRANCH0_346,1,0.00704799,1
99_BRANCH0_346,0,0.0072736,1
353,1,0.00656368,1
353,0,0.00546759,1
82_BRANCH0_143,1,0.00696026,1
82_BRANCH0_143,0,0.00618757,1
354,1,0.00663633,1
354,0,0.00570852,1
126,1,0.00716555,1
126,0,0.00721051,1
30_BRANCH0_162,1,0.00850851,1
30_BRANCH0_162,0,0.00703658,1
165_BRANCH0_199,1,0.00840185,1
165_BRANCH0_199,0,0.00749127,1
285_BRANCH0_343,1,0.00623674,1
285_BRANCH0_343,0,0.0660403,1
53_BRANCH0_374,1,0.00687017,1
53_BRANCH0_374,0,0.00673752,1
1_BRANCH0_118,1,0.00709301,1
1_BRANCH0_118,0,0.00688621,1
143,1,0.00648788,1
143,0,0.00671452,1
304,1,0.00541846,1
304,0,0.00578486,1
112_BRANCH0_347,1,0.0070907,1
112_BRANCH0_347,0,21.91,0
60_BRANCH0_342,1,0.0164083,1
60_BRANCH0_342,0,0.00709446,1
330,1,0.00573423,1
330,0,0.00625505,1
86,1,0.00660334,1
86,0,0.00681347,1
243,1,0.00609747,1
243,0,0.00612496,1
17_BRANCH0_159,1,0.00815401,1
17_BRANCH0_159,0,0.00707477,1
92_BRANCH0_194,1,0.0073317,1
92_BRANCH0_194,0,0.00675131,1
43,1,0.00850478,1
43,0,0.00833722,1
8_BRANCH0_157,1,0.00570702,1
8_BRANCH0_157,0,0.00586141,1
198,1,0.00560438,1
198,0,0.00670238,1
8,1,0.00556729,1
8,0,0.00569599,1
21_BRANCH0_336,1,0.00632426,1
21_BRANCH0_336,0,0.00634718,1
21,1,0.00671076,1
21,0,0.00666601,1
339,1,0.00552272,1
339,0,0.00646884,1
105,1,0.00729344,1
105,0,0.00724405,1
43_BRANCH0_165,1,0.00842505,1
43_BRANCH0_165,0,0.00790407,1
143_BRANCH0_193,1,0.00677978,1
143_BRANCH0_193,0,0.00746299,1
82,1,0.0083701,1
82,0,0.00824585,1
24_BRANCH0_126,1,0.00708678,1
24_BRANCH0_126,0,0.00729498,1
92_BRANCH0_377,1,0.00844527,1
92_BRANCH0_377,0,0.00719994,1
4_BRANCH0_119,1,0.00687497,1
4_BRANCH0_119,0,0.00627066,1
260_BRANCH0_296,1,0.0057563,1
260_BRANCH0_296,0,0.00540114,1
289,1,0.00538825,1
289,0,0.00530449,1
27_BRANCH0_372,1,0.00691608,1
27_BRANCH0_372,0,0.00694323,1
407_BRANCH0_429,1,0.00679761,1
407_BRANCH0_429,0,0.00560596,1
193,1,0.00550768,1
193,0,0.00685351,1
190,1,0.00551192,1
190,0,0.00716815,1
139_BRANCH0_192,1,0.00686011,1
139_BRANCH0_192,0,0.00738437,1
306,1,0.00544868,1
306,0,0.00522083,1
404_BRANCH0_418,1,0.00672013,1
404_BRANCH0_418,0,0.00560693,1
432,1,0.00418039,1
432,0,0.00307154,1
63_BRANCH0_138,1,0.00696189,1
63_BRANCH0_138,0,0.00702402,1
47,1,0.00644519,1
47,0,0.00684515,1
105_BRANCH0_378,1,0.00703767,1
105_BRANCH0_378,0,0.00689657,1
203_BRANCH0_239,1,0.0150299,1
203_BRANCH0_239,0,0.0058268,1
102_BRANCH0_259,1,0.0065831,1
102_BRANCH0_259,0,20.2648,0
66_BRANCH0_190,1,0.00648664,1
66_BRANCH0_190,0,0.00691668,1
273_BRANCH0_335,1,0.00585254,1
273_BRANCH0_335,0,0.0298117,1
142,1,0.00727913,1
142,0,0.00706332,1
307,1,0.00519303,1
307,0,0.0068269,1
393,1,0.00694098,1
393,0,0.00498803,1
66,1,0.024898,1
66,0,0.0249121,1
186,1,0.00577182,1
186,0,0.00678871,1
108_BRANCH0_180,1,0.00849496,1
108_BRANCH0_180,0,0.00708278,1
99_BRANCH0_195,1,0.0070531,1
99_BRANCH0_195,0,0.00673019,1
112_BRANCH0_197,1,0.00703801,1
112_BRANCH0_197,0,0.00691429,1
11_BRANCH0_246,1,0.00547619,1
11_BRANCH0_246,0,0.00682356,1
185,1,0.00561523,1
185,0,0.00691333,1
273,1,0.00558984,1
273,0,0.00578353,1
213,1,0.00738195,1
213,0,0.00554716,1
345,1,0.00664678,1
345,0,0.00768056,1
131_BRANCH0_188,1,0.00708226,1
131_BRANCH0_188,0,0.0073351,1
69_BRANCH0_171,1,0.00843569,1
69_BRANCH0_171,0,0.00710447,1
69,1,0.00861174,1
69,0,0.00866709,1
404,1,0.00706984,1
404,0,0.00504462,1
14_BRANCH0_158,1,0.00664937,1
14_BRANCH0_158,0,0.0069202,1
95,1,0.00861982,1
95,0,0.00827449,1
73_BRANCH0_344,1,0.0102179,1
73_BRANCH0_344,0,0.00700829,1
99,1,0.00660012,1
99,0,0.00699703,1
162_BRANCH0_230,1,0.006628,1
162_BRANCH0_230,0,0.00629027,1
360_BRANCH0_378,1,0.00634721,1
360_BRANCH0_378,0,0.00539543,1
76_BRANCH0_142,1,0.00728976,1
76_BRANCH0_142,0,0.007179,1
346,1,0.00662899,1
346,0,0.00688991,1
4_BRANCH0_380,1,0.00787827,1
4_BRANCH0_380,0,0.00810299,1
92,1,0.00908032,1
92,0,0.00887766,1
82_BRANCH0_174,1,0.00858239,1
82_BRANCH0_174,0,0.00716103,1
89_BRANCH0_258,1,0.0075276,1
89_BRANCH0_258,0,0.00700511,1
381_BRANCH0_416,1,0.00670771,1
381_BRANCH0_416,0,0.125326,1
82_BRANCH0_407,1,0.0100916,1
82_BRANCH0_407,0,0.00842061,1
301,1,0.00549309,1
301,0,0.00645313,1
86_BRANCH0_193,1,0.00684329,1
86_BRANCH0_193,0,0.00723061,1
309_BRANCH0_341,1,0.00574406,1
309_BRANCH0_341,0,0.00570333,1
89,1,0.00808355,1
89,0,0.00788646,1
260_BRANCH0_330,1,0.0073301,1
260_BRANCH0_330,0,0.00595248,1
285,1,0.0062536,1
285,0,0.00547052,1
309_BRANCH0_331,1,0.00559168,1
309_BRANCH0_331,0,0.00543749,1
251,1,0.00617343,1
251,0,0.00575061,1
386,1,0.00658401,1
386,0,0.00515087,1
95_BRANCH0_147,1,0.00687967,1
95_BRANCH0_147,0,0.00632597,1
276_BRANCH0_337,1,0.00579367,1
276_BRANCH0_337,0,0.0641409,1
102,1,0.00556081,1
102,0,0.00528942,1
379,1,48.8838,0
379,0,0.00792835,1
95_BRANCH0_177,1,0.00850296,1
95_BRANCH0_177,0,0.00719998,1
319_BRANCH0_336,1,0.0059636,1
319_BRANCH0_336,0,0.00620615,1
404_BRANCH0_416,1,0.0140746,1
404_BRANCH0_416,0,0.0503048,1
154_BRANCH0_224,1,0.00670369,1
154_BRANCH0_224,0,0.00723194,1
242,1,0.00764721,1
242,0,0.00763436,1
342,1,0.00663826,1
342,0,0.0389293,1
360_BRANCH0_377,1,0.00910199,1
360_BRANCH0_377,0,0.00581098,1
102_BRANCH0_150,1,0.00750425,1
102_BRANCH0_150,0,0.00783597,1
381_BRANCH0_432,1,0.00729013,1
381_BRANCH0_432,0,0.00445019,1
188,1,0.00587124,1
188,0,0.00757002,1
333,1,0.00618152,1
333,0,0.00701325,1
108_BRANCH0_151,1,0.00775892,1
108_BRANCH0_151,0,0.00804856,1
115_BRANCH0_198,1,0.00723912,1
115_BRANCH0_198,0,0.00746215,1
203_BRANCH0_247,1,0.00858391,1
203_BRANCH0_247,0,0.00649249,1
131_BRANCH0_187,1,0.00731971,1
131_BRANCH0_187,0,0.0096651,1
76,1,0.0111011,1
76,0,0.0114015,1
108,1,0.523519,1
108,0,0.538737,1
112,1,0.00726374,1
112,0,0.00685338,1
115_BRANCH0_379,1,0.00705275,1
115_BRANCH0_379,0,37.1386,0
319_BRANCH0_334,1,0.00554984,1
319_BRANCH0_334,0,0.00589406,1
378,1,0.00548395,1
378,0,0.00800463,1
115,1,0.00687662,1
115,0,0.00691897,1
118,1,0.00716891,1
118,0,0.00728803,1
332,1,0.00593223,1
332,0,0.00576581,1
386_BRANCH0_431,1,0.00629291,1
386_BRANCH0_431,0,0.00511576,1
119_BRANCH0_157,1,0.00565724,1
119_BRANCH0_157,0,0.00720581,1
79_BRANCH0_376,1,0.0118995,1
79_BRANCH0_376,0,0.00683028,1
393_BRANCH0_425,1,0.00714116,1
393_BRANCH0_425,0,0.00583495,1
123_BRANCH0_183,1,0.00596417,1
123_BRANCH0_183,0,0.00740717,1
165_BRANCH0_233,1,0.00669854,1
165_BRANCH0_233,0,0.00702208,1
334,1,0.00675384,1
334,0,0.00578916,1
40_BRANCH0_186,1,0.00683917,1
40_BRANCH0_186,0,0.00698102,1
422_BRANCH0_432,1,0.00667626,1
422_BRANCH0_432,0,0.00347335,1
260,1,0.0055831,1
260,0,0.00576669,1
264_BRANCH0_296,1,0.00596482,1
264_BRANCH0_296,0,0.00557995,1
300,1,0.00556257,1
300,0,0.00744087,1
264_BRANCH0_331,1,0.00675147,1
264_BRANCH0_331,0,0.00564262,1
264,1,0.00623132,1
264,0,0.00536492,1
357,1,0.0052485,1
357,0,0.00569245,1
267_BRANCH0_332,1,0.00579206,1
267_BRANCH0_332,0,0.00546054,1
267,1,0.00588868,1
267,0,0.00569272,1
270_BRANCH0_296,1,0.0055798,1
270_BRANCH0_296,0,0.00551952,1
352,1,0.00657736,1
352,0,0.00558013,1
270_BRANCH0_333,1,0.00632553,1
270_BRANCH0_333,0,0.00596411,1
425_BRANCH0_432,1,0.00602062,1
425_BRANCH0_432,0,0.00357457,1
270,1,0.00612811,1
270,0,0.00576003,1
276_BRANCH0_296,1,0.00545198,1
276_BRANCH0_296,0,0.00556381,1
276,1,0.00617574,1
276,0,0.00563576,1
309_BRANCH0_330,1,0.00585235,1
309_BRANCH0_330,0,0.00536217,1
411_BRANCH0_420,1,0.00692601,1
411_BRANCH0_420,0,0.00516793,1
279_BRANCH0_296,1,0.00575657,1
279_BRANCH0_296,0,0.00542534,1
279_BRANCH0_339,1,0.00619115,1
279_BRANCH0_339,0,0.0629622,1
279,1,0.00605747,1
279,0,0.00558015,1
282_BRANCH0_296,1,0.00569424,1
282_BRANCH0_296,0,0.00579624,1
282_BRANCH0_341,1,0.00659848,1
282_BRANCH0_341,0,0.0615528,1
282,1,0.00636443,1
282,0,0.00538707,1
288,1,0.00695961,1
288,0,0.00557396,1
290,1,0.00648455,1
290,0,0.00568733,1
291,1,0.00620075,1
291,0,0.00534914,1
292,1,0.00628408,1
292,0,0.00537906,1
293,1,0.00621761,1
293,0,0.00530066,1
295,1,0.00591967,1
295,0,0.0053807,1
296_BRANCH0_309,1,0.00532652,1
296_BRANCH0_309,0,0.00550861,1
296_BRANCH0_319,1,0.00649616,1
296_BRANCH0_319,0,0.00556269,1
296,1,0.00520447,1
296,0,0.00549324,1
302,1,0.00568909,1
302,0,0.00575103,1
303,1,0.00546398,1
303,0,0.00645495,1
305,1,0.00539487,1
305,0,0.00532389,1
309_BRANCH0_333,1,0.00600599,1
309_BRANCH0_333,0,0.00579767,1
309_BRANCH0_339,1,0.00793456,1
309_BRANCH0_339,0,0.00563218,1
399_BRANCH0_428,1,0.00827597,1
399_BRANCH0_428,0,0.00615015,1
309_BRANCH0_343,1,0.00557713,1
309_BRANCH0_343,0,0.00574048,1
319_BRANCH0_345,1,0.00852492,1
319_BRANCH0_345,0,0.00680431,1
309,1,0.00572149,1
309,0,0.00526349,1
319_BRANCH0_340,1,0.00603588,1
319_BRANCH0_340,0,0.0066285,1
319_BRANCH0_342,1,0.0466279,1
319_BRANCH0_342,0,0.00661326,1
319_BRANCH0_344,1,0.0250151,1
319_BRANCH0_344,0,0.00680138,1
319_BRANCH0_346,1,0.00589074,1
319_BRANCH0_346,0,0.00643678,1
319_BRANCH0_347,1,0.00608381,1
319_BRANCH0_347,0,17.4709,0
331,1,0.00588767,1
331,0,0.00645948,1
319,1,0.00569551,1
319,0,0.00569305,1
329,1,0.00581225,1
329,0,0.00217162,1
336,1,0.00662906,1
336,0,0.00601868,1
357_BRANCH0_360,1,0.00559366,1
357_BRANCH0_360,0,0.00590136,1
337,1,0.00633585,1
337,0,0.00633432,1
338,1,0.0062978,1
338,0,0.00707999,1
343,1,0.00611623,1
343,0,0.00710852,1
344,1,0.00699629,1
344,0,0.00755234,1
386_BRANCH0_422,1,0.00603334,1
386_BRANCH0_422,0,0.00721684,1
349,1,0.00702723,1
349,0,0.00605599,1
351,1,0.0068118,1
351,0,0.00623543,1
355,1,0.00690185,1
355,0,0.00624859,1
356,1,0.0058856,1
356,0,0.00603532,1
357_BRANCH0_370,1,0.00566786,1
357_BRANCH0_370,0,0.0060777,1
360_BRANCH0_371,1,0.00661085,1
360_BRANCH0_371,0,0.00588775,1
360_BRANCH0_372,1,0.0064291,1
360_BRANCH0_372,0,0.00584656,1
360_BRANCH0_374,1,0.00629328,1
360_BRANCH0_374,0,0.00611573,1
360_BRANCH0_375,1,0.0601911,1
360_BRANCH0_375,0,0.00594222,1
360_BRANCH0_379,1,0.172648,1
360_BRANCH0_379,0,50.8711,0
370,1,0.00546338,1
370,0,0.00535897,1
371,1,0.00686003,1
371,0,0.00700821,1
372,1,0.00538459,1
372,0,0.005601,1
373,1,0.00537288,1
373,0,0.00645109,1
374,1,0.00586682,1
374,0,0.00719212,1
375,1,0.00577214,1
375,0,0.0601356,1
376,1,0.00568184,1
376,0,0.0081882,1
377,1,0.00601235,1
377,0,0.0089313,1
380,1,0.00911806,1
380,0,0.00342851,1
381_BRANCH0_430,1,0.00718004,1
381_BRANCH0_430,0,0.00558539,1
381_BRANCH0_431,1,0.00711377,1
381_BRANCH0_431,0,0.00570385,1
381,1,0.00595582,1
381,0,0.00442532,1
386_BRANCH0_429,1,0.00749949,1
386_BRANCH0_429,0,0.00666704,1
386_BRANCH0_430,1,0.00607889,1
386_BRANCH0_430,0,0.00553776,1
393_BRANCH0_416,1,0.00868604,1
393_BRANCH0_416,0,0.378905,1
393_BRANCH0_417,1,0.00403509,1
393_BRANCH0_417,0,0.0053311,1
393_BRANCH0_428,1,0.00677601,1
393_BRANCH0_428,0,0.00734257,1
399_BRANCH0_416,1,0.00752661,1
399_BRANCH0_416,0,0.137935,1
399_BRANCH0_425,1,0.00717317,1
399_BRANCH0_425,0,0.00623844,1
399_BRANCH0_430,1,0.00769683,1
399_BRANCH0_430,0,0.00546406,1
399,1,0.0345394,1
399,0,0.00551875,1
407_BRANCH0_416,1,0.0094001,1
407_BRANCH0_416,0,0.147494,1
407_BRANCH0_419,1,0.0072335,1
407_BRANCH0_419,0,0.00541837,1
407,1,0.00863669,1
407,0,0.00541456,1
411,1,0.0073149,1
411,0,0.00572633,1
414,1,0.00778152,1
414,0,0.137658,1
417,1,0.00536077,1
417,0,0.00389378,1
419,1,0.00551731,1
419,0,0.00746673,1
420,1,0.00547859,1
420,0,0.00729887,1
421,1,0.00567064,1
421,0,0.00340777,1
422_BRANCH0_430,1,0.00710866,1
422_BRANCH0_430,0,0.00593968,1
422,1,0.0067341,1
422,0,0.00401391,1
425_BRANCH0_431,1,0.00638075,1
425_BRANCH0_431,0,0.0044351,1
425,1,0.00632236,1
425,0,0.00376884,1
428,1,0.00665461,1
428,0,0.0051986,1
429,1,0.00646146,1
429,0,0.00390848,1
430,1,0.00561004,1
430,0,0.00340575,1
431,1,0.00542843,1
431,0,0.00342475,1
