0.00500448
m_BRANCH0_q,1,0.000152452,1
m_BRANCH0_q,0,9.0891e-05,0
m_BRANCH0_Z,1,8.4093e-05,1
m_BRANCH0_Z,0,0.000121178,1
d_BRANCH0_X,1,0.000101316,1
d_BRANCH0_X,0,8.7094e-05,0
d_BRANCH0_r,1,7.9458e-05,1
d_BRANCH0_r,0,9.1606e-05,1
X,1,8.4966e-05,0
X,0,3.5681e-05,1
m_BRANCH0_r,1,8.258e-05,1
m_BRANCH0_r,0,8.92e-05,1
B,1,0.000116934,1
B,0,0.000118521,1
d,1,0.00011843,1
d,0,0.000133191,1
d_BRANCH0_m,1,0.000119796,1
d_BRANCH0_m,0,8.9842e-05,1
s_BRANCH0_v,1,9.5543e-05,0
s_BRANCH0_v,0,0.000127369,1
B_BRANCH0_m,1,5.0632e-05,0
B_BRANCH0_m,0,8.3718e-05,1
B_BRANCH0_v,1,4.484e-05,0
B_BRANCH0_v,0,0.000106557,1
C,1,0.000168175,1
C,0,0.000164978,1
s_BRANCH0_Y,1,9.6537e-05,0
s_BRANCH0_Y,0,8.5352e-05,1
B_BRANCH0_d,1,8.9911e-05,1
B_BRANCH0_d,0,0.000112115,1
A,1,0.000119533,1
A,0,0.000116863,1
m,1,9.0845e-05,1
m,0,0.00011458,1
r_BRANCH0_s,1,0.000100967,1
r_BRANCH0_s,0,9.902e-05,0
Y,1,8.8314e-05,0
Y,0,8.4987e-05,1
r_BRANCH0_X,1,9.9485e-05,1
r_BRANCH0_X,0,9.6046e-05,0
Z,1,0.000111265,1
Z,0,0.000100069,1
r,1,9.3698e-05,1
r,0,9.9769e-05,0
q,1,7.7398e-05,0
q,0,8.41e-05,1
s,1,0.000100145,0
s,0,9.4394e-05,1
v,1,9.8996e-05,0
v,0,0.000111054,1
