993.019
254,1,0.00666866,1
254,0,0.00639289,1
415,1,0.00245756,1
415,0,0.0144062,1
250,1,0.00568097,1
250,0,0.0484942,1
341,1,0.00569619,1
341,0,0.00536598,1
247,1,0.0057929,1
247,0,0.00499397,1
236_BRANCH0_273,1,0.00569158,1
236_BRANCH0_273,0,0.00525389,1
247_BRANCH0_282,1,0.00574772,1
247_BRANCH0_282,0,0.00529881,1
246,1,0.00552546,1
246,0,0.00479842,1
157,1,0.00512057,1
157,0,0.0100865,1
30_BRANCH0_386,1,0.261066,1
30_BRANCH0_386,0,0.260406,1
243_BRANCH0_293,1,0.00565767,1
243_BRANCH0_293,0,0.00562255,1
273_BRANCH0_296,1,0.00525573,1
273_BRANCH0_296,0,0.00522941,1
243_BRANCH0_279,1,0.0057039,1
243_BRANCH0_279,0,0.00521285,1
239,1,0.00568249,1
239,0,0.00495612,1
239_BRANCH0_276,1,0.00563691,1
239_BRANCH0_276,0,0.0052184,1
236,1,0.00573675,1
236,0,0.00502082,1
411_BRANCH0_416,1,0.00682861,1
411_BRANCH0_416,0,0.124184,1
233_BRANCH0_270,1,0.00587474,1
233_BRANCH0_270,0,0.00526568,1
230,1,0.00574959,1
230,0,0.00499826,1
199_BRANCH0_223,1,0.00493608,1
199_BRANCH0_223,0,0.00659347,1
230_BRANCH0_289,1,0.00575863,1
230_BRANCH0_289,0,0.00568851,1
230_BRANCH0_267,1,0.00585304,1
230_BRANCH0_267,0,0.00525545,1
27,1,0.0229827,1
27,0,0.02334,1
224,1,0.00622465,1
224,0,0.00695662,1
134,1,0.00653113,1
134,0,0.00653756,1
223,1,0.00651284,1
223,0,0.00499016,1
130,1,0.00648782,1
130,0,0.00655663,1
213_BRANCH0_259,1,0.0066451,1
213_BRANCH0_259,0,61.431,0
213_BRANCH0_254,1,0.0301016,1
213_BRANCH0_254,0,0.00562075,1
213_BRANCH0_242,1,0.00702578,1
213_BRANCH0_242,0,0.00712991,1
203,1,0.00666212,1
203,0,0.00558714,1
203_BRANCH0_251,1,0.00659873,1
203_BRANCH0_251,0,0.0055168,1
191,1,0.00520992,1
191,0,0.0101977,1
203_BRANCH0_243,1,0.00805853,1
203_BRANCH0_243,0,0.00546012,1
171_BRANCH0_239,1,0.00571206,1
171_BRANCH0_239,0,0.0062179,1
416,1,0.00251601,1
416,0,0.117229,1
251_BRANCH0_295,1,0.00575592,1
251_BRANCH0_295,0,0.00565034,1
203_BRANCH0_236,1,0.0176498,1
203_BRANCH0_236,0,0.00557054,1
203_BRANCH0_230,1,0.0582539,1
203_BRANCH0_230,0,0.00571932,1
203_BRANCH0_227,1,0.114701,1
203_BRANCH0_227,0,0.00559094,1
257,1,0.00548295,1
257,0,0.00680308,1
138,1,0.00667659,1
138,0,0.00651683,1
34_BRANCH0_185,1,0.0102059,1
34_BRANCH0_185,0,0.0101301,1
66_BRANCH0_375,1,0.010044,1
66_BRANCH0_375,0,0.00999756,1
203_BRANCH0_224,1,0.00701711,1
203_BRANCH0_224,0,0.00709326,1
40_BRANCH0_373,1,0.0096592,1
40_BRANCH0_373,0,0.00970863,1
199,1,0.00505067,1
199,0,0.00666581,1
69_BRANCH0_139,1,0.0111946,1
69_BRANCH0_139,0,0.0112673,1
86_BRANCH0_345,1,0.0110492,1
86_BRANCH0_345,0,0.0101716,1
296_BRANCH0_329,1,0.00498875,1
296_BRANCH0_329,0,0.00523014,1
197,1,0.00522835,1
197,0,0.0102235,1
196,1,0.00590896,1
196,0,0.00992393,1
123_BRANCH0_184,1,0.00973661,1
123_BRANCH0_184,0,0.0101729,1
195,1,0.00527367,1
195,0,0.0102121,1
192,1,0.00596055,1
192,0,0.00992954,1
189,1,0.00514582,1
189,0,0.0102711,1
308,1,0.0053038,1
308,0,0.0062637,1
203_BRANCH0_233,1,0.0303996,1
203_BRANCH0_233,0,0.00562618,1
386_BRANCH0_416,1,0.00640106,1
386_BRANCH0_416,0,0.11483,1
386_BRANCH0_425,1,0.0065315,1
386_BRANCH0_425,0,0.00823674,1
187,1,0.00529922,1
187,0,0.0100744,1
158,1,0.00587553,1
158,0,0.00982018,1
251_BRANCH0_285,1,0.00584717,1
251_BRANCH0_285,0,0.00527636,1
184,1,0.00533761,1
184,0,0.00992317,1
285_BRANCH0_296,1,0.00534876,1
285_BRANCH0_296,0,0.00525672,1
183,1,0.00525354,1
183,0,0.0100683,1
73,1,0.015635,1
73,0,0.0154915,1
180_BRANCH0_251,1,0.00571304,1
180_BRANCH0_251,0,0.00629368,1
263,1,0.00558697,1
263,0,0.0055676,1
180_BRANCH0_199,1,0.00869815,1
180_BRANCH0_199,0,0.00660152,1
177,1,0.00665844,1
177,0,0.00629333,1
139,1,0.0113147,1
139,0,0.0112792,1
309_BRANCH0_337,1,0.0252954,1
309_BRANCH0_337,0,0.00522262,1
227_BRANCH0_264,1,0.0063097,1
227_BRANCH0_264,0,0.00524957,1
168_BRANCH0_199,1,0.00857702,1
168_BRANCH0_199,0,0.00675067,1
174,1,0.00656167,1
174,0,0.00629298,1
34_BRANCH0_338,1,0.0612648,1
34_BRANCH0_338,0,0.0103034,1
174_BRANCH0_199,1,0.00871883,1
174_BRANCH0_199,0,0.00673562,1
171,1,0.00664019,1
171,0,0.00623805,1
95_BRANCH0_411,1,0.0112773,1
95_BRANCH0_411,0,0.0113993,1
174_BRANCH0_243,1,0.00577045,1
174_BRANCH0_243,0,0.00682842,1
224_BRANCH0_263,1,0.00701487,1
224_BRANCH0_263,0,0.00789349,1
180,1,0.00665886,1
180,0,0.00628053,1
168,1,0.00659137,1
168,0,0.00651156,1
165,1,0.0066154,1
165,0,0.00633428,1
162,1,0.00648852,1
162,0,0.00641789,1
159_BRANCH0_227,1,0.00559203,1
159_BRANCH0_227,0,0.00648615,1
21_BRANCH0_183,1,0.0101256,1
21_BRANCH0_183,0,0.0103535,1
213_BRANCH0_256,1,0.00998312,1
213_BRANCH0_256,0,0.00565726,1
4,1,0.0192135,1
4,0,0.0192361,1
154,1,0.00660812,1
154,0,0.00617763,1
159_BRANCH0_199,1,0.00878015,1
159_BRANCH0_199,0,0.00666024,1
194,1,0.00546206,1
194,0,0.00993012,1
154_BRANCH0_199,1,0.00870534,1
154_BRANCH0_199,0,0.00650959,1
151,1,0.0114666,1
151,0,0.0113315,1
47_BRANCH0_340,1,0.0367154,1
47_BRANCH0_340,0,0.0102303,1
122,1,0.00663503,1
122,0,0.00660138,1
151_BRANCH0_198,1,0.00985567,1
151_BRANCH0_198,0,0.0102245,1
1_BRANCH0_242,1,0.240511,1
1_BRANCH0_242,0,0.00717047,1
47_BRANCH0_187,1,0.010312,1
47_BRANCH0_187,0,0.0102559,1
150,1,0.00666955,1
150,0,0.00658178,1
147,1,0.0113826,1
147,0,0.0113291,1
147_BRANCH0_195,1,0.0103298,1
147_BRANCH0_195,0,0.0118373,1
233_BRANCH0_290,1,0.00585356,1
233_BRANCH0_290,0,0.00575942,1
146,1,0.00672069,1
146,0,0.00660159,1
360,1,0.00555808,1
360,0,0.323723,1
171_BRANCH0_199,1,0.0087093,1
171_BRANCH0_199,0,0.00672736,1
143_BRANCH0_194,1,0.010044,1
143_BRANCH0_194,0,0.0102827,1
255,1,0.00579617,1
255,0,0.0334135,1
139_BRANCH0_191,1,0.0101851,1
139_BRANCH0_191,0,0.0119611,1
213_BRANCH0_255,1,0.0177381,1
213_BRANCH0_255,0,0.0056695,1
79_BRANCH0_192,1,0.00990404,1
79_BRANCH0_192,0,0.00994053,1
199_BRANCH0_213,1,0.00568178,1
199_BRANCH0_213,0,0.0066997,1
340,1,0.00591662,1
340,0,0.0073144,1
348,1,0.00585615,1
348,0,0.00553649,1
135,1,0.0114424,1
135,0,0.0114139,1
213_BRANCH0_250,1,0.0588599,1
213_BRANCH0_250,0,0.0056163,1
151_BRANCH0_197,1,0.0103634,1
151_BRANCH0_197,0,0.0119239,1
360_BRANCH0_373,1,0.536131,1
360_BRANCH0_373,0,0.00567193,1
135_BRANCH0_190,1,0.00987099,1
135_BRANCH0_190,0,0.0103152,1
309_BRANCH0_332,1,0.449345,1
309_BRANCH0_332,0,0.00517601,1
350,1,0.00544266,1
350,0,0.00559148,1
135_BRANCH0_189,1,0.0103206,1
135_BRANCH0_189,0,0.0119679,1
131,1,0.0114351,1
131,0,0.0113459,1
127,1,0.011383,1
127,0,0.0114311,1
335,1,0.0057307,1
335,0,0.0052731,1
227,1,0.00658751,1
227,0,0.00518264,1
213_BRANCH0_246,1,0.117522,1
213_BRANCH0_246,0,0.00581861,1
79,1,0.0102204,1
79,0,0.0101445,1
177_BRANCH0_247,1,0.00582295,1
177_BRANCH0_247,0,0.00642069,1
56,1,0.00834252,1
56,0,0.0084572,1
56_BRANCH0_168,1,0.00873149,1
56_BRANCH0_168,0,0.0067644,1
53,1,0.0100458,1
53,0,0.0100918,1
159,1,0.00665628,1
159,0,0.00632168,1
8_BRANCH0_334,1,0.199015,1
8_BRANCH0_334,0,0.0103189,1
53_BRANCH0_188,1,0.00997728,1
53_BRANCH0_188,0,0.00985188,1
50,1,0.0241125,1
50,0,0.0241504,1
50_BRANCH0_255,1,0.0181609,1
50_BRANCH0_255,0,0.00721191,1
227_BRANCH0_288,1,0.00748939,1
227_BRANCH0_288,0,0.00578946,1
393_BRANCH0_429,1,72.4645,0
393_BRANCH0_429,0,0.00548527,1
50_BRANCH0_134,1,0.00682317,1
50_BRANCH0_134,0,0.00658132,1
27_BRANCH0_184,1,0.00986815,1
27_BRANCH0_184,0,0.00998476,1
40,1,0.00981457,1
40,0,0.00984608,1
309_BRANCH0_335,1,0.0639731,1
309_BRANCH0_335,0,0.0052137,1
73_BRANCH0_191,1,0.0104506,1
73_BRANCH0_191,0,0.0103226,1
247_BRANCH0_294,1,0.00596167,1
247_BRANCH0_294,0,0.00636918,1
37_BRANCH0_254,1,0.0359935,1
37_BRANCH0_254,0,0.00717157,1
224_BRANCH0_260,1,0.0063482,1
224_BRANCH0_260,0,0.00677988,1
239_BRANCH0_292,1,0.00593432,1
239_BRANCH0_292,0,0.00636333,1
108_BRANCH0_414,1,42.8052,1
108_BRANCH0_414,0,5.55976,1
199_BRANCH0_203,1,0.00576527,1
199_BRANCH0_203,0,0.00664632,1
119,1,0.0115302,1
119,0,0.0114306,1
258,1,0.00587334,1
258,0,0.00657103,1
177_BRANCH0_199,1,0.00886649,1
177_BRANCH0_199,0,0.00679579,1
14,1,0.0370968,1
14,0,0.0370393,1
30,1,0.0123959,1
30,0,0.0118104,1
319_BRANCH0_338,1,0.619955,1
319_BRANCH0_338,0,0.00534335,1
56_BRANCH0_399,1,0.186189,1
56_BRANCH0_399,0,0.186877,1
127_BRANCH0_186,1,0.0099198,1
127_BRANCH0_186,0,0.0105418,1
43_BRANCH0_393,1,0.0708901,1
43_BRANCH0_393,0,0.0704434,1
17,1,0.00843415,1
17,0,0.00839428,1
11,1,0.127081,1
11,0,0.126924,1
236_BRANCH0_291,1,0.00596826,1
236_BRANCH0_291,0,0.00580782,1
69_BRANCH0_404,1,0.0115574,1
69_BRANCH0_404,0,0.0115128,1
37_BRANCH0_130,1,0.00668949,1
37_BRANCH0_130,0,0.0066653,1
233,1,0.00590715,1
233,0,0.00518133,1
11_BRANCH0_122,1,0.00656954,1
11_BRANCH0_122,0,0.00665181,1
360_BRANCH0_376,1,0.0169896,1
360_BRANCH0_376,0,0.0109488,1
213_BRANCH0_257,1,0.00813744,1
213_BRANCH0_257,0,0.00586427,1
17_BRANCH0_123,1,0.0114898,1
17_BRANCH0_123,0,0.0116076,1
294,1,0.00616775,1
294,0,0.00528856,1
30_BRANCH0_127,1,0.01149,1
30_BRANCH0_127,0,0.0114806,1
162_BRANCH0_199,1,0.0088446,1
162_BRANCH0_199,0,0.00668721,1
60,1,0.021917,1
60,0,0.021778,1
105_BRANCH0_196,1,0.00994874,1
105_BRANCH0_196,0,0.0100183,1
267_BRANCH0_296,1,0.00544194,1
267_BRANCH0_296,0,0.00538297,1
56_BRANCH0_135,1,0.0113953,1
56_BRANCH0_135,0,0.0115128,1
418,1,0.00547586,1
418,0,0.00666268,1
24,1,0.0632184,1
24,0,0.0629814,1
63_BRANCH0_256,1,0.0114568,1
63_BRANCH0_256,0,0.00717909,1
168_BRANCH0_236,1,0.00578322,1
168_BRANCH0_236,0,0.00691615,1
347,1,24.4122,0
347,0,0.00662402,1
60_BRANCH0_189,1,0.0105278,1
60_BRANCH0_189,0,0.0104207,1
24_BRANCH0_250,1,0.0640144,1
24_BRANCH0_250,0,0.00722871,1
127_BRANCH0_185,1,0.0102741,1
127_BRANCH0_185,0,0.0120524,1
213_BRANCH0_258,1,0.00697033,1
213_BRANCH0_258,0,0.00574495,1
256,1,0.00558679,1
256,0,0.00667625,1
34,1,0.0608257,1
34,0,0.0607489,1
259,1,62.882,0
259,0,0.00662692,1
37,1,0.0393319,1
37,0,0.0393853,1
89_BRANCH0_146,1,0.0066602,1
89_BRANCH0_146,0,0.00694111,1
119_BRANCH0_158,1,0.00976075,1
119_BRANCH0_158,0,0.0103465,1
1,1,0.241194,1
1,0,0.241091,1
76_BRANCH0_257,1,0.00797518,1
76_BRANCH0_257,0,0.00727771,1
43_BRANCH0_131,1,0.0114784,1
43_BRANCH0_131,0,0.0115169,1
17_BRANCH0_381,1,0.00625293,1
17_BRANCH0_381,0,0.00616075,1
4_BRANCH0_154,1,0.00877871,1
4_BRANCH0_154,0,0.00672354,1
63,1,0.0157295,1
63,0,0.0157422,1
123,1,0.0114382,1
123,0,0.0114836,1
14_BRANCH0_371,1,0.0369304,1
14_BRANCH0_371,0,0.0097977,1
147_BRANCH0_196,1,0.0100665,1
147_BRANCH0_196,0,0.0102768,1
99_BRANCH0_346,1,0.00988385,1
99_BRANCH0_346,0,0.0103527,1
353,1,0.00578835,1
353,0,0.00561693,1
82_BRANCH0_143,1,0.0114481,1
82_BRANCH0_143,0,0.0115733,1
354,1,0.00568704,1
354,0,0.00564033,1
126,1,0.00672928,1
126,0,0.00674547,1
30_BRANCH0_162,1,0.00883774,1
30_BRANCH0_162,0,0.00674474,1
165_BRANCH0_199,1,0.00874552,1
165_BRANCH0_199,0,0.00679309,1
285_BRANCH0_343,1,0.00662005,1
285_BRANCH0_343,0,0.480647,1
53_BRANCH0_374,1,0.0101756,1
53_BRANCH0_374,0,0.0102518,1
1_BRANCH0_118,1,0.00671418,1
1_BRANCH0_118,0,0.00666107,1
143,1,0.0115527,1
143,0,0.0115545,1
304,1,0.00552687,1
304,0,0.0058829,1
112_BRANCH0_347,1,0.00947789,1
112_BRANCH0_347,0,171.707,0
60_BRANCH0_342,1,0.0208147,1
60_BRANCH0_342,0,0.0104164,1
330,1,0.00589861,1
330,0,0.00563717,1
86,1,0.0122796,1
86,0,0.0121281,1
243,1,0.00595313,1
243,0,0.00533022,1
17_BRANCH0_159,1,0.00888717,1
17_BRANCH0_159,0,0.00673236,1
92_BRANCH0_194,1,0.0100259,1
92_BRANCH0_194,0,0.0101944,1
43,1,0.00848219,1
43,0,0.00846364,1
8_BRANCH0_157,1,0.0102984,1
8_BRANCH0_157,0,0.010488,1
198,1,0.00603437,1
198,0,0.0101647,1
8,1,0.200458,1
8,0,0.199907,1
21_BRANCH0_336,1,0.109332,1
21_BRANCH0_336,0,0.0103686,1
21,1,0.10836,1
21,0,0.108432,1
339,1,0.00585771,1
339,0,0.00527074,1
105,1,0.0102413,1
105,0,0.010157,1
43_BRANCH0_165,1,0.00883455,1
43_BRANCH0_165,0,0.00676326,1
143_BRANCH0_193,1,0.0104108,1
143_BRANCH0_193,0,0.0121413,1
82,1,0.0085051,1
82,0,0.00838389,1
24_BRANCH0_126,1,0.00669522,1
24_BRANCH0_126,0,0.00677724,1
92_BRANCH0_377,1,0.0103359,1
92_BRANCH0_377,0,0.0102214,1
4_BRANCH0_119,1,0.0114589,1
4_BRANCH0_119,0,0.011512,1
260_BRANCH0_296,1,0.00557373,1
260_BRANCH0_296,0,0.0054272,1
289,1,0.0057865,1
289,0,0.00540665,1
27_BRANCH0_372,1,0.0233405,1
27_BRANCH0_372,0,0.00987989,1
407_BRANCH0_429,1,0.00667909,1
407_BRANCH0_429,0,0.00571165,1
193,1,0.0054644,1
193,0,0.0104459,1
190,1,0.00626089,1
190,0,0.0099747,1
139_BRANCH0_192,1,0.0100695,1
139_BRANCH0_192,0,0.0104218,1
306,1,0.00541906,1
306,0,0.00591089,1
404_BRANCH0_418,1,0.00666086,1
404_BRANCH0_418,0,0.00551977,1
432,1,0.00574348,1
432,0,0.00255753,1
63_BRANCH0_138,1,0.00666504,1
63_BRANCH0_138,0,0.00669647,1
47,1,0.0369572,1
47,0,0.0369458,1
105_BRANCH0_378,1,0.0101703,1
105_BRANCH0_378,0,0.0101252,1
203_BRANCH0_239,1,0.0106156,1
203_BRANCH0_239,0,0.00576326,1
102_BRANCH0_259,1,0.00590659,1
102_BRANCH0_259,0,106.633,0
66_BRANCH0_190,1,0.00990976,1
66_BRANCH0_190,0,0.0100114,1
273_BRANCH0_335,1,0.00616433,1
273_BRANCH0_335,0,0.459975,1
142,1,0.00673668,1
142,0,0.00682296,1
307,1,0.0055212,1
307,0,0.00636561,1
393,1,0.00747284,1
393,0,0.00599441,1
66,1,0.01043,1
66,0,0.0102876,1
186,1,0.00611376,1
186,0,0.0100002,1
108_BRANCH0_180,1,0.00894336,1
108_BRANCH0_180,0,0.00663604,1
99_BRANCH0_195,1,0.0104627,1
99_BRANCH0_195,0,0.0105633,1
112_BRANCH0_197,1,0.0104367,1
112_BRANCH0_197,0,0.0105851,1
11_BRANCH0_246,1,0.122473,1
11_BRANCH0_246,0,0.00722967,1
185,1,0.00539697,1
185,0,0.0104404,1
273,1,0.00561703,1
273,0,0.005473,1
213,1,0.006711,1
213,0,0.00600551,1
345,1,0.00619821,1
345,0,0.00702202,1
131_BRANCH0_188,1,0.010086,1
131_BRANCH0_188,0,0.0104482,1
69_BRANCH0_171,1,0.00896059,1
69_BRANCH0_171,0,0.00676837,1
69,1,0.0088665,1
69,0,0.00880936,1
404,1,0.00675064,1
404,0,0.00553304,1
14_BRANCH0_158,1,0.00996233,1
14_BRANCH0_158,0,0.010009,1
95,1,0.00856441,1
95,0,0.00843098,1
73_BRANCH0_344,1,0.0149011,1
73_BRANCH0_344,0,0.0104905,1
99,1,0.0109186,1
99,0,0.0108873,1
162_BRANCH0_230,1,0.00592153,1
162_BRANCH0_230,0,0.0068545,1
360_BRANCH0_378,1,0.00664041,1
360_BRANCH0_378,0,0.00631354,1
76_BRANCH0_142,1,0.00680947,1
76_BRANCH0_142,0,0.00674831,1
346,1,0.00608795,1
346,0,0.00678912,1
4_BRANCH0_380,1,0.0122496,1
4_BRANCH0_380,0,0.0139628,1
92,1,0.0103581,1
92,0,0.0103294,1
82_BRANCH0_174,1,0.00888196,1
82_BRANCH0_174,0,0.00681599,1
89_BRANCH0_258,1,0.00636713,1
89_BRANCH0_258,0,0.00733726,1
381_BRANCH0_416,1,0.00665257,1
381_BRANCH0_416,0,0.112891,1
82_BRANCH0_407,1,0.0200346,1
82_BRANCH0_407,0,0.0199162,1
301,1,0.00576798,1
301,0,0.0065183,1
86_BRANCH0_193,1,0.0105498,1
86_BRANCH0_193,0,0.0105169,1
309_BRANCH0_341,1,0.00816072,1
309_BRANCH0_341,0,0.00542099,1
89,1,0.00785299,1
89,0,0.00792823,1
260_BRANCH0_330,1,0.00593367,1
260_BRANCH0_330,0,0.00644783,1
285,1,0.00565046,1
285,0,0.00551562,1
309_BRANCH0_331,1,0.00613495,1
309_BRANCH0_331,0,0.00544766,1
251,1,0.00609763,1
251,0,0.00509288,1
386,1,0.0439969,1
386,0,0.00582206,1
95_BRANCH0_147,1,0.0116002,1
95_BRANCH0_147,0,0.0116124,1
276_BRANCH0_337,1,0.00626169,1
276_BRANCH0_337,0,0.46048,1
102,1,0.00486132,1
102,0,0.00482247,1
379,1,81.6144,0
379,0,0.00739141,1
95_BRANCH0_177,1,0.00902255,1
95_BRANCH0_177,0,0.00681101,1
319_BRANCH0_336,1,0.00558573,1
319_BRANCH0_336,0,0.00572985,1
404_BRANCH0_416,1,0.0127293,1
404_BRANCH0_416,0,0.115336,1
154_BRANCH0_224,1,0.00588837,1
154_BRANCH0_224,0,0.00659563,1
242,1,0.00729121,1
242,0,0.0065006,1
342,1,0.00610924,1
342,0,0.0291962,1
360_BRANCH0_377,1,0.00843311,1
360_BRANCH0_377,0,0.00783362,1
102_BRANCH0_150,1,0.00675681,1
102_BRANCH0_150,0,0.00676386,1
381_BRANCH0_432,1,0.00656209,1
381_BRANCH0_432,0,0.00592778,1
188,1,0.0056849,1
188,0,0.0103958,1
333,1,0.00596545,1
333,0,0.00537654,1
108_BRANCH0_151,1,0.0116428,1
108_BRANCH0_151,0,0.0117199,1
115_BRANCH0_198,1,0.0101624,1
115_BRANCH0_198,0,0.0101148,1
203_BRANCH0_247,1,0.00689856,1
203_BRANCH0_247,0,0.0059274,1
131_BRANCH0_187,1,0.0104461,1
131_BRANCH0_187,0,0.0121195,1
76,1,0.011253,1
76,0,0.0111581,1
108,1,11.139,1
108,0,11.1366,1
112,1,0.0090668,1
112,0,0.00893153,1
115_BRANCH0_379,1,0.0104496,1
115_BRANCH0_379,0,228.842,0
319_BRANCH0_334,1,0.00653187,1
319_BRANCH0_334,0,0.00542251,1
378,1,0.00640599,1
378,0,0.00671902,1
115,1,0.0105706,1
115,0,0.0105608,1
118,1,0.00680634,1
118,0,0.00672997,1
332,1,0.00598131,1
332,0,0.00543492,1
386_BRANCH0_431,1,0.00669253,1
386_BRANCH0_431,0,0.00549321,1
119_BRANCH0_157,1,0.0105113,1
119_BRANCH0_157,0,0.0122089,1
79_BRANCH0_376,1,0.0103142,1
79_BRANCH0_376,0,0.0102048,1
393_BRANCH0_425,1,0.00722509,1
393_BRANCH0_425,0,0.00577167,1
123_BRANCH0_183,1,0.0104967,1
123_BRANCH0_183,0,0.0120938,1
165_BRANCH0_233,1,0.00606191,1
165_BRANCH0_233,0,0.00700121,1
334,1,0.0104049,1
334,0,0.00620785,1
40_BRANCH0_186,1,0.0102865,1
40_BRANCH0_186,0,0.0101088,1
422_BRANCH0_432,1,0.00611148,1
422_BRANCH0_432,0,0.00530244,1
260,1,0.0055231,1
260,0,0.00561616,1
264_BRANCH0_296,1,0.00553414,1
264_BRANCH0_296,0,0.0054847,1
300,1,0.00573875,1
300,0,0.00581265,1
264_BRANCH0_331,1,0.00670457,1
264_BRANCH0_331,0,0.00556579,1
264,1,0.00556484,1
264,0,0.00553937,1
357,1,0.00518519,1
357,0,0.00561295,1
267_BRANCH0_332,1,0.00637879,1
267_BRANCH0_332,0,0.450549,1
267,1,0.00564557,1
267,0,0.00550082,1
270_BRANCH0_296,1,0.00546978,1
270_BRANCH0_296,0,0.0054913,1
352,1,0.00545412,1
352,0,0.00571955,1
270_BRANCH0_333,1,0.0064858,1
270_BRANCH0_333,0,0.464972,1
425_BRANCH0_432,1,0.00578601,1
425_BRANCH0_432,0,0.00552359,1
270,1,0.00549411,1
270,0,0.00556714,1
276_BRANCH0_296,1,0.00554689,1
276_BRANCH0_296,0,0.00549673,1
276,1,0.00555617,1
276,0,0.00550526,1
309_BRANCH0_330,1,0.0061781,1
309_BRANCH0_330,0,0.0053936,1
411_BRANCH0_420,1,0.00664422,1
411_BRANCH0_420,0,0.00558064,1
279_BRANCH0_296,1,0.00554959,1
279_BRANCH0_296,0,0.00547668,1
279_BRANCH0_339,1,0.00659782,1
279_BRANCH0_339,0,0.474572,1
279,1,0.00564011,1
279,0,0.00564996,1
282_BRANCH0_296,1,0.00546999,1
282_BRANCH0_296,0,0.005537,1
282_BRANCH0_341,1,0.00651799,1
282_BRANCH0_341,0,0.481582,1
282,1,0.00564407,1
282,0,0.00560126,1
288,1,0.00655985,1
288,0,0.00604083,1
290,1,0.00579901,1
290,0,0.00541615,1
291,1,0.00595406,1
291,0,0.0055173,1
292,1,0.00596456,1
292,0,0.00543975,1
293,1,0.00588587,1
293,0,0.00543334,1
295,1,0.00594382,1
295,0,0.00545397,1
296_BRANCH0_309,1,0.00530268,1
296_BRANCH0_309,0,0.00562328,1
296_BRANCH0_319,1,0.00554842,1
296_BRANCH0_319,0,0.00564884,1
296,1,0.00526033,1
296,0,0.00549365,1
302,1,0.00533965,1
302,0,0.00589285,1
303,1,0.0054698,1
303,0,0.00596633,1
305,1,0.00541057,1
305,0,0.00662988,1
309_BRANCH0_333,1,0.16921,1
309_BRANCH0_333,0,0.00539827,1
309_BRANCH0_339,1,0.0141459,1
309_BRANCH0_339,0,0.0054409,1
399_BRANCH0_428,1,0.00711507,1
399_BRANCH0_428,0,0.00656212,1
309_BRANCH0_343,1,0.00568122,1
309_BRANCH0_343,0,0.00543769,1
319_BRANCH0_345,1,0.0131465,1
319_BRANCH0_345,0,0.00617327,1
309,1,0.00566783,1
309,0,0.00539281,1
319_BRANCH0_340,1,0.228557,1
319_BRANCH0_340,0,0.00598152,1
319_BRANCH0_342,1,0.081268,1
319_BRANCH0_342,0,0.00617859,1
319_BRANCH0_344,1,0.0292847,1
319_BRANCH0_344,0,0.00615596,1
319_BRANCH0_346,1,0.00771459,1
319_BRANCH0_346,0,0.00619459,1
319_BRANCH0_347,1,0.00568309,1
319_BRANCH0_347,0,21.7801,0
331,1,0.0058823,1
331,0,0.00547357,1
319,1,0.00562685,1
319,0,0.00566926,1
329,1,0.00561382,1
329,0,0.00522649,1
336,1,0.00553241,1
336,0,0.00511043,1
357_BRANCH0_360,1,0.325852,1
357_BRANCH0_360,0,0.00575279,1
337,1,0.00597028,1
337,0,0.0054847,1
338,1,0.00614465,1
338,0,0.0431612,1
343,1,0.00586701,1
343,0,0.00547661,1
344,1,0.00610762,1
344,0,0.00684946,1
386_BRANCH0_422,1,0.00813119,1
386_BRANCH0_422,0,0.0326162,1
349,1,0.00530414,1
349,0,0.00566896,1
351,1,0.00552641,1
351,0,0.00572876,1
355,1,0.00559656,1
355,0,0.00572552,1
356,1,0.00556675,1
356,0,0.00574934,1
357_BRANCH0_370,1,0.00522268,1
357_BRANCH0_370,0,0.00565113,1
360_BRANCH0_371,1,0.00601635,1
360_BRANCH0_371,0,0.35885,1
360_BRANCH0_372,1,0.0057656,1
360_BRANCH0_372,0,0.00549464,1
360_BRANCH0_374,1,0.0984972,1
360_BRANCH0_374,0,0.0559859,1
360_BRANCH0_375,1,0.0509964,1
360_BRANCH0_375,0,0.0222754,1
360_BRANCH0_379,1,2.58409,1
360_BRANCH0_379,0,69.4929,0
370,1,0.00565976,1
370,0,0.00513425,1
371,1,0.0100342,1
371,0,0.00640235,1
372,1,0.00564531,1
372,0,0.00508323,1
373,1,0.00574071,1
373,0,0.0541317,1
374,1,0.0547186,1
374,0,0.00773596,1
375,1,0.0223555,1
375,0,0.0443798,1
376,1,0.0109671,1
376,0,0.00698103,1
377,1,0.00778476,1
377,0,0.00736787,1
380,1,0.014006,1
380,0,0.00277885,1
381_BRANCH0_430,1,0.00597126,1
381_BRANCH0_430,0,0.0053694,1
381_BRANCH0_431,1,0.00657726,1
381_BRANCH0_431,0,0.00539469,1
381,1,0.00507664,1
381,0,0.00582131,1
386_BRANCH0_429,1,0.00662933,1
386_BRANCH0_429,0,0.00568764,1
386_BRANCH0_430,1,0.0066285,1
386_BRANCH0_430,0,0.00554528,1
393_BRANCH0_416,1,0.112582,1
393_BRANCH0_416,0,0.114091,1
393_BRANCH0_417,1,0.00829455,1
393_BRANCH0_417,0,0.00559483,1
393_BRANCH0_428,1,0.0073253,1
393_BRANCH0_428,0,0.00639665,1
399_BRANCH0_416,1,0.031273,1
399_BRANCH0_416,0,0.113438,1
399_BRANCH0_425,1,0.00686413,1
399_BRANCH0_425,0,0.00568557,1
399_BRANCH0_430,1,0.00710772,1
399_BRANCH0_430,0,0.00555612,1
399,1,0.0379884,1
399,0,0.00630545,1
407_BRANCH0_416,1,0.00835106,1
407_BRANCH0_416,0,0.115498,1
407_BRANCH0_419,1,0.0069079,1
407_BRANCH0_419,0,0.00531024,1
407,1,0.0071594,1
407,0,0.00548239,1
411,1,0.00672635,1
411,0,0.0054972,1
414,1,0.00695229,1
414,0,0.136288,1
417,1,0.00551725,1
417,0,0.00788001,1
419,1,0.00587429,1
419,0,0.00680064,1
420,1,0.00546625,1
420,0,0.00654331,1
421,1,0.116667,1
421,0,0.00270625,1
422_BRANCH0_430,1,0.00601371,1
422_BRANCH0_430,0,0.00544116,1
422,1,0.00614833,1
422,0,0.00535047,1
425_BRANCH0_431,1,0.00579557,1
425_BRANCH0_431,0,0.0054772,1
425,1,0.00581004,1
425,0,0.00545787,1
428,1,0.00648669,1
428,0,0.00549564,1
429,1,0.00572085,1
429,0,0.00546555,1
430,1,0.00547402,1
430,0,0.00269098,1
431,1,0.00533238,1
431,0,0.00270522,1
