0.224231
16_BRANCH0_22,1,0.0289155,1
16_BRANCH0_22,0,0.0312279,1
11,1,0.0302894,1
11,0,0.0312201,1
11_BRANCH0_19,1,0.0249244,1
11_BRANCH0_19,0,0.0208542,1
11_BRANCH0_16,1,0.0234973,1
11_BRANCH0_16,0,0.0311826,1
7,1,0.000126778,1
7,0,0.000111058,1
6,1,0.000108307,1
6,0,0.000100753,1
19,1,8.7394e-05,1
19,0,6.6371e-05,1
3_BRANCH0_11,1,0.000102183,1
3_BRANCH0_11,0,0.000102296,1
16_BRANCH0_23,1,8.0043e-05,1
16_BRANCH0_23,0,8.7872e-05,1
10,1,7.3038e-05,1
10,0,5.7845e-05,1
3_BRANCH0_10,1,7.139e-05,1
3_BRANCH0_10,0,7.6911e-05,1
2,1,5.3249e-05,1
2,0,7.3873e-05,1
3,1,0.000102943,1
3,0,0.000103796,1
16,1,5.823e-05,1
16,0,8.0737e-05,1
1,1,7.1951e-05,1
1,0,6.928e-05,1
22,1,5.1935e-05,1
22,0,5.8083e-05,1
23,1,8.1607e-05,1
23,0,6.1946e-05,1
