0.00279719
16_BRANCH0_22,1,0.000189172,1
16_BRANCH0_22,0,6.7475e-05,1
11,1,0.00010094,1
11,0,8.8395e-05,1
11_BRANCH0_19,1,8.0762e-05,1
11_BRANCH0_19,0,8.3127e-05,1
11_BRANCH0_16,1,7.8265e-05,1
11_BRANCH0_16,0,6.6406e-05,1
7,1,8.0959e-05,1
7,0,7.833e-05,1
6,1,9.7006e-05,1
6,0,9.544e-05,1
19,1,8.0297e-05,1
19,0,5.5103e-05,1
3_BRANCH0_11,1,9.709e-05,1
3_BRANCH0_11,0,9.8949e-05,1
16_BRANCH0_23,1,7.8853e-05,1
16_BRANCH0_23,0,8.8611e-05,1
10,1,7.4486e-05,1
10,0,5.7229e-05,1
3_BRANCH0_10,1,7.388e-05,1
3_BRANCH0_10,0,7.1015e-05,1
2,1,7.6215e-05,1
2,0,7.3877e-05,1
3,1,9.9682e-05,1
3,0,0.000107921,1
16,1,8.1122e-05,1
16,0,8.0502e-05,1
1,1,7.1516e-05,1
1,0,6.9848e-05,1
22,1,5.7205e-05,1
22,0,5.9237e-05,1
23,1,8.1786e-05,1
23,0,5.6494e-05,1
