0.00309831
16_BRANCH0_22,1,0.000118853,1
16_BRANCH0_22,0,0.000101271,1
11,1,9.2615e-05,1
11,0,9.3984e-05,1
11_BRANCH0_19,1,7.5459e-05,1
11_BRANCH0_19,0,9.0544e-05,1
11_BRANCH0_16,1,7.4325e-05,1
11_BRANCH0_16,0,0.000111531,1
7,1,9.557e-05,1
7,0,8.4873e-05,1
6,1,8.9177e-05,1
6,0,9.0094e-05,1
19,1,9.3299e-05,1
19,0,7.2619e-05,1
3_BRANCH0_11,1,8.8353e-05,1
3_BRANCH0_11,0,9.1531e-05,1
16_BRANCH0_23,1,9.6683e-05,1
16_BRANCH0_23,0,7.1344e-05,1
10,1,9.2573e-05,1
10,0,7.6502e-05,1
3_BRANCH0_10,1,7.1182e-05,1
3_BRANCH0_10,0,9.2752e-05,1
2,1,0.000117004,1
2,0,0.000115046,1
3,1,9.3488e-05,1
3,0,9.2304e-05,1
16,1,0.000114737,1
16,0,8.2075e-05,1
1,1,9.3977e-05,1
1,0,9.3217e-05,1
22,1,7.4778e-05,1
22,0,9.3104e-05,1
23,1,7.9167e-05,1
23,0,8.4283e-05,1
