0.00504699
m_BRANCH0_q,1,0.000162845,1
m_BRANCH0_q,0,9.1829e-05,0
m_BRANCH0_Z,1,8.4911e-05,1
m_BRANCH0_Z,0,0.000122074,1
d_BRANCH0_X,1,0.000100609,1
d_BRANCH0_X,0,8.6695e-05,0
d_BRANCH0_r,1,8.3524e-05,1
d_BRANCH0_r,0,9.4538e-05,1
X,1,8.7394e-05,0
X,0,3.8326e-05,1
m_BRANCH0_r,1,8.9009e-05,1
m_BRANCH0_r,0,9.0403e-05,1
B,1,0.000117249,1
B,0,0.000118682,1
d,1,0.000118813,1
d,0,0.000132448,1
d_BRANCH0_m,1,0.000118124,1
d_BRANCH0_m,0,9.0282e-05,1
s_BRANCH0_v,1,9.9743e-05,0
s_BRANCH0_v,0,0.000124933,1
B_BRANCH0_m,1,4.786e-05,0
B_BRANCH0_m,0,8.3552e-05,1
B_BRANCH0_v,1,4.5871e-05,0
B_BRANCH0_v,0,0.000105125,1
C,1,0.000167912,1
C,0,0.000169808,1
s_BRANCH0_Y,1,9.8393e-05,0
s_BRANCH0_Y,0,9.3729e-05,1
B_BRANCH0_d,1,9.0504e-05,1
B_BRANCH0_d,0,0.000113929,1
A,1,0.000118914,1
A,0,0.000117744,1
m,1,9.6019e-05,1
m,0,0.000114134,1
r_BRANCH0_s,1,9.3955e-05,1
r_BRANCH0_s,0,9.8914e-05,0
Y,1,8.8115e-05,0
Y,0,8.6942e-05,1
r_BRANCH0_X,1,9.531e-05,1
r_BRANCH0_X,0,9.5187e-05,0
Z,1,0.000110484,1
Z,0,9.6895e-05,1
r,1,0.000100726,1
r,0,9.6455e-05,0
q,1,7.9072e-05,0
q,0,9.0165e-05,1
s,1,9.8789e-05,0
s,0,8.9047e-05,1
v,1,0.000100614,0
v,0,0.000110393,1
