525.904
254,1,0.000990549,1
254,0,0.00104462,1
415,1,0.00112961,1
415,0,0.00138656,1
250,1,0.00110788,1
250,0,0.00106522,1
341,1,0.00108642,1
341,0,0.000963495,1
247,1,0.00108604,1
247,0,0.000960718,1
236_BRANCH0_273,1,0.00111483,1
236_BRANCH0_273,0,0.00100722,1
247_BRANCH0_282,1,0.00108539,1
247_BRANCH0_282,0,0.00100364,1
246,1,0.00102704,1
246,0,0.00104526,1
157,1,0.00155396,1
157,0,0.00134825,1
30_BRANCH0_386,1,0.00138386,1
30_BRANCH0_386,0,0.00145474,1
243_BRANCH0_293,1,0.00125793,1
243_BRANCH0_293,0,0.00102314,1
273_BRANCH0_296,1,0.00100559,1
273_BRANCH0_296,0,0.000880382,1
243_BRANCH0_279,1,0.00106369,1
243_BRANCH0_279,0,0.00100782,1
239,1,0.00106856,1
239,0,0.00101677,1
239_BRANCH0_276,1,0.00111796,1
239_BRANCH0_276,0,0.00101754,1
236,1,0.00107218,1
236,0,0.0010102,1
411_BRANCH0_416,1,0.00108197,1
411_BRANCH0_416,0,4.90842,1
233_BRANCH0_270,1,0.00111025,1
233_BRANCH0_270,0,0.000982804,1
230,1,0.00102769,1
230,0,0.000970747,1
199_BRANCH0_223,1,0.000715279,1
199_BRANCH0_223,0,0.0006419,1
230_BRANCH0_289,1,0.00105864,1
230_BRANCH0_289,0,0.000993874,1
230_BRANCH0_267,1,0.00107437,1
230_BRANCH0_267,0,0.000980438,1
27,1,0.00125034,1
27,0,0.0012813,1
224,1,0.069607,1
224,0,0.00162213,1
134,1,0.0011739,1
134,0,0.00112661,1
223,1,0.000727318,1
223,0,0.000619924,1
130,1,0.00100749,1
130,0,0.00108394,1
213_BRANCH0_259,1,0.000968489,1
213_BRANCH0_259,0,11.1102,0
213_BRANCH0_254,1,0.000832801,1
213_BRANCH0_254,0,0.00114144,1
213_BRANCH0_242,1,0.0698683,1
213_BRANCH0_242,0,0.00107774,1
203,1,0.000959413,1
203,0,17.2749,1
203_BRANCH0_251,1,0.00109222,1
203_BRANCH0_251,0,0.000978096,1
191,1,0.00149786,1
191,0,0.00133738,1
203_BRANCH0_243,1,0.00106262,1
203_BRANCH0_243,0,0.000981885,1
171_BRANCH0_239,1,0.00129969,1
171_BRANCH0_239,0,0.0696107,1
416,1,0.00104821,1
416,0,4.81131,1
251_BRANCH0_295,1,0.00190001,1
251_BRANCH0_295,0,0.000984226,1
203_BRANCH0_236,1,0.00104614,1
203_BRANCH0_236,0,0.000977973,1
203_BRANCH0_230,1,0.00107713,1
203_BRANCH0_230,0,0.000983986,1
203_BRANCH0_227,1,0.000903712,1
203_BRANCH0_227,0,0.000919478,1
257,1,0.00110918,1
257,0,0.00107063,1
138,1,0.0011967,1
138,0,0.0010985,1
34_BRANCH0_185,1,0.00132062,1
34_BRANCH0_185,0,0.00136185,1
66_BRANCH0_375,1,0.0367663,1
66_BRANCH0_375,0,0.0161082,1
203_BRANCH0_224,1,0.06985,1
203_BRANCH0_224,0,0.000975703,1
40_BRANCH0_373,1,0.402123,1
40_BRANCH0_373,0,0.0270908,1
199,1,0.000861605,1
199,0,0.000695282,1
69_BRANCH0_139,1,0.0017634,1
69_BRANCH0_139,0,0.00142779,1
86_BRANCH0_345,1,0.00272784,1
86_BRANCH0_345,0,0.00161314,1
296_BRANCH0_329,1,0.000819726,1
296_BRANCH0_329,0,0.000781099,1
197,1,0.00146729,1
197,0,0.00137591,1
196,1,0.00151128,1
196,0,0.00136428,1
123_BRANCH0_184,1,0.00138232,1
123_BRANCH0_184,0,0.00188064,1
195,1,0.00158238,1
195,0,0.00138168,1
192,1,0.00150766,1
192,0,0.00137386,1
189,1,0.00155608,1
189,0,0.001387,1
308,1,0.00111744,1
308,0,0.00101388,1
203_BRANCH0_233,1,0.00106845,1
203_BRANCH0_233,0,0.000993323,1
386_BRANCH0_416,1,0.00106834,1
386_BRANCH0_416,0,4.68677,1
386_BRANCH0_425,1,0.00107726,1
386_BRANCH0_425,0,0.00131239,1
187,1,0.00154911,1
187,0,0.00141527,1
158,1,0.00151912,1
158,0,0.00131892,1
251_BRANCH0_285,1,0.00176425,1
251_BRANCH0_285,0,0.000991605,1
184,1,0.00148022,1
184,0,0.00137075,1
285_BRANCH0_296,1,0.0010207,1
285_BRANCH0_296,0,0.000833943,1
183,1,0.00146353,1
183,0,0.00140627,1
73,1,0.00732397,1
73,0,0.00734948,1
180_BRANCH0_251,1,0.00134911,1
180_BRANCH0_251,0,0.0706225,1
263,1,0.00171661,1
263,0,0.00102439,1
180_BRANCH0_199,1,0.00118952,1
180_BRANCH0_199,0,0.000745378,1
177,1,0.00107648,1
177,0,0.000754603,1
139,1,0.00127112,1
139,0,0.00189989,1
309_BRANCH0_337,1,0.00109078,1
309_BRANCH0_337,0,0.000999771,1
227_BRANCH0_264,1,0.00110298,1
227_BRANCH0_264,0,0.000949398,1
168_BRANCH0_199,1,0.0011528,1
168_BRANCH0_199,0,0.000753819,1
174,1,0.00108314,1
174,0,0.000759601,1
34_BRANCH0_338,1,0.418064,1
34_BRANCH0_338,0,0.00157981,1
174_BRANCH0_199,1,0.0012264,1
174_BRANCH0_199,0,0.000752387,1
171,1,0.00108673,1
171,0,0.000760074,1
95_BRANCH0_411,1,0.00129407,1
95_BRANCH0_411,0,0.00148787,1
174_BRANCH0_243,1,0.00139103,1
174_BRANCH0_243,0,0.0696643,1
224_BRANCH0_263,1,0.0704916,1
224_BRANCH0_263,0,0.00168412,1
180,1,0.00121347,1
180,0,0.000759864,1
168,1,0.00108928,1
168,0,0.000760851,1
165,1,0.00109609,1
165,0,0.000761269,1
162,1,0.00109322,1
162,0,0.000761134,1
159_BRANCH0_227,1,0.00126064,1
159_BRANCH0_227,0,0.0697005,1
21_BRANCH0_183,1,0.00136971,1
21_BRANCH0_183,0,0.00138702,1
213_BRANCH0_256,1,0.00106523,1
213_BRANCH0_256,0,0.00117654,1
4,1,0.00130802,1
4,0,0.00126519,1
154,1,0.00117189,1
154,0,0.000758848,1
159_BRANCH0_199,1,0.00112037,1
159_BRANCH0_199,0,0.000753807,1
194,1,0.00141465,1
194,0,0.00138633,1
154_BRANCH0_199,1,0.00121881,1
154_BRANCH0_199,0,0.000751272,1
151,1,0.00127024,1
151,0,0.00192009,1
47_BRANCH0_340,1,0.106982,1
47_BRANCH0_340,0,0.00165998,1
122,1,0.00123772,1
122,0,0.00112528,1
151_BRANCH0_198,1,0.00127977,1
151_BRANCH0_198,0,0.00192035,1
1_BRANCH0_242,1,0.0669717,1
1_BRANCH0_242,0,0.00133065,1
47_BRANCH0_187,1,0.00146549,1
47_BRANCH0_187,0,0.00139995,1
150,1,0.00120634,1
150,0,0.00112586,1
147,1,0.00131057,1
147,0,0.00190141,1
147_BRANCH0_195,1,0.00144472,1
147_BRANCH0_195,0,0.00191336,1
233_BRANCH0_290,1,0.00128017,1
233_BRANCH0_290,0,0.00105518,1
146,1,0.00116998,1
146,0,0.00112954,1
360,1,0.00101348,1
360,0,15.2693,1
171_BRANCH0_199,1,0.00123975,1
171_BRANCH0_199,0,0.000760702,1
143_BRANCH0_194,1,0.00127224,1
143_BRANCH0_194,0,0.00192028,1
255,1,0.00121766,1
255,0,0.00107736,1
139_BRANCH0_191,1,0.00141403,1
139_BRANCH0_191,0,0.0019816,1
213_BRANCH0_255,1,0.00110433,1
213_BRANCH0_255,0,0.00118629,1
79_BRANCH0_192,1,0.00138006,1
79_BRANCH0_192,0,0.00140899,1
199_BRANCH0_213,1,0.00111758,1
199_BRANCH0_213,0,0.00109007,1
340,1,0.00132432,1
340,0,0.00104738,1
348,1,0.00170815,1
348,0,0.00102525,1
135,1,0.00138711,1
135,0,0.00189597,1
213_BRANCH0_250,1,0.00109998,1
213_BRANCH0_250,0,0.00116915,1
151_BRANCH0_197,1,0.00141004,1
151_BRANCH0_197,0,0.00190197,1
360_BRANCH0_373,1,0.00113211,1
360_BRANCH0_373,0,0.412808,1
135_BRANCH0_190,1,0.00138602,1
135_BRANCH0_190,0,0.00189999,1
309_BRANCH0_332,1,0.00109926,1
309_BRANCH0_332,0,0.000999126,1
350,1,0.000975576,1
350,0,0.000999837,1
135_BRANCH0_189,1,0.00138261,1
135_BRANCH0_189,0,0.00190746,1
131,1,0.00146788,1
131,0,0.00190833,1
127,1,0.0014591,1
127,0,0.00189604,1
335,1,0.00117736,1
335,0,0.000989184,1
227,1,0.00109307,1
227,0,0.000977008,1
213_BRANCH0_246,1,0.00100085,1
213_BRANCH0_246,0,0.0351877,1
79,1,0.00981934,1
79,0,0.00973958,1
177_BRANCH0_247,1,0.00137539,1
177_BRANCH0_247,0,0.06983,1
56,1,0.00147401,1
56,0,0.00146758,1
56_BRANCH0_168,1,0.00125387,1
56_BRANCH0_168,0,0.00113981,1
53,1,0.145272,1
53,0,0.142579,1
159,1,0.00124431,1
159,0,0.000768308,1
8_BRANCH0_334,1,0.401282,1
8_BRANCH0_334,0,0.397676,1
53_BRANCH0_188,1,0.00144339,1
53_BRANCH0_188,0,0.00141506,1
50,1,0.00137778,1
50,0,0.00135549,1
50_BRANCH0_255,1,0.00185083,1
50_BRANCH0_255,0,0.00155708,1
227_BRANCH0_288,1,0.00129205,1
227_BRANCH0_288,0,0.000952207,1
393_BRANCH0_429,1,30.0147,0
393_BRANCH0_429,0,0.000963838,1
50_BRANCH0_134,1,0.00121858,1
50_BRANCH0_134,0,0.00112793,1
27_BRANCH0_184,1,0.00129497,1
27_BRANCH0_184,0,0.00140273,1
40,1,0.397085,1
40,0,0.39215,1
309_BRANCH0_335,1,0.00105287,1
309_BRANCH0_335,0,0.00101888,1
73_BRANCH0_191,1,0.00138655,1
73_BRANCH0_191,0,0.00139833,1
247_BRANCH0_294,1,0.00123169,1
247_BRANCH0_294,0,0.00103345,1
37_BRANCH0_254,1,0.00193172,1
37_BRANCH0_254,0,0.00157583,1
224_BRANCH0_260,1,0.0701755,1
224_BRANCH0_260,0,0.00167155,1
239_BRANCH0_292,1,0.00122614,1
239_BRANCH0_292,0,0.00103563,1
108_BRANCH0_414,1,0.00142288,1
108_BRANCH0_414,0,0.00152677,1
199_BRANCH0_203,1,17.0813,1
199_BRANCH0_203,0,0.000990229,1
119,1,0.00132833,1
119,0,0.00190744,1
258,1,0.00121346,1
258,0,0.00109793,1
177_BRANCH0_199,1,0.00122286,1
177_BRANCH0_199,0,0.000766416,1
14,1,5.90466,1
14,0,5.80444,1
30,1,0.00147635,1
30,0,0.00146413,1
319_BRANCH0_338,1,0.00109901,1
319_BRANCH0_338,0,0.00128389,1
56_BRANCH0_399,1,0.00139198,1
56_BRANCH0_399,0,0.00147413,1
127_BRANCH0_186,1,0.0014294,1
127_BRANCH0_186,0,0.00191165,1
43_BRANCH0_393,1,0.00148245,1
43_BRANCH0_393,0,0.00149497,1
17,1,0.00145378,1
17,0,0.00144455,1
11,1,0.00123522,1
11,0,0.00111828,1
236_BRANCH0_291,1,0.00114935,1
236_BRANCH0_291,0,0.0010286,1
69_BRANCH0_404,1,0.00141376,1
69_BRANCH0_404,0,0.00151896,1
37_BRANCH0_130,1,0.00128138,1
37_BRANCH0_130,0,0.00113983,1
233,1,0.00104117,1
233,0,0.00102826,1
11_BRANCH0_122,1,0.00119725,1
11_BRANCH0_122,0,0.00113157,1
360_BRANCH0_376,1,0.00102768,1
360_BRANCH0_376,0,0.00986704,1
213_BRANCH0_257,1,0.00108782,1
213_BRANCH0_257,0,0.00118178,1
17_BRANCH0_123,1,0.00193033,1
17_BRANCH0_123,0,0.00145907,1
294,1,0.00104927,1
294,0,0.00110452,1
30_BRANCH0_127,1,0.00192968,1
30_BRANCH0_127,0,0.00146704,1
162_BRANCH0_199,1,0.00122446,1
162_BRANCH0_199,0,0.000767792,1
60,1,0.02502,1
60,0,0.0255889,1
105_BRANCH0_196,1,0.00143029,1
105_BRANCH0_196,0,0.00140885,1
267_BRANCH0_296,1,0.00106958,1
267_BRANCH0_296,0,0.000897688,1
56_BRANCH0_135,1,0.0018322,1
56_BRANCH0_135,0,0.00145866,1
418,1,0.00109735,1
418,0,0.00108478,1
24,1,0.00133905,1
24,0,0.00132816,1
63_BRANCH0_256,1,0.00180615,1
63_BRANCH0_256,0,0.0015853,1
168_BRANCH0_236,1,0.00143832,1
168_BRANCH0_236,0,0.0689671,1
347,1,22.5346,0
347,0,0.000909271,1
60_BRANCH0_189,1,0.00142739,1
60_BRANCH0_189,0,0.00140602,1
24_BRANCH0_250,1,0.00200409,1
24_BRANCH0_250,0,0.00156744,1
127_BRANCH0_185,1,0.00147522,1
127_BRANCH0_185,0,0.00192177,1
213_BRANCH0_258,1,0.00113413,1
213_BRANCH0_258,0,0.00124132,1
256,1,0.00116711,1
256,0,0.00109274,1
34,1,0.420693,1
34,0,0.413883,1
259,1,10.9652,0
259,0,0.000905762,1
37,1,0.0013659,1
37,0,0.00132869,1
89_BRANCH0_146,1,0.00122815,1
89_BRANCH0_146,0,0.0011424,1
119_BRANCH0_158,1,0.00125509,1
119_BRANCH0_158,0,0.00190293,1
1,1,0.0670169,1
1,0,0.0679517,1
76_BRANCH0_257,1,0.00161619,1
76_BRANCH0_257,0,0.00158056,1
43_BRANCH0_131,1,0.00196593,1
43_BRANCH0_131,0,0.0014637,1
17_BRANCH0_381,1,0.00139199,1
17_BRANCH0_381,0,0.00144525,1
4_BRANCH0_154,1,0.00124486,1
4_BRANCH0_154,0,0.00113848,1
63,1,0.00126526,1
63,0,0.00134964,1
123,1,0.00142445,1
123,0,0.0019204,1
14_BRANCH0_371,1,4.54506,1
14_BRANCH0_371,0,4.58696,1
147_BRANCH0_196,1,0.00146234,1
147_BRANCH0_196,0,0.00193197,1
99_BRANCH0_346,1,0.00171246,1
99_BRANCH0_346,0,0.00163378,1
353,1,0.00104045,1
353,0,0.00100314,1
82_BRANCH0_143,1,0.00189181,1
82_BRANCH0_143,0,0.00146593,1
354,1,0.00101325,1
354,0,0.00101047,1
126,1,0.00120579,1
126,0,0.00114543,1
30_BRANCH0_162,1,0.00114463,1
30_BRANCH0_162,0,0.00115568,1
165_BRANCH0_199,1,0.00114019,1
165_BRANCH0_199,0,0.000772115,1
285_BRANCH0_343,1,0.000908561,1
285_BRANCH0_343,0,0.00100019,1
53_BRANCH0_374,1,0.143474,1
53_BRANCH0_374,0,0.0573508,1
1_BRANCH0_118,1,0.00127962,1
1_BRANCH0_118,0,0.001135,1
143,1,0.00133356,1
143,0,0.00192227,1
304,1,0.00119675,1
304,0,0.00107918,1
112_BRANCH0_347,1,0.00142368,1
112_BRANCH0_347,0,20.5471,0
60_BRANCH0_342,1,0.024692,1
60_BRANCH0_342,0,0.00159194,1
330,1,1.94374,1
330,0,0.407219,1
86,1,0.00279816,1
86,0,0.00280461,1
243,1,0.00116558,1
243,0,0.00102223,1
17_BRANCH0_159,1,0.00120893,1
17_BRANCH0_159,0,0.001156,1
92_BRANCH0_194,1,0.00131291,1
92_BRANCH0_194,0,0.00142152,1
43,1,0.00147648,1
43,0,0.00150068,1
8_BRANCH0_157,1,0.00143515,1
8_BRANCH0_157,0,0.00138532,1
198,1,0.00155989,1
198,0,0.00138807,1
8,1,0.48103,1
8,0,0.483858,1
21_BRANCH0_336,1,0.00139255,1
21_BRANCH0_336,0,0.00151367,1
21,1,0.00140373,1
21,0,0.00136594,1
339,1,0.00113381,1
339,0,0.000998885,1
105,1,0.0048026,1
105,0,0.00488002,1
43_BRANCH0_165,1,0.00128108,1
43_BRANCH0_165,0,0.00116319,1
143_BRANCH0_193,1,0.0013325,1
143_BRANCH0_193,0,0.00192371,1
82,1,0.00151634,1
82,0,0.00152606,1
24_BRANCH0_126,1,0.00129552,1
24_BRANCH0_126,0,0.00114713,1
92_BRANCH0_377,1,0.0168294,1
92_BRANCH0_377,0,0.0159341,1
4_BRANCH0_119,1,0.0019792,1
4_BRANCH0_119,0,0.00145527,1
260_BRANCH0_296,1,0.00166547,1
260_BRANCH0_296,0,0.000946601,1
289,1,0.000988112,1
289,0,0.00111547,1
27_BRANCH0_372,1,0.00127394,1
27_BRANCH0_372,0,0.00144524,1
407_BRANCH0_429,1,0.00114984,1
407_BRANCH0_429,0,0.00117139,1
193,1,0.00156043,1
193,0,0.00142136,1
190,1,0.00154723,1
190,0,0.00140299,1
139_BRANCH0_192,1,0.00142816,1
139_BRANCH0_192,0,0.00193521,1
306,1,0.00121962,1
306,0,0.00107099,1
404_BRANCH0_418,1,0.00104341,1
404_BRANCH0_418,0,0.00113437,1
432,1,0.00112357,1
432,0,0.00105214,1
63_BRANCH0_138,1,0.00121004,1
63_BRANCH0_138,0,0.00114941,1
47,1,0.104987,1
47,0,0.105405,1
105_BRANCH0_378,1,0.00483571,1
105_BRANCH0_378,0,0.0045937,1
203_BRANCH0_239,1,0.00116358,1
203_BRANCH0_239,0,0.00101799,1
102_BRANCH0_259,1,0.00151148,1
102_BRANCH0_259,0,10.9892,0
66_BRANCH0_190,1,0.0012723,1
66_BRANCH0_190,0,0.00137948,1
273_BRANCH0_335,1,0.00106781,1
273_BRANCH0_335,0,0.0010127,1
142,1,0.00120946,1
142,0,0.0011502,1
307,1,0.00104861,1
307,0,0.0010723,1
393,1,0.00106327,1
393,0,0.0135579,1
66,1,0.0370904,1
66,0,0.0370128,1
186,1,0.00157989,1
186,0,0.00140833,1
108_BRANCH0_180,1,0.00125485,1
108_BRANCH0_180,0,0.0010527,1
99_BRANCH0_195,1,0.00132676,1
99_BRANCH0_195,0,0.00141576,1
112_BRANCH0_197,1,0.00140562,1
112_BRANCH0_197,0,0.0014075,1
11_BRANCH0_246,1,0.00148408,1
11_BRANCH0_246,0,0.00153141,1
185,1,0.0016358,1
185,0,0.00143499,1
273,1,0.00106535,1
273,0,0.000910518,1
213,1,0.00101726,1
213,0,0.00111845,1
345,1,0.0013074,1
345,0,0.00109509,1
131_BRANCH0_188,1,0.00142026,1
131_BRANCH0_188,0,0.00192015,1
69_BRANCH0_171,1,0.00129528,1
69_BRANCH0_171,0,0.00116379,1
69,1,0.00138481,1
69,0,0.00152968,1
404,1,0.0011571,1
404,0,0.00111189,1
14_BRANCH0_158,1,0.00133287,1
14_BRANCH0_158,0,0.00135413,1
95,1,0.00146772,1
95,0,0.0015295,1
73_BRANCH0_344,1,0.00726665,1
73_BRANCH0_344,0,0.00166184,1
99,1,0.00174082,1
99,0,0.00173456,1
162_BRANCH0_230,1,0.00143385,1
162_BRANCH0_230,0,0.0691914,1
360_BRANCH0_378,1,0.00123423,1
360_BRANCH0_378,0,0.00460228,1
76_BRANCH0_142,1,0.00124834,1
76_BRANCH0_142,0,0.00114912,1
346,1,0.00119622,1
346,0,0.0010877,1
4_BRANCH0_380,1,0.00142616,1
4_BRANCH0_380,0,0.00134753,1
92,1,0.0170819,1
92,0,0.0171573,1
82_BRANCH0_174,1,0.00128167,1
82_BRANCH0_174,0,0.00116728,1
89_BRANCH0_258,1,0.00154129,1
89_BRANCH0_258,0,0.00160214,1
381_BRANCH0_416,1,0.00118485,1
381_BRANCH0_416,0,4.60657,1
82_BRANCH0_407,1,0.00146896,1
82_BRANCH0_407,0,0.00152795,1
301,1,0.00117018,1
301,0,0.00100242,1
86_BRANCH0_193,1,0.00138325,1
86_BRANCH0_193,0,0.00142928,1
309_BRANCH0_341,1,0.00104418,1
309_BRANCH0_341,0,0.0010241,1
89,1,0.00136201,1
89,0,0.00143044,1
260_BRANCH0_330,1,0.00170098,1
260_BRANCH0_330,0,1.91866,1
285,1,0.00108237,1
285,0,0.000912034,1
309_BRANCH0_331,1,0.00097148,1
309_BRANCH0_331,0,0.000951713,1
251,1,0.0017239,1
251,0,0.00102392,1
386,1,0.00105054,1
386,0,0.0267318,1
95_BRANCH0_147,1,0.00193008,1
95_BRANCH0_147,0,0.00147193,1
276_BRANCH0_337,1,0.00106047,1
276_BRANCH0_337,0,0.00101129,1
102,1,0.00134864,1
102,0,0.00138925,1
379,1,81.044,0
379,0,0.000954329,1
95_BRANCH0_177,1,0.0012559,1
95_BRANCH0_177,0,0.00115922,1
319_BRANCH0_336,1,0.0010453,1
319_BRANCH0_336,0,0.00116111,1
404_BRANCH0_416,1,0.00109279,1
404_BRANCH0_416,0,4.68138,1
154_BRANCH0_224,1,0.00141901,1
154_BRANCH0_224,0,0.0704661,1
242,1,0.00148478,1
242,0,0.000999727,1
342,1,0.00119846,1
342,0,0.00107319,1
360_BRANCH0_377,1,0.00119522,1
360_BRANCH0_377,0,0.0203292,1
102_BRANCH0_150,1,0.00133179,1
102_BRANCH0_150,0,0.00121393,1
381_BRANCH0_432,1,0.00105487,1
381_BRANCH0_432,0,0.00126559,1
188,1,0.00175473,1
188,0,0.00141971,1
333,1,0.00116097,1
333,0,0.00100383,1
108_BRANCH0_151,1,0.00191281,1
108_BRANCH0_151,0,0.00146908,1
115_BRANCH0_198,1,0.00139584,1
115_BRANCH0_198,0,0.00141099,1
203_BRANCH0_247,1,0.00113982,1
203_BRANCH0_247,0,0.00104765,1
131_BRANCH0_187,1,0.00137454,1
131_BRANCH0_187,0,0.00192943,1
76,1,0.00141903,1
76,0,0.00137043,1
108,1,0.00148137,1
108,0,0.00154669,1
112,1,0.00151349,1
112,0,0.00146934,1
115_BRANCH0_379,1,0.00162845,1
115_BRANCH0_379,0,48.5465,0
319_BRANCH0_334,1,2.02037,1
319_BRANCH0_334,0,0.423689,1
378,1,0.00458651,1
378,0,0.00112999,1
115,1,0.00166774,1
115,0,0.00170011,1
118,1,0.00128187,1
118,0,0.0011533,1
332,1,0.00105831,1
332,0,0.00100101,1
386_BRANCH0_431,1,0.00104688,1
386_BRANCH0_431,0,0.00113881,1
119_BRANCH0_157,1,0.00139658,1
119_BRANCH0_157,0,0.00192646,1
79_BRANCH0_376,1,0.009798,1
79_BRANCH0_376,0,0.00474382,1
393_BRANCH0_425,1,0.00114616,1
393_BRANCH0_425,0,0.00133146,1
123_BRANCH0_183,1,0.00141068,1
123_BRANCH0_183,0,0.00194289,1
165_BRANCH0_233,1,0.00144905,1
165_BRANCH0_233,0,0.0691609,1
334,1,0.40146,1
334,0,0.00105932,1
40_BRANCH0_186,1,0.00135226,1
40_BRANCH0_186,0,0.00143373,1
422_BRANCH0_432,1,0.0015448,1
422_BRANCH0_432,0,0.00105057,1
260,1,0.00163973,1
260,0,0.000958237,1
264_BRANCH0_296,1,0.000918898,1
264_BRANCH0_296,0,0.000909647,1
300,1,0.000969586,1
300,0,0.0016604,1
264_BRANCH0_331,1,0.000980659,1
264_BRANCH0_331,0,0.000995437,1
264,1,0.000977038,1
264,0,0.000906198,1
357,1,0.000779553,1
357,0,0.000916231,1
267_BRANCH0_332,1,0.00101091,1
267_BRANCH0_332,0,0.0010071,1
267,1,0.00104726,1
267,0,0.000912723,1
270_BRANCH0_296,1,0.000985003,1
270_BRANCH0_296,0,0.000903885,1
352,1,0.000942137,1
352,0,0.00101407,1
270_BRANCH0_333,1,0.00103088,1
270_BRANCH0_333,0,0.00101359,1
425_BRANCH0_432,1,0.00131698,1
425_BRANCH0_432,0,0.00110779,1
270,1,0.00105795,1
270,0,0.000915829,1
276_BRANCH0_296,1,0.000982899,1
276_BRANCH0_296,0,0.000915056,1
276,1,0.000996357,1
276,0,0.000912498,1
309_BRANCH0_330,1,1.92542,1
309_BRANCH0_330,0,0.405263,1
411_BRANCH0_420,1,0.00111056,1
411_BRANCH0_420,0,0.00111796,1
279_BRANCH0_296,1,0.00104714,1
279_BRANCH0_296,0,0.000912273,1
279_BRANCH0_339,1,0.000978248,1
279_BRANCH0_339,0,0.00101772,1
279,1,0.00104531,1
279,0,0.000916624,1
282_BRANCH0_296,1,0.000982818,1
282_BRANCH0_296,0,0.000913519,1
282_BRANCH0_341,1,0.000979804,1
282_BRANCH0_341,0,0.00101763,1
282,1,0.00104084,1
282,0,0.000917865,1
288,1,0.000914752,1
288,0,0.00107713,1
290,1,0.00109828,1
290,0,0.0011348,1
291,1,0.00108115,1
291,0,0.00112327,1
292,1,0.00108978,1
292,0,0.00112702,1
293,1,0.00108515,1
293,0,0.00111823,1
295,1,0.00106928,1
295,0,0.00111565,1
296_BRANCH0_309,1,0.00100341,1
296_BRANCH0_309,0,0.00102673,1
296_BRANCH0_319,1,0.0243606,1
296_BRANCH0_319,0,0.00108438,1
296,1,0.000840787,1
296,0,0.000829837,1
302,1,0.00107719,1
302,0,0.00108018,1
303,1,0.00113698,1
303,0,0.00109762,1
305,1,0.00112639,1
305,0,0.00108003,1
309_BRANCH0_333,1,0.00103814,1
309_BRANCH0_333,0,0.00103919,1
309_BRANCH0_339,1,0.00101831,1
309_BRANCH0_339,0,0.00102735,1
399_BRANCH0_428,1,0.00107074,1
399_BRANCH0_428,0,0.00127963,1
309_BRANCH0_343,1,0.00103857,1
309_BRANCH0_343,0,0.00101607,1
319_BRANCH0_345,1,0.00108705,1
319_BRANCH0_345,0,0.00129176,1
309,1,0.00116925,1
309,0,0.00118752,1
319_BRANCH0_340,1,0.00106089,1
319_BRANCH0_340,0,0.0013154,1
319_BRANCH0_342,1,0.00110145,1
319_BRANCH0_342,0,0.00128537,1
319_BRANCH0_344,1,0.00109349,1
319_BRANCH0_344,0,0.00130658,1
319_BRANCH0_346,1,0.00109242,1
319_BRANCH0_346,0,0.00129511,1
319_BRANCH0_347,1,0.00110869,1
319_BRANCH0_347,0,23.243,0
331,1,0.000958032,1
331,0,0.000978732,1
319,1,0.00107166,1
319,0,0.0245281,1
329,1,0.00100492,1
329,0,0.000817848,1
336,1,0.00114448,1
336,0,0.00115135,1
357_BRANCH0_360,1,15.0983,1
357_BRANCH0_360,0,0.00113503,1
337,1,0.00116263,1
337,0,0.00101136,1
338,1,0.00128314,1
338,0,0.00107114,1
343,1,0.00161926,1
343,0,0.00100321,1
344,1,0.00128011,1
344,0,0.00109744,1
386_BRANCH0_422,1,0.00109661,1
386_BRANCH0_422,0,0.00151445,1
349,1,0.000974256,1
349,0,0.00100823,1
351,1,0.00100459,1
351,0,0.00101675,1
355,1,0.00100017,1
355,0,0.00102622,1
356,1,0.000996808,1
356,0,0.00102369,1
357_BRANCH0_370,1,0.000841383,1
357_BRANCH0_370,0,0.00091835,1
360_BRANCH0_371,1,20.9435,1
360_BRANCH0_371,0,4.90232,1
360_BRANCH0_372,1,0.00109856,1
360_BRANCH0_372,0,0.00115109,1
360_BRANCH0_374,1,0.00112399,1
360_BRANCH0_374,0,0.150655,1
360_BRANCH0_375,1,0.00112041,1
360_BRANCH0_375,0,0.0386398,1
360_BRANCH0_379,1,0.00116057,1
360_BRANCH0_379,0,84.3338,0
370,1,0.000868269,1
370,0,0.000832736,1
371,1,4.63675,1
371,0,0.00114532,1
372,1,0.00115396,1
372,0,0.00110288,1
373,1,0.413201,1
373,0,0.00111016,1
374,1,0.151314,1
374,0,0.00113311,1
375,1,0.0381828,1
375,0,0.00111999,1
376,1,0.00993425,1
376,0,0.00114251,1
377,1,0.0170638,1
377,0,0.0011427,1
380,1,0.00135284,1
380,0,0.00111627,1
381_BRANCH0_430,1,0.00111858,1
381_BRANCH0_430,0,0.00118271,1
381_BRANCH0_431,1,0.0010867,1
381_BRANCH0_431,0,0.00125647,1
381,1,0.00118212,1
381,0,0.0011995,1
386_BRANCH0_429,1,0.00111394,1
386_BRANCH0_429,0,0.00118399,1
386_BRANCH0_430,1,0.0010817,1
386_BRANCH0_430,0,0.00115383,1
393_BRANCH0_416,1,0.00112676,1
393_BRANCH0_416,0,4.70109,1
393_BRANCH0_417,1,0.00110746,1
393_BRANCH0_417,0,0.00114592,1
393_BRANCH0_428,1,0.00110492,1
393_BRANCH0_428,0,0.0012965,1
399_BRANCH0_416,1,0.0011242,1
399_BRANCH0_416,0,4.66752,1
399_BRANCH0_425,1,0.00111897,1
399_BRANCH0_425,0,0.00140165,1
399_BRANCH0_430,1,0.00119646,1
399_BRANCH0_430,0,0.00128721,1
399,1,0.00119718,1
399,0,0.018739,1
407_BRANCH0_416,1,0.00124157,1
407_BRANCH0_416,0,4.77896,1
407_BRANCH0_419,1,0.00113072,1
407_BRANCH0_419,0,0.00115133,1
407,1,0.00110344,1
407,0,0.00113223,1
411,1,0.00112031,1
411,0,0.00113231,1
414,1,0.00111953,1
414,0,5.55659,1
417,1,0.00117836,1
417,0,0.00109016,1
419,1,0.00112912,1
419,0,0.0011146,1
420,1,0.00113248,1
420,0,0.00110814,1
421,1,4.77748,1
421,0,0.00118112,1
422_BRANCH0_430,1,0.00157724,1
422_BRANCH0_430,0,0.0011151,1
422,1,0.00153509,1
422,0,0.00106409,1
425_BRANCH0_431,1,0.00134328,1
425_BRANCH0_431,0,0.00111611,1
425,1,0.00135318,1
425,0,0.00108071,1
428,1,0.00127665,1
428,0,0.00109089,1
429,1,0.00117661,1
429,0,0.00108573,1
430,1,0.00118267,1
430,0,0.00107109,1
431,1,0.00116112,1
431,0,0.00107085,1
