0.00347201
16_BRANCH0_22,1,0.000184873,1
16_BRANCH0_22,0,9.1443e-05,1
11,1,0.000107217,1
11,0,0.000102384,1
11_BRANCH0_19,1,8.4773e-05,1
11_BRANCH0_19,0,0.000102479,1
11_BRANCH0_16,1,8.159e-05,1
11_BRANCH0_16,0,7.8047e-05,1
7,1,0.000104634,1
7,0,9.5211e-05,1
6,1,9.9331e-05,1
6,0,9.8342e-05,1
19,1,9.6659e-05,1
19,0,0.000105825,1
3_BRANCH0_11,1,9.8395e-05,1
3_BRANCH0_11,0,9.8041e-05,1
16_BRANCH0_23,1,0.00010491,1
16_BRANCH0_23,0,8.1826e-05,1
10,1,0.000103121,1
10,0,7.9202e-05,1
3_BRANCH0_10,1,0.000139422,1
3_BRANCH0_10,0,9.6742e-05,1
2,1,0.0001286,1
2,0,0.00012399,1
3,1,9.9535e-05,1
3,0,9.6405e-05,1
16,1,0.000124614,1
16,0,8.1662e-05,1
1,1,0.000103066,1
1,0,0.000102392,1
22,1,0.000103192,1
22,0,0.000104571,1
23,1,8.8104e-05,1
23,0,8.1413e-05,1
