0.00295183
16_BRANCH0_22,1,0.000187242,1
16_BRANCH0_22,0,7.282e-05,1
11,1,0.000102427,1
11,0,0.000100468,1
11_BRANCH0_19,1,8.1287e-05,1
11_BRANCH0_19,0,9.1639e-05,1
11_BRANCH0_16,1,7.8722e-05,1
11_BRANCH0_16,0,7.54e-05,1
7,1,8.088e-05,1
7,0,7.6942e-05,1
6,1,0.000100198,1
6,0,0.000103622,1
19,1,8.6326e-05,1
19,0,5.9479e-05,1
3_BRANCH0_11,1,0.00010111,1
3_BRANCH0_11,0,0.000100736,1
16_BRANCH0_23,1,8.3411e-05,1
16_BRANCH0_23,0,9.7201e-05,1
10,1,7.5273e-05,1
10,0,8.2027e-05,1
3_BRANCH0_10,1,8.1913e-05,1
3_BRANCH0_10,0,7.4441e-05,1
2,1,7.5515e-05,1
2,0,7.628e-05,1
3,1,0.00011995,1
3,0,0.000123893,1
16,1,7.8639e-05,1
16,0,7.5225e-05,1
1,1,7.0913e-05,1
1,0,6.8602e-05,1
22,1,5.9557e-05,1
22,0,5.2174e-05,1
23,1,8.9675e-05,1
23,0,6.7839e-05,1
