269.367
254,1,0.00289658,1
254,0,0.00236892,1
415,1,0.00174024,1
415,0,0.00176761,1
250,1,0.00318005,1
250,0,0.00288047,1
341,1,0.00285063,1
341,0,0.0016003,1
247,1,0.00168615,1
247,0,0.00172854,1
236_BRANCH0_273,1,0.00184858,1
236_BRANCH0_273,0,0.00225524,1
247_BRANCH0_282,1,0.00178606,1
247_BRANCH0_282,0,0.00224652,1
246,1,0.00317163,1
246,0,0.00364281,1
157,1,0.00262341,1
157,0,0.0030423,1
30_BRANCH0_386,1,0.0020195,1
30_BRANCH0_386,0,0.00251448,1
243_BRANCH0_293,1,0.00176311,1
243_BRANCH0_293,0,0.00185863,1
273_BRANCH0_296,1,0.00215569,1
273_BRANCH0_296,0,0.00200951,1
243_BRANCH0_279,1,0.00171372,1
243_BRANCH0_279,0,0.00231365,1
239,1,0.00171902,1
239,0,0.00175842,1
239_BRANCH0_276,1,0.00181647,1
239_BRANCH0_276,0,0.00244569,1
236,1,0.00162245,1
236,0,0.00180381,1
411_BRANCH0_416,1,0.00326534,1
411_BRANCH0_416,0,1.2916,1
233_BRANCH0_270,1,0.0017542,1
233_BRANCH0_270,0,0.00226411,1
230,1,0.00176928,1
230,0,0.00240924,1
199_BRANCH0_223,1,0.00112476,1
199_BRANCH0_223,0,0.00106173,1
230_BRANCH0_289,1,0.00161605,1
230_BRANCH0_289,0,0.00162972,1
230_BRANCH0_267,1,0.00179723,1
230_BRANCH0_267,0,0.0026195,1
27,1,1.50435,1
27,0,1.49913,1
224,1,0.00176718,1
224,0,0.00255772,1
134,1,0.00220849,1
134,0,0.00223627,1
223,1,0.00122776,1
223,0,0.00118359,1
130,1,0.00220624,1
130,0,0.00224225,1
213_BRANCH0_259,1,0.0017134,1
213_BRANCH0_259,0,8.57793,0
213_BRANCH0_254,1,0.00133518,1
213_BRANCH0_254,0,0.00286363,1
213_BRANCH0_242,1,0.00133884,1
213_BRANCH0_242,0,0.00162306,1
203,1,0.00136378,1
203,0,0.140328,1
203_BRANCH0_251,1,0.0017494,1
203_BRANCH0_251,0,0.00172285,1
191,1,0.00138017,1
191,0,0.00224729,1
203_BRANCH0_243,1,0.0016963,1
203_BRANCH0_243,0,0.0017067,1
171_BRANCH0_239,1,0.00225184,1
171_BRANCH0_239,0,0.00177732,1
416,1,0.00315819,1
416,0,1.24789,1
251_BRANCH0_295,1,0.00173965,1
251_BRANCH0_295,0,0.00184876,1
203_BRANCH0_236,1,0.00167168,1
203_BRANCH0_236,0,0.00169921,1
203_BRANCH0_230,1,0.00172475,1
203_BRANCH0_230,0,0.00204067,1
203_BRANCH0_227,1,0.00168316,1
203_BRANCH0_227,0,0.00244435,1
257,1,0.00320487,1
257,0,0.00293558,1
138,1,0.00230725,1
138,0,0.00227201,1
34_BRANCH0_185,1,0.00228203,1
34_BRANCH0_185,0,0.0021303,1
66_BRANCH0_375,1,0.0255985,1
66_BRANCH0_375,0,0.00276966,1
203_BRANCH0_224,1,0.00130808,1
203_BRANCH0_224,0,0.00153089,1
40_BRANCH0_373,1,0.0019011,1
40_BRANCH0_373,0,0.00197265,1
199,1,0.00125455,1
199,0,0.00112334,1
69_BRANCH0_139,1,0.00277572,1
69_BRANCH0_139,0,0.00229037,1
86_BRANCH0_345,1,0.00324629,1
86_BRANCH0_345,0,0.0020616,1
296_BRANCH0_329,1,0.00144337,1
296_BRANCH0_329,0,0.00195096,1
197,1,0.00133207,1
197,0,0.00225677,1
196,1,0.00140758,1
196,0,0.00227097,1
123_BRANCH0_184,1,0.00303632,1
123_BRANCH0_184,0,0.00306335,1
195,1,0.00148735,1
195,0,0.00225507,1
192,1,0.00143011,1
192,0,0.00228057,1
189,1,0.00146064,1
189,0,0.00224585,1
308,1,0.00241282,1
308,0,0.00197359,1
203_BRANCH0_233,1,0.00170325,1
203_BRANCH0_233,0,0.0017483,1
386_BRANCH0_416,1,0.00319206,1
386_BRANCH0_416,0,1.24183,1
386_BRANCH0_425,1,0.00295177,1
386_BRANCH0_425,0,0.00225388,1
187,1,0.0014281,1
187,0,0.00236665,1
158,1,0.0022812,1
158,0,0.00310609,1
251_BRANCH0_285,1,0.00178158,1
251_BRANCH0_285,0,0.00230746,1
184,1,0.00132637,1
184,0,0.00303127,1
285_BRANCH0_296,1,0.00236089,1
285_BRANCH0_296,0,0.00190604,1
183,1,0.00142605,1
183,0,0.00305285,1
73,1,0.00847815,1
73,0,0.00834032,1
180_BRANCH0_251,1,0.00226999,1
180_BRANCH0_251,0,0.00179537,1
263,1,0.00177689,1
263,0,0.00224466,1
180_BRANCH0_199,1,0.00215796,1
180_BRANCH0_199,0,0.00115795,1
177,1,0.00216585,1
177,0,0.00126504,1
139,1,0.00220959,1
139,0,0.00286182,1
309_BRANCH0_337,1,0.00291047,1
309_BRANCH0_337,0,0.00180892,1
227_BRANCH0_264,1,0.00170885,1
227_BRANCH0_264,0,0.0015749,1
168_BRANCH0_199,1,0.00218638,1
168_BRANCH0_199,0,0.00111311,1
174,1,0.00217222,1
174,0,0.00127211,1
34_BRANCH0_338,1,0.00172233,1
34_BRANCH0_338,0,0.00195211,1
174_BRANCH0_199,1,0.00213778,1
174_BRANCH0_199,0,0.00115586,1
171,1,0.00217914,1
171,0,0.00126765,1
95_BRANCH0_411,1,0.0019614,1
95_BRANCH0_411,0,0.00215478,1
174_BRANCH0_243,1,0.00231501,1
174_BRANCH0_243,0,0.00177005,1
224_BRANCH0_263,1,0.00187653,1
224_BRANCH0_263,0,0.00257469,1
180,1,0.00230283,1
180,0,0.00126978,1
168,1,0.00217306,1
168,0,0.00127565,1
165,1,0.00218311,1
165,0,0.00126713,1
162,1,0.00217564,1
162,0,0.001276,1
159_BRANCH0_227,1,0.00219478,1
159_BRANCH0_227,0,0.00136171,1
21_BRANCH0_183,1,0.00297365,1
21_BRANCH0_183,0,0.00305803,1
213_BRANCH0_256,1,0.00160879,1
213_BRANCH0_256,0,0.00299835,1
4,1,0.00180964,1
4,0,0.00173979,1
154,1,0.00223656,1
154,0,0.00126229,1
159_BRANCH0_199,1,0.00206501,1
159_BRANCH0_199,0,0.00116005,1
194,1,0.00135402,1
194,0,0.00231017,1
154_BRANCH0_199,1,0.00217782,1
154_BRANCH0_199,0,0.0011789,1
151,1,0.00222289,1
151,0,0.00289022,1
47_BRANCH0_340,1,0.113342,1
47_BRANCH0_340,0,0.00220638,1
122,1,0.00227599,1
122,0,0.00233123,1
151_BRANCH0_198,1,0.00228903,1
151_BRANCH0_198,0,0.00313226,1
1_BRANCH0_242,1,0.071524,1
1_BRANCH0_242,0,0.00198481,1
47_BRANCH0_187,1,0.00238914,1
47_BRANCH0_187,0,0.00223546,1
150,1,0.00227741,1
150,0,0.00230831,1
147,1,0.00234658,1
147,0,0.00288384,1
147_BRANCH0_195,1,0.00227802,1
147_BRANCH0_195,0,0.0028958,1
233_BRANCH0_290,1,0.00176986,1
233_BRANCH0_290,0,0.00194398,1
146,1,0.00224272,1
146,0,0.00231415,1
360,1,0.00325372,1
360,0,1.39722,1
171_BRANCH0_199,1,0.00231601,1
171_BRANCH0_199,0,0.00117926,1
143_BRANCH0_194,1,0.00219411,1
143_BRANCH0_194,0,0.00314567,1
255,1,0.00323649,1
255,0,0.00299848,1
139_BRANCH0_191,1,0.00227089,1
139_BRANCH0_191,0,0.0029483,1
213_BRANCH0_255,1,0.00150866,1
213_BRANCH0_255,0,0.00316416,1
79_BRANCH0_192,1,0.0023702,1
79_BRANCH0_192,0,0.00234,1
199_BRANCH0_213,1,0.00333036,1
199_BRANCH0_213,0,0.00168777,1
340,1,0.00231629,1
340,0,0.0030695,1
348,1,0.00174613,1
348,0,0.00265157,1
135,1,0.00229655,1
135,0,0.00290313,1
213_BRANCH0_250,1,0.00146232,1
213_BRANCH0_250,0,0.00196914,1
151_BRANCH0_197,1,0.00246125,1
151_BRANCH0_197,0,0.00292621,1
360_BRANCH0_373,1,0.00297238,1
360_BRANCH0_373,0,0.00196646,1
135_BRANCH0_190,1,0.00244605,1
135_BRANCH0_190,0,0.00321545,1
309_BRANCH0_332,1,0.00299486,1
309_BRANCH0_332,0,0.00166954,1
350,1,0.00185115,1
350,0,0.00283323,1
135_BRANCH0_189,1,0.0023262,1
135_BRANCH0_189,0,0.00290571,1
131,1,0.00237311,1
131,0,0.00289512,1
127,1,0.00250148,1
127,0,0.00296202,1
335,1,0.00291769,1
335,0,0.00172501,1
227,1,0.0017337,1
227,0,0.0015515,1
213_BRANCH0_246,1,0.00180469,1
213_BRANCH0_246,0,0.00173058,1
79,1,0.0079721,1
79,0,0.00767099,1
177_BRANCH0_247,1,0.00232395,1
177_BRANCH0_247,0,0.0017942,1
56,1,0.00181948,1
56,0,0.00169897,1
56_BRANCH0_168,1,0.00210604,1
56_BRANCH0_168,0,0.00242362,1
53,1,0.0973749,1
53,0,0.0978035,1
159,1,0.00230928,1
159,0,0.00130071,1
8_BRANCH0_334,1,0.134457,1
8_BRANCH0_334,0,0.136624,1
53_BRANCH0_188,1,0.00236651,1
53_BRANCH0_188,0,0.00240236,1
50,1,0.0018889,1
50,0,0.00186696,1
50_BRANCH0_255,1,0.00229903,1
50_BRANCH0_255,0,0.0020557,1
227_BRANCH0_288,1,0.00180531,1
227_BRANCH0_288,0,0.0016516,1
393_BRANCH0_429,1,18.6594,0
393_BRANCH0_429,0,0.00255471,1
50_BRANCH0_134,1,0.00232714,1
50_BRANCH0_134,0,0.00235929,1
27_BRANCH0_184,1,0.00313552,1
27_BRANCH0_184,0,0.00318731,1
40,1,0.0018737,1
40,0,0.00182484,1
309_BRANCH0_335,1,0.00296671,1
309_BRANCH0_335,0,0.00177215,1
73_BRANCH0_191,1,0.00249169,1
73_BRANCH0_191,0,0.00252802,1
247_BRANCH0_294,1,0.00175642,1
247_BRANCH0_294,0,0.00186258,1
37_BRANCH0_254,1,0.00242173,1
37_BRANCH0_254,0,0.00204054,1
224_BRANCH0_260,1,0.00185225,1
224_BRANCH0_260,0,0.00259402,1
239_BRANCH0_292,1,0.00179972,1
239_BRANCH0_292,0,0.00192453,1
108_BRANCH0_414,1,4.84337,1
108_BRANCH0_414,0,0.00211824,1
199_BRANCH0_203,1,0.139748,1
199_BRANCH0_203,0,0.00144746,1
119,1,0.0030124,1
119,0,0.00300223,1
258,1,0.00302216,1
258,0,0.00307826,1
177_BRANCH0_199,1,0.00221763,1
177_BRANCH0_199,0,0.00119688,1
14,1,1.53,1
14,0,1.53415,1
30,1,0.00185595,1
30,0,0.00183891,1
319_BRANCH0_338,1,0.00285444,1
319_BRANCH0_338,0,0.00201432,1
56_BRANCH0_399,1,0.00217135,1
56_BRANCH0_399,0,0.00252019,1
127_BRANCH0_186,1,0.00240601,1
127_BRANCH0_186,0,0.00340979,1
43_BRANCH0_393,1,0.00219481,1
43_BRANCH0_393,0,0.00261644,1
17,1,0.00189079,1
17,0,0.00183547,1
11,1,0.039257,1
11,0,0.038585,1
236_BRANCH0_291,1,0.00180156,1
236_BRANCH0_291,0,0.00198242,1
69_BRANCH0_404,1,0.00207048,1
69_BRANCH0_404,0,0.00243058,1
37_BRANCH0_130,1,0.00243652,1
37_BRANCH0_130,0,0.00247388,1
233,1,0.00174102,1
233,0,0.00197516,1
11_BRANCH0_122,1,0.00231162,1
11_BRANCH0_122,0,0.0023796,1
360_BRANCH0_376,1,0.00321036,1
360_BRANCH0_376,0,0.00830008,1
213_BRANCH0_257,1,0.00162358,1
213_BRANCH0_257,0,0.00384624,1
17_BRANCH0_123,1,0.00333309,1
17_BRANCH0_123,0,0.0025218,1
294,1,0.00193088,1
294,0,0.00217989,1
30_BRANCH0_127,1,0.00302302,1
30_BRANCH0_127,0,0.00245425,1
162_BRANCH0_199,1,0.00216531,1
162_BRANCH0_199,0,0.00123075,1
60,1,0.0280481,1
60,0,0.0274116,1
105_BRANCH0_196,1,0.00232536,1
105_BRANCH0_196,0,0.00236121,1
267_BRANCH0_296,1,0.00272475,1
267_BRANCH0_296,0,0.00211044,1
56_BRANCH0_135,1,0.00285773,1
56_BRANCH0_135,0,0.00235807,1
418,1,0.00204807,1
418,0,0.00310393,1
24,1,0.00176279,1
24,0,0.00156523,1
63_BRANCH0_256,1,0.00215791,1
63_BRANCH0_256,0,0.00209567,1
168_BRANCH0_236,1,0.00235177,1
168_BRANCH0_236,0,0.00184481,1
347,1,13.0519,0
347,0,0.003305,1
60_BRANCH0_189,1,0.00239128,1
60_BRANCH0_189,0,0.00222787,1
24_BRANCH0_250,1,0.00201577,1
24_BRANCH0_250,0,0.00201493,1
127_BRANCH0_185,1,0.00233797,1
127_BRANCH0_185,0,0.00295289,1
213_BRANCH0_258,1,0.00154247,1
213_BRANCH0_258,0,0.00306786,1
256,1,0.00300799,1
256,0,0.00310555,1
34,1,0.00187226,1
34,0,0.0018866,1
259,1,8.57123,0
259,0,0.00307041,1
37,1,0.00192555,1
37,0,0.00181908,1
89_BRANCH0_146,1,0.00244998,1
89_BRANCH0_146,0,0.00225746,1
119_BRANCH0_158,1,0.00322126,1
119_BRANCH0_158,0,0.00324567,1
1,1,0.0706413,1
1,0,0.0712952,1
76_BRANCH0_257,1,0.00213064,1
76_BRANCH0_257,0,0.0020507,1
43_BRANCH0_131,1,0.0029768,1
43_BRANCH0_131,0,0.00265304,1
17_BRANCH0_381,1,0.0019845,1
17_BRANCH0_381,0,0.00209628,1
4_BRANCH0_154,1,0.0022385,1
4_BRANCH0_154,0,0.00238432,1
63,1,0.00179842,1
63,0,0.00187488,1
123,1,0.00230728,1
123,0,0.00296951,1
14_BRANCH0_371,1,1.21636,1
14_BRANCH0_371,0,1.21295,1
147_BRANCH0_196,1,0.00241743,1
147_BRANCH0_196,0,0.0031261,1
99_BRANCH0_346,1,0.00228274,1
99_BRANCH0_346,0,0.00215265,1
353,1,0.00181484,1
353,0,0.00269418,1
82_BRANCH0_143,1,0.00296617,1
82_BRANCH0_143,0,0.0023639,1
354,1,0.00171966,1
354,0,0.00269327,1
126,1,0.00227637,1
126,0,0.00235676,1
30_BRANCH0_162,1,0.00223245,1
30_BRANCH0_162,0,0.00225143,1
165_BRANCH0_199,1,0.00223221,1
165_BRANCH0_199,0,0.00121275,1
285_BRANCH0_343,1,0.00179739,1
285_BRANCH0_343,0,0.00263289,1
53_BRANCH0_374,1,0.096702,1
53_BRANCH0_374,0,0.00283234,1
1_BRANCH0_118,1,0.00236037,1
1_BRANCH0_118,0,0.00234451,1
143,1,0.00237606,1
143,0,0.00294175,1
304,1,0.00226746,1
304,0,0.00191023,1
112_BRANCH0_347,1,0.00197082,1
112_BRANCH0_347,0,21.0069,0
60_BRANCH0_342,1,0.0276611,1
60_BRANCH0_342,0,0.00210612,1
330,1,0.00298089,1
330,0,0.139301,1
86,1,0.00351682,1
86,0,0.00343669,1
243,1,0.0018006,1
243,0,0.00210427,1
17_BRANCH0_159,1,0.00221624,1
17_BRANCH0_159,0,0.0023294,1
92_BRANCH0_194,1,0.00240108,1
92_BRANCH0_194,0,0.00238125,1
43,1,0.00182807,1
43,0,0.00178777,1
8_BRANCH0_157,1,0.00300165,1
8_BRANCH0_157,0,0.00312909,1
198,1,0.00150816,1
198,0,0.00238552,1
8,1,0.16514,1
8,0,0.165969,1
21_BRANCH0_336,1,0.139127,1
21_BRANCH0_336,0,0.136146,1
21,1,0.163969,1
21,0,0.163388,1
339,1,0.00288938,1
339,0,0.00175157,1
105,1,0.00240016,1
105,0,0.00245847,1
43_BRANCH0_165,1,0.00222307,1
43_BRANCH0_165,0,0.00226212,1
143_BRANCH0_193,1,0.00236189,1
143_BRANCH0_193,0,0.0029434,1
82,1,0.00191249,1
82,0,0.00186987,1
24_BRANCH0_126,1,0.00223973,1
24_BRANCH0_126,0,0.00234414,1
92_BRANCH0_377,1,0.00413279,1
92_BRANCH0_377,0,0.00286013,1
4_BRANCH0_119,1,0.00303514,1
4_BRANCH0_119,0,0.00297555,1
260_BRANCH0_296,1,0.0018548,1
260_BRANCH0_296,0,0.00209172,1
289,1,0.00164315,1
289,0,0.00225814,1
27_BRANCH0_372,1,1.22424,1
27_BRANCH0_372,0,1.24166,1
407_BRANCH0_429,1,0.00310403,1
407_BRANCH0_429,0,0.00273569,1
193,1,0.00145595,1
193,0,0.00232057,1
190,1,0.00149739,1
190,0,0.00237717,1
139_BRANCH0_192,1,0.00237185,1
139_BRANCH0_192,0,0.00337233,1
306,1,0.00236801,1
306,0,0.0021068,1
404_BRANCH0_418,1,0.00312905,1
404_BRANCH0_418,0,0.00212251,1
432,1,0.00230819,1
432,0,0.00340768,1
63_BRANCH0_138,1,0.00230391,1
63_BRANCH0_138,0,0.00235512,1
47,1,0.113661,1
47,0,0.115988,1
105_BRANCH0_378,1,0.00247539,1
105_BRANCH0_378,0,0.00215714,1
203_BRANCH0_239,1,0.00181186,1
203_BRANCH0_239,0,0.00182902,1
102_BRANCH0_259,1,0.00204095,1
102_BRANCH0_259,0,11.2578,0
66_BRANCH0_190,1,0.00223922,1
66_BRANCH0_190,0,0.00230136,1
273_BRANCH0_335,1,0.00200737,1
273_BRANCH0_335,0,0.00281315,1
142,1,0.0022881,1
142,0,0.00244672,1
307,1,0.00220793,1
307,0,0.00193925,1
393,1,0.00303458,1
393,0,0.0025566,1
66,1,0.0261035,1
66,0,0.025481,1
186,1,0.00150508,1
186,0,0.00231548,1
108_BRANCH0_180,1,0.0022398,1
108_BRANCH0_180,0,0.00212644,1
99_BRANCH0_195,1,0.00237214,1
99_BRANCH0_195,0,0.00234225,1
112_BRANCH0_197,1,0.00234161,1
112_BRANCH0_197,0,0.00237969,1
11_BRANCH0_246,1,0.0367228,1
11_BRANCH0_246,0,0.00196518,1
185,1,0.001535,1
185,0,0.00232024,1
273,1,0.00238559,1
273,0,0.0019372,1
213,1,0.00158926,1
213,0,0.00337491,1
345,1,0.00213051,1
345,0,0.00317635,1
131_BRANCH0_188,1,0.00232807,1
131_BRANCH0_188,0,0.00312493,1
69_BRANCH0_171,1,0.00228871,1
69_BRANCH0_171,0,0.00226486,1
69,1,0.00199769,1
69,0,0.00187733,1
404,1,0.0030861,1
404,0,0.00215372,1
14_BRANCH0_158,1,0.00306111,1
14_BRANCH0_158,0,0.00315232,1
95,1,0.00192326,1
95,0,0.00180119,1
73_BRANCH0_344,1,0.00816466,1
73_BRANCH0_344,0,0.00221074,1
99,1,0.00224756,1
99,0,0.00224855,1
162_BRANCH0_230,1,0.00234656,1
162_BRANCH0_230,0,0.0018328,1
360_BRANCH0_378,1,0.00318207,1
360_BRANCH0_378,0,0.00233254,1
76_BRANCH0_142,1,0.00237813,1
76_BRANCH0_142,0,0.0023586,1
346,1,0.00210271,1
346,0,0.00317635,1
4_BRANCH0_380,1,0.00211863,1
4_BRANCH0_380,0,0.00196841,1
92,1,0.00419185,1
92,0,0.00431544,1
82_BRANCH0_174,1,0.00228739,1
82_BRANCH0_174,0,0.00218725,1
89_BRANCH0_258,1,0.00223304,1
89_BRANCH0_258,0,0.00207371,1
381_BRANCH0_416,1,0.00392208,1
381_BRANCH0_416,0,1.19487,1
82_BRANCH0_407,1,0.00217421,1
82_BRANCH0_407,0,0.00232208,1
301,1,0.00183798,1
301,0,0.00162348,1
86_BRANCH0_193,1,0.00236545,1
86_BRANCH0_193,0,0.0023594,1
309_BRANCH0_341,1,0.00300956,1
309_BRANCH0_341,0,0.00187195,1
89,1,0.00187438,1
89,0,0.00187493,1
260_BRANCH0_330,1,0.00183198,1
260_BRANCH0_330,0,0.00266803,1
285,1,0.00254356,1
285,0,0.00202634,1
309_BRANCH0_331,1,0.00191322,1
309_BRANCH0_331,0,0.00182104,1
251,1,0.00176033,1
251,0,0.00192723,1
386,1,0.00298609,1
386,0,0.00199627,1
95_BRANCH0_147,1,0.00296054,1
95_BRANCH0_147,0,0.00239007,1
276_BRANCH0_337,1,0.00185893,1
276_BRANCH0_337,0,0.00286604,1
102,1,0.00186504,1
102,0,0.00188001,1
379,1,42.6209,0
379,0,0.00363577,1
95_BRANCH0_177,1,0.00225896,1
95_BRANCH0_177,0,0.00223084,1
319_BRANCH0_336,1,0.00190424,1
319_BRANCH0_336,0,0.00213243,1
404_BRANCH0_416,1,0.00355849,1
404_BRANCH0_416,0,1.25914,1
154_BRANCH0_224,1,0.00247363,1
154_BRANCH0_224,0,0.00139135,1
242,1,0.00202148,1
242,0,0.00166245,1
342,1,0.00223396,1
342,0,0.00314241,1
360_BRANCH0_377,1,0.003064,1
360_BRANCH0_377,0,0.00431842,1
102_BRANCH0_150,1,0.00239911,1
102_BRANCH0_150,0,0.00234206,1
381_BRANCH0_432,1,0.00334981,1
381_BRANCH0_432,0,0.00254029,1
188,1,0.00156439,1
188,0,0.00242762,1
333,1,0.00295897,1
333,0,0.00177226,1
108_BRANCH0_151,1,0.00298839,1
108_BRANCH0_151,0,0.00238201,1
115_BRANCH0_198,1,0.00234085,1
115_BRANCH0_198,0,0.0023617,1
203_BRANCH0_247,1,0.00186459,1
203_BRANCH0_247,0,0.00183813,1
131_BRANCH0_187,1,0.00236855,1
131_BRANCH0_187,0,0.00295158,1
76,1,0.00193457,1
76,0,0.0018657,1
108,1,0.00187453,1
108,0,0.00188935,1
112,1,0.00197957,1
112,0,0.00198988,1
115_BRANCH0_379,1,0.00213823,1
115_BRANCH0_379,0,49.9047,0
319_BRANCH0_334,1,0.00227615,1
319_BRANCH0_334,0,0.144192,1
378,1,0.00244547,1
378,0,0.00321115,1
115,1,0.00218914,1
115,0,0.00220776,1
118,1,0.00243445,1
118,0,0.0024156,1
332,1,0.00291957,1
332,0,0.0018742,1
386_BRANCH0_431,1,0.00302725,1
386_BRANCH0_431,0,0.00221142,1
119_BRANCH0_157,1,0.00317029,1
119_BRANCH0_157,0,0.00304983,1
79_BRANCH0_376,1,0.00762685,1
79_BRANCH0_376,0,0.00215072,1
393_BRANCH0_425,1,0.00301061,1
393_BRANCH0_425,0,0.00295808,1
123_BRANCH0_183,1,0.00308283,1
123_BRANCH0_183,0,0.00314352,1
165_BRANCH0_233,1,0.00240529,1
165_BRANCH0_233,0,0.0017598,1
334,1,0.141575,1
334,0,0.00168637,1
40_BRANCH0_186,1,0.0021654,1
40_BRANCH0_186,0,0.00231998,1
422_BRANCH0_432,1,0.00281821,1
422_BRANCH0_432,0,0.00293512,1
260,1,0.00180753,1
260,0,0.00202963,1
264_BRANCH0_296,1,0.00161925,1
264_BRANCH0_296,0,0.00212969,1
300,1,0.00225917,1
300,0,0.00184592,1
264_BRANCH0_331,1,0.0016026,1
264_BRANCH0_331,0,0.00187452,1
264,1,0.00174686,1
264,0,0.00213876,1
357,1,0.00149897,1
357,0,0.00261282,1
267_BRANCH0_332,1,0.00173333,1
267_BRANCH0_332,0,0.00291411,1
267,1,0.00269524,1
267,0,0.00202425,1
270_BRANCH0_296,1,0.00232706,1
270_BRANCH0_296,0,0.00205788,1
352,1,0.00170575,1
352,0,0.00270909,1
270_BRANCH0_333,1,0.0018615,1
270_BRANCH0_333,0,0.0029052,1
425_BRANCH0_432,1,0.00293446,1
425_BRANCH0_432,0,0.00302359,1
270,1,0.00234563,1
270,0,0.00196621,1
276_BRANCH0_296,1,0.00221643,1
276_BRANCH0_296,0,0.00195645,1
276,1,0.0023196,1
276,0,0.00207831,1
309_BRANCH0_330,1,0.00274459,1
309_BRANCH0_330,0,0.138843,1
411_BRANCH0_420,1,0.003165,1
411_BRANCH0_420,0,0.0021657,1
279_BRANCH0_296,1,0.00234148,1
279_BRANCH0_296,0,0.00213365,1
279_BRANCH0_339,1,0.00176734,1
279_BRANCH0_339,0,0.00272292,1
279,1,0.00234817,1
279,0,0.00196403,1
282_BRANCH0_296,1,0.00222408,1
282_BRANCH0_296,0,0.00194479,1
282_BRANCH0_341,1,0.0018263,1
282_BRANCH0_341,0,0.00273385,1
282,1,0.00238604,1
282,0,0.00192953,1
288,1,0.00162005,1
288,0,0.00182019,1
290,1,0.00197913,1
290,0,0.00226035,1
291,1,0.001971,1
291,0,0.00229381,1
292,1,0.00203552,1
292,0,0.00267535,1
293,1,0.0020219,1
293,0,0.00230951,1
295,1,0.00203968,1
295,0,0.00221739,1
296_BRANCH0_309,1,0.00188297,1
296_BRANCH0_309,0,0.00311224,1
296_BRANCH0_319,1,0.0253968,1
296_BRANCH0_319,0,0.00346947,1
296,1,0.00155738,1
296,0,0.00197142,1
302,1,0.00227685,1
302,0,0.00183796,1
303,1,0.00237176,1
303,0,0.00201514,1
305,1,0.00236001,1
305,0,0.00198428,1
309_BRANCH0_333,1,0.00282454,1
309_BRANCH0_333,0,0.00193262,1
309_BRANCH0_339,1,0.00282489,1
309_BRANCH0_339,0,0.00191838,1
399_BRANCH0_428,1,0.00307889,1
399_BRANCH0_428,0,0.0027401,1
309_BRANCH0_343,1,0.0028077,1
309_BRANCH0_343,0,0.0018964,1
319_BRANCH0_345,1,0.00322854,1
319_BRANCH0_345,0,0.00211409,1
309,1,0.00300826,1
309,0,0.0018337,1
319_BRANCH0_340,1,0.00312495,1
319_BRANCH0_340,0,0.00213591,1
319_BRANCH0_342,1,0.00303316,1
319_BRANCH0_342,0,0.0020883,1
319_BRANCH0_344,1,0.00318627,1
319_BRANCH0_344,0,0.00212256,1
319_BRANCH0_346,1,0.00316583,1
319_BRANCH0_346,0,0.00210161,1
319_BRANCH0_347,1,0.00344867,1
319_BRANCH0_347,0,12.9004,0
331,1,0.00170015,1
331,0,0.00174189,1
319,1,0.00326307,1
319,0,0.0253982,1
329,1,0.00199593,1
329,0,0.00143694,1
336,1,0.00199571,1
336,0,0.0018438,1
357_BRANCH0_360,1,1.39904,1
357_BRANCH0_360,0,0.00328145,1
337,1,0.00292208,1
337,0,0.00176536,1
338,1,0.00204578,1
338,0,0.0029954,1
343,1,0.00222795,1
343,0,0.00183347,1
344,1,0.00205711,1
344,0,0.00311227,1
386_BRANCH0_422,1,0.00297386,1
386_BRANCH0_422,0,0.00258139,1
349,1,0.00165732,1
349,0,0.00268045,1
351,1,0.00177238,1
351,0,0.00265274,1
355,1,0.00176352,1
355,0,0.00264675,1
356,1,0.0018318,1
356,0,0.00255065,1
357_BRANCH0_370,1,0.00147874,1
357_BRANCH0_370,0,0.0025026,1
360_BRANCH0_371,1,0.00295609,1
360_BRANCH0_371,0,1.28664,1
360_BRANCH0_372,1,0.00202374,1
360_BRANCH0_372,0,0.00233282,1
360_BRANCH0_374,1,0.00302726,1
360_BRANCH0_374,0,0.10093,1
360_BRANCH0_375,1,0.0031682,1
360_BRANCH0_375,0,0.0320009,1
360_BRANCH0_379,1,0.00343996,1
360_BRANCH0_379,0,44.88,0
370,1,0.00262698,1
370,0,0.00144363,1
371,1,1.22367,1
371,0,0.00171905,1
372,1,0.00220424,1
372,0,0.00195162,1
373,1,0.00209729,1
373,0,0.00304863,1
374,1,0.103248,1
374,0,0.0030675,1
375,1,0.0274976,1
375,0,0.00309625,1
376,1,0.00818697,1
376,0,0.00308109,1
377,1,0.0042769,1
377,0,0.00305947,1
380,1,0.00188521,1
380,0,0.00184049,1
381_BRANCH0_430,1,0.00373756,1
381_BRANCH0_430,0,0.00226092,1
381_BRANCH0_431,1,0.00379782,1
381_BRANCH0_431,0,0.00221864,1
381,1,0.0037911,1
381,0,0.0033435,1
386_BRANCH0_429,1,0.00302791,1
386_BRANCH0_429,0,0.00223506,1
386_BRANCH0_430,1,0.00298517,1
386_BRANCH0_430,0,0.00221483,1
393_BRANCH0_416,1,0.00313785,1
393_BRANCH0_416,0,1.24241,1
393_BRANCH0_417,1,0.00343649,1
393_BRANCH0_417,0,0.00244684,1
393_BRANCH0_428,1,0.00311516,1
393_BRANCH0_428,0,0.00276244,1
399_BRANCH0_416,1,0.0033126,1
399_BRANCH0_416,0,1.24377,1
399_BRANCH0_425,1,0.00316421,1
399_BRANCH0_425,0,0.00273057,1
399_BRANCH0_430,1,0.00307403,1
399_BRANCH0_430,0,0.00220179,1
399,1,0.00304925,1
399,0,0.00272032,1
407_BRANCH0_416,1,0.00336493,1
407_BRANCH0_416,0,1.2755,1
407_BRANCH0_419,1,0.00309399,1
407_BRANCH0_419,0,0.00198263,1
407,1,0.0029887,1
407,0,0.00183391,1
411,1,0.00304029,1
411,0,0.00194121,1
414,1,0.00301552,1
414,0,1.46024,1
417,1,0.00227755,1
417,0,0.00303459,1
419,1,0.00195843,1
419,0,0.00304765,1
420,1,0.00193353,1
420,0,0.00297217,1
421,1,0.0015941,1
421,0,0.001802,1
422_BRANCH0_430,1,0.00305176,1
422_BRANCH0_430,0,0.00295666,1
422,1,0.00288311,1
422,0,0.00276165,1
425_BRANCH0_431,1,0.00296417,1
425_BRANCH0_431,0,0.00300894,1
425,1,0.00291245,1
425,0,0.00278428,1
428,1,0.0026734,1
428,0,0.00275525,1
429,1,0.00263861,1
429,0,0.00278459,1
430,1,0.00220485,1
430,0,0.00275295,1
431,1,0.00221546,1
431,0,0.00274835,1
