0.00470369
m_BRANCH0_q,1,0.00014292,1
m_BRANCH0_q,0,9.5187e-05,0
m_BRANCH0_Z,1,8.8188e-05,1
m_BRANCH0_Z,0,0.000120185,1
d_BRANCH0_X,1,9.8813e-05,1
d_BRANCH0_X,0,7.3848e-05,0
d_BRANCH0_r,1,8.8363e-05,1
d_BRANCH0_r,0,8.0566e-05,1
X,1,7.8954e-05,0
X,0,3.3868e-05,1
m_BRANCH0_r,1,7.6419e-05,1
m_BRANCH0_r,0,8.2393e-05,1
B,1,0.000110402,1
B,0,0.000113367,1
d,1,9.9705e-05,1
d,0,0.000124455,1
d_BRANCH0_m,1,0.000121074,1
d_BRANCH0_m,0,7.9659e-05,1
s_BRANCH0_v,1,9.1944e-05,0
s_BRANCH0_v,0,0.000127984,1
B_BRANCH0_m,1,4.5364e-05,0
B_BRANCH0_m,0,9.9707e-05,1
B_BRANCH0_v,1,4.6238e-05,0
B_BRANCH0_v,0,0.000100048,1
C,1,0.000127225,1
C,0,0.000120064,1
s_BRANCH0_Y,1,9.3459e-05,0
s_BRANCH0_Y,0,8.4429e-05,1
B_BRANCH0_d,1,7.9029e-05,1
B_BRANCH0_d,0,0.000114954,1
A,1,0.000107791,1
A,0,0.000112096,1
m,1,8.8195e-05,1
m,0,0.000110597,1
r_BRANCH0_s,1,9.2853e-05,1
r_BRANCH0_s,0,0.000100334,0
Y,1,8.1929e-05,0
Y,0,8.1089e-05,1
r_BRANCH0_X,1,9.398e-05,1
r_BRANCH0_X,0,9.2446e-05,0
Z,1,0.000107706,1
Z,0,9.5644e-05,1
r,1,9.5207e-05,1
r,0,8.7739e-05,0
q,1,7.1508e-05,0
q,0,7.1228e-05,1
s,1,9.1972e-05,0
s,0,8.4865e-05,1
v,1,9.1542e-05,0
v,0,0.000106154,1
