0.905457
16_BRANCH0_22,1,0.0418546,1
16_BRANCH0_22,0,0.0312314,1
11,1,0.0312248,1
11,0,0.042081,1
11_BRANCH0_19,1,0.0312818,1
11_BRANCH0_19,0,0.0209339,1
11_BRANCH0_16,1,0.0311988,1
11_BRANCH0_16,0,0.0311917,1
7,1,0.0312295,1
7,0,0.0312225,1
6,1,0.0312208,1
6,0,0.0224537,1
19,1,0.0312336,1
19,0,0.0230969,1
3_BRANCH0_11,1,0.0303408,1
3_BRANCH0_11,0,0.0313013,1
16_BRANCH0_23,1,0.0312438,1
16_BRANCH0_23,0,0.0312326,1
10,1,0.0312358,1
10,0,0.0311951,1
3_BRANCH0_10,1,0.0294376,1
3_BRANCH0_10,0,0.0415865,1
2,1,0.0208819,1
2,0,0.0415746,1
3,1,0.0208785,1
3,0,0.0416337,1
16,1,0.0208799,1
16,0,0.0415995,1
1,1,0.0209022,1
1,0,0.00779153,1
22,1,6.1096e-05,1
22,0,8.0227e-05,1
23,1,8.1984e-05,1
23,0,6.3653e-05,1
