0.00491294
m_BRANCH0_q,1,0.000153522,1
m_BRANCH0_q,0,8.9939e-05,0
m_BRANCH0_Z,1,8.069e-05,1
m_BRANCH0_Z,0,0.000117767,1
d_BRANCH0_X,1,9.7625e-05,1
d_BRANCH0_X,0,8.3748e-05,0
d_BRANCH0_r,1,8.2932e-05,1
d_BRANCH0_r,0,9.0619e-05,1
X,1,8.3782e-05,0
X,0,3.6803e-05,1
m_BRANCH0_r,1,7.7673e-05,1
m_BRANCH0_r,0,8.5969e-05,1
B,1,0.000114067,1
B,0,0.000114376,1
d,1,0.000115381,1
d,0,0.000128009,1
d_BRANCH0_m,1,0.000115121,1
d_BRANCH0_m,0,8.7345e-05,1
s_BRANCH0_v,1,9.7791e-05,0
s_BRANCH0_v,0,0.000123312,1
B_BRANCH0_m,1,4.8851e-05,0
B_BRANCH0_m,0,7.548e-05,1
B_BRANCH0_v,1,4.3162e-05,0
B_BRANCH0_v,0,0.000102507,1
C,1,0.000166612,1
C,0,0.00016188,1
s_BRANCH0_Y,1,9.511e-05,0
s_BRANCH0_Y,0,8.9665e-05,1
B_BRANCH0_d,1,8.7439e-05,1
B_BRANCH0_d,0,0.000109953,1
A,1,0.000116298,1
A,0,0.000114362,1
m,1,8.9541e-05,1
m,0,0.000158214,1
r_BRANCH0_s,1,0.000105032,1
r_BRANCH0_s,0,9.3401e-05,0
Y,1,8.5755e-05,0
Y,0,8.2076e-05,1
r_BRANCH0_X,1,9.1941e-05,1
r_BRANCH0_X,0,9.3513e-05,0
Z,1,0.000107462,1
Z,0,0.000100743,1
r,1,8.9452e-05,1
r,0,9.2142e-05,0
q,1,7.3334e-05,0
q,0,7.5288e-05,1
s,1,9.389e-05,0
s,0,9.0348e-05,1
v,1,9.5929e-05,0
v,0,0.000107087,1
