0.00377178
m_BRANCH0_q,1,0.000152362,1
m_BRANCH0_q,0,9.4853e-05,0
m_BRANCH0_Z,1,6.9688e-05,1
m_BRANCH0_Z,0,0.000102823,1
d_BRANCH0_X,1,9.0087e-05,1
d_BRANCH0_X,0,8.0903e-05,0
d_BRANCH0_r,1,7.3732e-05,1
d_BRANCH0_r,0,4.932e-05,1
X,1,7.5874e-05,0
X,0,3.2426e-05,1
m_BRANCH0_r,1,6.1795e-05,1
m_BRANCH0_r,0,7.0105e-05,1
B,1,8.5524e-05,1
B,0,8.1318e-05,1
d,1,8.6122e-05,1
d,0,8.8684e-05,1
d_BRANCH0_m,1,8.319e-05,1
d_BRANCH0_m,0,4.9884e-05,1
s_BRANCH0_v,1,8.1865e-05,0
s_BRANCH0_v,0,7.2327e-05,1
B_BRANCH0_m,1,4.4692e-05,0
B_BRANCH0_m,0,4.5842e-05,1
B_BRANCH0_v,1,4.5844e-05,0
B_BRANCH0_v,0,4.9177e-05,1
C,1,8.4047e-05,1
C,0,0.000118272,1
s_BRANCH0_Y,1,8.5673e-05,0
s_BRANCH0_Y,0,7.0948e-05,1
B_BRANCH0_d,1,5.0942e-05,1
B_BRANCH0_d,0,5.5021e-05,1
A,1,7.6643e-05,1
A,0,8.0475e-05,1
m,1,7.0095e-05,1
m,0,8.7291e-05,1
r_BRANCH0_s,1,8.3476e-05,1
r_BRANCH0_s,0,8.1687e-05,0
Y,1,7.2792e-05,0
Y,0,6.5908e-05,1
r_BRANCH0_X,1,6.9916e-05,1
r_BRANCH0_X,0,8.3226e-05,0
Z,1,7.5497e-05,1
Z,0,0.000115355,1
r,1,6.8583e-05,1
r,0,8.0324e-05,0
q,1,6.1315e-05,0
q,0,6.9553e-05,1
s,1,8.2475e-05,0
s,0,6.9314e-05,1
v,1,7.423e-05,0
v,0,7.0281e-05,1
