0.191803
16_BRANCH0_22,1,0.0314204,1
16_BRANCH0_22,0,0.0247083,1
11,1,0.0136257,1
11,0,0.0312368,1
11_BRANCH0_19,1,0.0312082,1
11_BRANCH0_19,0,0.0295558,1
11_BRANCH0_16,1,0.0199969,1
11_BRANCH0_16,0,0.00802039,1
7,1,0.000118691,1
7,0,8.7066e-05,1
6,1,0.000103552,1
6,0,0.00010834,1
19,1,8.2109e-05,1
19,0,5.7932e-05,1
3_BRANCH0_11,1,9.633e-05,1
3_BRANCH0_11,0,9.5256e-05,1
16_BRANCH0_23,1,7.8765e-05,1
16_BRANCH0_23,0,8.1402e-05,1
10,1,7.3563e-05,1
10,0,5.458e-05,1
3_BRANCH0_10,1,7.1013e-05,1
3_BRANCH0_10,0,6.8017e-05,1
2,1,7.1291e-05,1
2,0,5.2949e-05,1
3,1,0.000103405,1
3,0,0.000106316,1
16,1,5.677e-05,1
16,0,8.1527e-05,1
1,1,6.8101e-05,1
1,0,6.9494e-05,1
22,1,5.2058e-05,1
22,0,5.3359e-05,1
23,1,8.426e-05,1
23,0,5.444e-05,1
