421.447
254,1,0.00539608,1
254,0,0.00533329,1
415,1,0.00265784,1
415,0,0.00693733,1
250,1,0.00454983,1
250,0,0.00500298,1
341,1,0.00401228,1
341,0,0.00375236,1
247,1,0.00469438,1
247,0,0.00445584,1
236_BRANCH0_273,1,0.0048615,1
236_BRANCH0_273,0,0.00450344,1
247_BRANCH0_282,1,0.00504195,1
247_BRANCH0_282,0,0.00425304,1
246,1,0.0046098,1
246,0,0.00491048,1
157,1,0.0044881,1
157,0,0.00560138,1
30_BRANCH0_386,1,0.0431778,1
30_BRANCH0_386,0,0.0418577,1
243_BRANCH0_293,1,0.00429364,1
243_BRANCH0_293,0,0.00433012,1
273_BRANCH0_296,1,0.00449788,1
273_BRANCH0_296,0,0.00442236,1
243_BRANCH0_279,1,0.00492793,1
243_BRANCH0_279,0,0.00420701,1
239,1,0.00457859,1
239,0,0.00434758,1
239_BRANCH0_276,1,0.00467077,1
239_BRANCH0_276,0,0.00415702,1
236,1,0.00509646,1
236,0,0.00457192,1
411_BRANCH0_416,1,0.00582491,1
411_BRANCH0_416,0,0.0435572,1
233_BRANCH0_270,1,0.0049643,1
233_BRANCH0_270,0,0.00413846,1
230,1,0.00467958,1
230,0,0.00455627,1
199_BRANCH0_223,1,0.00107076,1
199_BRANCH0_223,0,0.00450581,1
230_BRANCH0_289,1,0.00469514,1
230_BRANCH0_289,0,0.0043656,1
230_BRANCH0_267,1,0.00469492,1
230_BRANCH0_267,0,0.004202,1
27,1,0.0054853,1
27,0,0.005659,1
224,1,0.00554501,1
224,0,0.00432523,1
134,1,0.00595365,1
134,0,0.00609033,1
223,1,0.00472138,1
223,0,0.00109953,1
130,1,0.00600025,1
130,0,0.00606363,1
213_BRANCH0_259,1,0.00516631,1
213_BRANCH0_259,0,34.6558,0
213_BRANCH0_254,1,0.0198397,1
213_BRANCH0_254,0,0.00480511,1
213_BRANCH0_242,1,0.00517123,1
213_BRANCH0_242,0,0.00419257,1
203,1,0.00488099,1
203,0,0.00390227,1
203_BRANCH0_251,1,0.00495911,1
203_BRANCH0_251,0,0.00488855,1
191,1,0.00449486,1
191,0,0.00564644,1
203_BRANCH0_243,1,0.00484627,1
203_BRANCH0_243,0,0.00462146,1
171_BRANCH0_239,1,0.0058911,1
171_BRANCH0_239,0,0.00502658,1
416,1,0.00270725,1
416,0,0.0457043,1
251_BRANCH0_295,1,0.00454237,1
251_BRANCH0_295,0,0.00404897,1
203_BRANCH0_236,1,0.0106378,1
203_BRANCH0_236,0,0.00464299,1
203_BRANCH0_230,1,0.036975,1
203_BRANCH0_230,0,0.00478191,1
203_BRANCH0_227,1,0.0052253,1
203_BRANCH0_227,0,0.00469792,1
257,1,0.00453194,1
257,0,0.00472337,1
138,1,0.00619836,1
138,0,0.00617977,1
34_BRANCH0_185,1,0.00565436,1
34_BRANCH0_185,0,0.0057104,1
66_BRANCH0_375,1,0.021197,1
66_BRANCH0_375,0,0.00633414,1
203_BRANCH0_224,1,0.00499446,1
203_BRANCH0_224,0,0.00427778,1
40_BRANCH0_373,1,0.00570392,1
40_BRANCH0_373,0,0.00598264,1
199,1,0.0011073,1
199,0,0.00460827,1
69_BRANCH0_139,1,0.00518209,1
69_BRANCH0_139,0,0.00611729,1
86_BRANCH0_345,1,0.00725239,1
86_BRANCH0_345,0,0.00606753,1
296_BRANCH0_329,1,0.00383757,1
296_BRANCH0_329,0,0.0039163,1
197,1,0.00411827,1
197,0,0.00568199,1
196,1,0.00405099,1
196,0,0.00620484,1
123_BRANCH0_184,1,0.00664725,1
123_BRANCH0_184,0,0.00622007,1
195,1,0.00428756,1
195,0,0.00559961,1
192,1,0.00491399,1
192,0,0.00664899,1
189,1,0.00466571,1
189,0,0.00555993,1
308,1,0.00388284,1
308,0,0.00414739,1
203_BRANCH0_233,1,0.0180143,1
203_BRANCH0_233,0,0.004693,1
386_BRANCH0_416,1,0.00556263,1
386_BRANCH0_416,0,0.0448075,1
386_BRANCH0_425,1,0.00476531,1
386_BRANCH0_425,0,0.00491816,1
187,1,0.00462695,1
187,0,0.00559869,1
158,1,0.00468546,1
158,0,0.00581201,1
251_BRANCH0_285,1,0.00528893,1
251_BRANCH0_285,0,0.00422362,1
184,1,0.00515781,1
184,0,0.00661049,1
285_BRANCH0_296,1,0.0044901,1
285_BRANCH0_296,0,0.00413831,1
183,1,0.00451945,1
183,0,0.00565185,1
73,1,0.00567624,1
73,0,0.00551686,1
180_BRANCH0_251,1,0.00595976,1
180_BRANCH0_251,0,0.00559248,1
263,1,0.00638342,1
263,0,0.00417483,1
180_BRANCH0_199,1,0.00736593,1
180_BRANCH0_199,0,0.0047801,1
177,1,0.00612579,1
177,0,0.00454542,1
139,1,0.0060438,1
139,0,0.00539703,1
309_BRANCH0_337,1,0.008727,1
309_BRANCH0_337,0,0.00422241,1
227_BRANCH0_264,1,0.00471586,1
227_BRANCH0_264,0,0.0047056,1
168_BRANCH0_199,1,0.00717986,1
168_BRANCH0_199,0,0.00479766,1
174,1,0.00603884,1
174,0,0.00472956,1
34_BRANCH0_338,1,0.00608957,1
34_BRANCH0_338,0,0.00612874,1
174_BRANCH0_199,1,0.00747018,1
174_BRANCH0_199,0,0.00481679,1
171,1,0.00618724,1
171,0,0.00452771,1
95_BRANCH0_411,1,0.00622492,1
95_BRANCH0_411,0,0.00651065,1
174_BRANCH0_243,1,0.00633626,1
174_BRANCH0_243,0,0.00548232,1
224_BRANCH0_263,1,0.0046724,1
224_BRANCH0_263,0,0.00440758,1
180,1,0.00606239,1
180,0,0.00470393,1
168,1,0.00598364,1
168,0,0.00473219,1
165,1,0.006176,1
165,0,0.0046689,1
162,1,0.00616701,1
162,0,0.00468403,1
159_BRANCH0_227,1,0.00587971,1
159_BRANCH0_227,0,0.00510047,1
21_BRANCH0_183,1,0.00570855,1
21_BRANCH0_183,0,0.00567759,1
213_BRANCH0_256,1,0.00503117,1
213_BRANCH0_256,0,0.0050587,1
4,1,0.00719507,1
4,0,0.00584586,1
154,1,0.00649338,1
154,0,0.00469888,1
159_BRANCH0_199,1,0.00723886,1
159_BRANCH0_199,0,0.00485324,1
194,1,0.00485903,1
194,0,0.00659843,1
154_BRANCH0_199,1,0.00726935,1
154_BRANCH0_199,0,0.00471315,1
151,1,0.00536914,1
151,0,0.00552474,1
47_BRANCH0_340,1,0.0339012,1
47_BRANCH0_340,0,0.00620248,1
122,1,0.00620949,1
122,0,0.0062601,1
151_BRANCH0_198,1,0.00659223,1
151_BRANCH0_198,0,0.00617769,1
1_BRANCH0_242,1,0.00846761,1
1_BRANCH0_242,0,0.00652405,1
47_BRANCH0_187,1,0.00596906,1
47_BRANCH0_187,0,0.00566415,1
150,1,0.00617417,1
150,0,0.00612972,1
147,1,0.00615316,1
147,0,0.00554309,1
147_BRANCH0_195,1,0.00573991,1
147_BRANCH0_195,0,0.00573386,1
233_BRANCH0_290,1,0.00450863,1
233_BRANCH0_290,0,0.00452575,1
146,1,0.00620541,1
146,0,0.00623737,1
360,1,0.00430468,1
360,0,0.00997603,1
171_BRANCH0_199,1,0.00742854,1
171_BRANCH0_199,0,0.00483535,1
143_BRANCH0_194,1,0.00637691,1
143_BRANCH0_194,0,0.00614194,1
255,1,0.00467333,1
255,0,0.00462846,1
139_BRANCH0_191,1,0.00574273,1
139_BRANCH0_191,0,0.00577296,1
213_BRANCH0_255,1,0.0102062,1
213_BRANCH0_255,0,0.00431812,1
79_BRANCH0_192,1,0.0060405,1
79_BRANCH0_192,0,0.0068309,1
199_BRANCH0_213,1,0.00480473,1
199_BRANCH0_213,0,0.00502412,1
340,1,0.00454548,1
340,0,0.00485476,1
348,1,0.00576049,1
348,0,0.004239,1
135,1,0.00608091,1
135,0,0.005518,1
213_BRANCH0_250,1,0.0357004,1
213_BRANCH0_250,0,0.00481434,1
151_BRANCH0_197,1,0.00561451,1
151_BRANCH0_197,0,0.00579603,1
360_BRANCH0_373,1,0.00458622,1
360_BRANCH0_373,0,0.00438735,1
135_BRANCH0_190,1,0.00617625,1
135_BRANCH0_190,0,0.00619084,1
309_BRANCH0_332,1,0.00474969,1
309_BRANCH0_332,0,0.0041446,1
350,1,0.00411053,1
350,0,0.00437976,1
135_BRANCH0_189,1,0.00573311,1
135_BRANCH0_189,0,0.00579923,1
131,1,0.00618747,1
131,0,0.00544551,1
127,1,0.00661361,1
127,0,0.00539879,1
335,1,0.00411969,1
335,0,0.00420512,1
227,1,0.0049894,1
227,0,0.00473065,1
213_BRANCH0_246,1,0.00571439,1
213_BRANCH0_246,0,0.00483827,1
79,1,0.0117656,1
79,0,0.0114813,1
177_BRANCH0_247,1,0.00633359,1
177_BRANCH0_247,0,0.00496332,1
56,1,0.0075534,1
56,0,0.00726941,1
56_BRANCH0_168,1,0.00750034,1
56_BRANCH0_168,0,0.0062749,1
53,1,0.0598663,1
53,0,0.0588573,1
159,1,0.00631999,1
159,0,0.00461788,1
8_BRANCH0_334,1,0.0458571,1
8_BRANCH0_334,0,0.00612959,1
53_BRANCH0_188,1,0.00610632,1
53_BRANCH0_188,0,0.00682583,1
50,1,0.0203894,1
50,0,0.0193344,1
50_BRANCH0_255,1,0.0177665,1
50_BRANCH0_255,0,0.00597249,1
227_BRANCH0_288,1,0.00485161,1
227_BRANCH0_288,0,0.00453071,1
393_BRANCH0_429,1,26.9566,0
393_BRANCH0_429,0,0.00386598,1
50_BRANCH0_134,1,0.00637471,1
50_BRANCH0_134,0,0.00639292,1
27_BRANCH0_184,1,0.00624327,1
27_BRANCH0_184,0,0.00690315,1
40,1,0.0059761,1
40,0,0.0060906,1
309_BRANCH0_335,1,0.0157548,1
309_BRANCH0_335,0,0.00437619,1
73_BRANCH0_191,1,0.0057752,1
73_BRANCH0_191,0,0.00586727,1
247_BRANCH0_294,1,0.00455756,1
247_BRANCH0_294,0,0.00427532,1
37_BRANCH0_254,1,0.0319526,1
37_BRANCH0_254,0,0.00615427,1
224_BRANCH0_260,1,0.00524239,1
224_BRANCH0_260,0,0.00427312,1
239_BRANCH0_292,1,0.00444213,1
239_BRANCH0_292,0,0.00439099,1
108_BRANCH0_414,1,1.8089,1
108_BRANCH0_414,0,0.00659832,1
199_BRANCH0_203,1,0.00414467,1
199_BRANCH0_203,0,0.00504986,1
119,1,0.0057768,1
119,0,0.00538046,1
258,1,0.00473446,1
258,0,0.0047366,1
177_BRANCH0_199,1,0.00747768,1
177_BRANCH0_199,0,0.00667614,1
14,1,0.434791,1
14,0,0.43096,1
30,1,0.0079575,1
30,0,0.00773902,1
319_BRANCH0_338,1,0.00475872,1
319_BRANCH0_338,0,0.00448342,1
56_BRANCH0_399,1,0.0314378,1
56_BRANCH0_399,0,0.0339613,1
127_BRANCH0_186,1,0.00623244,1
127_BRANCH0_186,0,0.00628502,1
43_BRANCH0_393,1,0.00755422,1
43_BRANCH0_393,0,0.0076446,1
17,1,0.00759731,1
17,0,0.00759628,1
11,1,0.10165,1
11,0,0.100444,1
236_BRANCH0_291,1,0.00451142,1
236_BRANCH0_291,0,0.00441428,1
69_BRANCH0_404,1,0.0068482,1
69_BRANCH0_404,0,0.00674163,1
37_BRANCH0_130,1,0.00625295,1
37_BRANCH0_130,0,0.00613585,1
233,1,0.00543623,1
233,0,0.00474217,1
11_BRANCH0_122,1,0.00610126,1
11_BRANCH0_122,0,0.00627605,1
360_BRANCH0_376,1,0.015554,1
360_BRANCH0_376,0,0.00600859,1
213_BRANCH0_257,1,0.00502434,1
213_BRANCH0_257,0,0.00484343,1
17_BRANCH0_123,1,0.00546597,1
17_BRANCH0_123,0,0.00590087,1
294,1,0.00425341,1
294,0,0.00395526,1
30_BRANCH0_127,1,0.00549597,1
30_BRANCH0_127,0,0.00604765,1
162_BRANCH0_199,1,0.00746955,1
162_BRANCH0_199,0,0.00500429,1
60,1,0.00544346,1
60,0,0.00565892,1
105_BRANCH0_196,1,0.00636843,1
105_BRANCH0_196,0,0.00686478,1
267_BRANCH0_296,1,0.00488247,1
267_BRANCH0_296,0,0.00436133,1
56_BRANCH0_135,1,0.00537025,1
56_BRANCH0_135,0,0.00617157,1
418,1,0.00376988,1
418,0,0.00476443,1
24,1,0.0544809,1
24,0,0.0542449,1
63_BRANCH0_256,1,0.0116233,1
63_BRANCH0_256,0,0.00617026,1
168_BRANCH0_236,1,0.00660805,1
168_BRANCH0_236,0,0.00532427,1
347,1,24.1866,0
347,0,0.00555703,1
60_BRANCH0_189,1,0.00574299,1
60_BRANCH0_189,0,0.00588526,1
24_BRANCH0_250,1,0.0550255,1
24_BRANCH0_250,0,0.00617462,1
127_BRANCH0_185,1,0.00586605,1
127_BRANCH0_185,0,0.00570847,1
213_BRANCH0_258,1,0.00502567,1
213_BRANCH0_258,0,0.00481893,1
256,1,0.004718,1
256,0,0.00596954,1
34,1,0.0056746,1
34,0,0.00554399,1
259,1,35.193,0
259,0,0.00571057,1
37,1,0.032282,1
37,0,0.0323647,1
89_BRANCH0_146,1,0.00623107,1
89_BRANCH0_146,0,0.00635634,1
119_BRANCH0_158,1,0.00604401,1
119_BRANCH0_158,0,0.00637486,1
1,1,0.00687391,1
1,0,0.0068356,1
76_BRANCH0_257,1,0.00803022,1
76_BRANCH0_257,0,0.00615086,1
43_BRANCH0_131,1,0.00547864,1
43_BRANCH0_131,0,0.00601667,1
17_BRANCH0_381,1,0.00453758,1
17_BRANCH0_381,0,0.00465683,1
4_BRANCH0_154,1,0.00732392,1
4_BRANCH0_154,0,0.00634298,1
63,1,0.012777,1
63,0,0.012732,1
123,1,0.00607489,1
123,0,0.00538043,1
14_BRANCH0_371,1,0.33412,1
14_BRANCH0_371,0,0.114847,1
147_BRANCH0_196,1,0.00647977,1
147_BRANCH0_196,0,0.00637566,1
99_BRANCH0_346,1,0.00438815,1
99_BRANCH0_346,0,0.00614751,1
353,1,0.00449373,1
353,0,0.00417668,1
82_BRANCH0_143,1,0.00576999,1
82_BRANCH0_143,0,0.00606175,1
354,1,0.00443319,1
354,0,0.00423995,1
126,1,0.00619595,1
126,0,0.00641037,1
30_BRANCH0_162,1,0.0075439,1
30_BRANCH0_162,0,0.00618651,1
165_BRANCH0_199,1,0.00735888,1
165_BRANCH0_199,0,0.0048863,1
285_BRANCH0_343,1,0.00419011,1
285_BRANCH0_343,0,0.128751,1
53_BRANCH0_374,1,0.052967,1
53_BRANCH0_374,0,0.00652351,1
1_BRANCH0_118,1,0.0064288,1
1_BRANCH0_118,0,0.00628553,1
143,1,0.0069291,1
143,0,0.00561708,1
304,1,0.00397493,1
304,0,0.00445479,1
112_BRANCH0_347,1,0.00628971,1
112_BRANCH0_347,0,19.4998,0
60_BRANCH0_342,1,0.0159276,1
60_BRANCH0_342,0,0.00629204,1
330,1,0.00463658,1
330,0,0.00430676,1
86,1,0.00429476,1
86,0,0.00572902,1
243,1,0.00472791,1
243,0,0.00473929,1
17_BRANCH0_159,1,0.00740431,1
17_BRANCH0_159,0,0.00634914,1
92_BRANCH0_194,1,0.00637414,1
92_BRANCH0_194,0,0.00666138,1
43,1,0.0073442,1
43,0,0.00743743,1
8_BRANCH0_157,1,0.00535411,1
8_BRANCH0_157,0,0.00530711,1
198,1,0.0043292,1
198,0,0.00681334,1
8,1,0.0458454,1
8,0,0.0459474,1
21_BRANCH0_336,1,0.00586392,1
21_BRANCH0_336,0,0.00589603,1
21,1,0.00558748,1
21,0,0.00549964,1
339,1,0.00431053,1
339,0,0.00427022,1
105,1,0.0066213,1
105,0,0.00676991,1
43_BRANCH0_165,1,0.00752765,1
43_BRANCH0_165,0,0.00626068,1
143_BRANCH0_193,1,0.00594342,1
143_BRANCH0_193,0,0.00585955,1
82,1,0.00732176,1
82,0,0.00773868,1
24_BRANCH0_126,1,0.00630074,1
24_BRANCH0_126,0,0.00629111,1
92_BRANCH0_377,1,0.00801695,1
92_BRANCH0_377,0,0.00660383,1
4_BRANCH0_119,1,0.00543631,1
4_BRANCH0_119,0,0.00594978,1
260_BRANCH0_296,1,0.00534251,1
260_BRANCH0_296,0,0.00421733,1
289,1,0.00446755,1
289,0,0.0042128,1
27_BRANCH0_372,1,0.0054979,1
27_BRANCH0_372,0,0.0057272,1
407_BRANCH0_429,1,0.00498402,1
407_BRANCH0_429,0,0.00400757,1
193,1,0.00422238,1
193,0,0.00583782,1
190,1,0.00508636,1
190,0,0.00674863,1
139_BRANCH0_192,1,0.00671097,1
139_BRANCH0_192,0,0.00635138,1
306,1,0.00406491,1
306,0,0.00455106,1
404_BRANCH0_418,1,0.00490727,1
404_BRANCH0_418,0,0.003814,1
432,1,0.00405409,1
432,0,0.00283629,1
63_BRANCH0_138,1,0.00626385,1
63_BRANCH0_138,0,0.00635156,1
47,1,0.00561566,1
47,0,0.00557956,1
105_BRANCH0_378,1,0.00670492,1
105_BRANCH0_378,0,0.00619084,1
203_BRANCH0_239,1,0.00526546,1
203_BRANCH0_239,0,0.00417496,1
102_BRANCH0_259,1,0.00490328,1
102_BRANCH0_259,0,61.9785,0
66_BRANCH0_190,1,0.00626066,1
66_BRANCH0_190,0,0.0068072,1
273_BRANCH0_335,1,0.00443589,1
273_BRANCH0_335,0,0.142016,1
142,1,0.0062961,1
142,0,0.00628746,1
307,1,0.00395349,1
307,0,0.00435214,1
393,1,0.00482036,1
393,0,0.00397757,1
66,1,0.00650091,1
66,0,0.0244872,1
186,1,0.00492459,1
186,0,0.00627006,1
108_BRANCH0_180,1,0.00755458,1
108_BRANCH0_180,0,0.00622885,1
99_BRANCH0_195,1,0.00595398,1
99_BRANCH0_195,0,0.00585697,1
112_BRANCH0_197,1,0.00589974,1
112_BRANCH0_197,0,0.00591375,1
11_BRANCH0_246,1,0.100537,1
11_BRANCH0_246,0,0.0062149,1
185,1,0.00492821,1
185,0,0.00569686,1
273,1,0.00430449,1
273,0,0.00416233,1
213,1,0.00723778,1
213,0,0.00412606,1
345,1,0.00468189,1
345,0,0.00498142,1
131_BRANCH0_188,1,0.00631629,1
131_BRANCH0_188,0,0.00631557,1
69_BRANCH0_171,1,0.00759454,1
69_BRANCH0_171,0,0.00624649,1
69,1,0.00784029,1
69,0,0.00794322,1
404,1,0.00492179,1
404,0,0.00376035,1
14_BRANCH0_158,1,0.00602879,1
14_BRANCH0_158,0,0.00611648,1
95,1,0.00782496,1
95,0,0.00825057,1
73_BRANCH0_344,1,0.00969157,1
73_BRANCH0_344,0,0.00606813,1
99,1,0.00573865,1
99,0,0.00573764,1
162_BRANCH0_230,1,0.00625723,1
162_BRANCH0_230,0,0.00557571,1
360_BRANCH0_378,1,0.00498948,1
360_BRANCH0_378,0,0.00409758,1
76_BRANCH0_142,1,0.00623671,1
76_BRANCH0_142,0,0.00652126,1
346,1,0.00431756,1
346,0,0.00491086,1
4_BRANCH0_380,1,0.00627607,1
4_BRANCH0_380,0,0.00719971,1
92,1,0.00831022,1
92,0,0.00819543,1
82_BRANCH0_174,1,0.00760697,1
82_BRANCH0_174,0,0.00629047,1
89_BRANCH0_258,1,0.00486308,1
89_BRANCH0_258,0,0.00618561,1
381_BRANCH0_416,1,0.00539572,1
381_BRANCH0_416,0,0.0438096,1
82_BRANCH0_407,1,0.00807836,1
82_BRANCH0_407,0,0.00775135,1
301,1,0.00424688,1
301,0,0.00454352,1
86_BRANCH0_193,1,0.00580391,1
86_BRANCH0_193,0,0.00600601,1
309_BRANCH0_341,1,0.00484642,1
309_BRANCH0_341,0,0.00409905,1
89,1,0.00693132,1
89,0,0.00531106,1
260_BRANCH0_330,1,0.00476271,1
260_BRANCH0_330,0,0.0046794,1
285,1,0.00434646,1
285,0,0.00461202,1
309_BRANCH0_331,1,0.00452337,1
309_BRANCH0_331,0,0.00427462,1
251,1,0.00530347,1
251,0,0.00428934,1
386,1,0.00524608,1
386,0,0.00378059,1
95_BRANCH0_147,1,0.00554545,1
95_BRANCH0_147,0,0.00621951,1
276_BRANCH0_337,1,0.00446469,1
276_BRANCH0_337,0,0.109152,1
102,1,0.00529295,1
102,0,0.0050667,1
379,1,53.7734,0
379,0,0.00658944,1
95_BRANCH0_177,1,0.0074425,1
95_BRANCH0_177,0,0.00639413,1
319_BRANCH0_336,1,0.00461444,1
319_BRANCH0_336,0,0.00434041,1
404_BRANCH0_416,1,0.0120765,1
404_BRANCH0_416,0,0.0469408,1
154_BRANCH0_224,1,0.00616643,1
154_BRANCH0_224,0,0.00721074,1
242,1,0.0065844,1
242,0,0.00657339,1
342,1,0.00467019,1
342,0,0.00480127,1
360_BRANCH0_377,1,0.00714637,1
360_BRANCH0_377,0,0.00605877,1
102_BRANCH0_150,1,0.00626148,1
102_BRANCH0_150,0,0.00649704,1
381_BRANCH0_432,1,0.00497983,1
381_BRANCH0_432,0,0.0040833,1
188,1,0.00486909,1
188,0,0.00682447,1
333,1,0.00470117,1
333,0,0.00423322,1
108_BRANCH0_151,1,0.00558376,1
108_BRANCH0_151,0,0.00593929,1
115_BRANCH0_198,1,0.00631877,1
115_BRANCH0_198,0,0.0062852,1
203_BRANCH0_247,1,0.00541903,1
203_BRANCH0_247,0,0.00485805,1
131_BRANCH0_187,1,0.00581075,1
131_BRANCH0_187,0,0.00581641,1
76,1,0.0090366,1
76,0,0.00911907,1
108,1,1.04624,1
108,0,1.10225,1
112,1,0.00589275,1
112,0,0.00586493,1
115_BRANCH0_379,1,0.00594654,1
115_BRANCH0_379,0,72.3051,0
319_BRANCH0_334,1,0.00460753,1
319_BRANCH0_334,0,0.00433252,1
378,1,0.00404261,1
378,0,0.00484321,1
115,1,0.00470219,1
115,0,0.00584628,1
118,1,0.00636804,1
118,0,0.00647026,1
332,1,0.00483611,1
332,0,0.00421477,1
386_BRANCH0_431,1,0.00589002,1
386_BRANCH0_431,0,0.00377379,1
119_BRANCH0_157,1,0.00537523,1
119_BRANCH0_157,0,0.00594374,1
79_BRANCH0_376,1,0.0111118,1
79_BRANCH0_376,0,0.00627385,1
393_BRANCH0_425,1,0.0050618,1
393_BRANCH0_425,0,0.00492015,1
123_BRANCH0_183,1,0.00586975,1
123_BRANCH0_183,0,0.00595298,1
165_BRANCH0_233,1,0.00620023,1
165_BRANCH0_233,0,0.00719273,1
334,1,0.0057044,1
334,0,0.00624813,1
40_BRANCH0_186,1,0.00630523,1
40_BRANCH0_186,0,0.00706259,1
422_BRANCH0_432,1,0.00440995,1
422_BRANCH0_432,0,0.00343258,1
260,1,0.00531315,1
260,0,0.00460812,1
264_BRANCH0_296,1,0.00456277,1
264_BRANCH0_296,0,0.00462663,1
300,1,0.00430239,1
300,0,0.00616811,1
264_BRANCH0_331,1,0.00494894,1
264_BRANCH0_331,0,0.00460957,1
264,1,0.00459339,1
264,0,0.0044899,1
357,1,0.00399561,1
357,0,0.00437067,1
267_BRANCH0_332,1,0.00490106,1
267_BRANCH0_332,0,0.00468115,1
267,1,0.00483368,1
267,0,0.00460347,1
270_BRANCH0_296,1,0.00472558,1
270_BRANCH0_296,0,0.00418826,1
352,1,0.00432479,1
352,0,0.00427396,1
270_BRANCH0_333,1,0.00439926,1
270_BRANCH0_333,0,0.122914,1
425_BRANCH0_432,1,0.00443015,1
425_BRANCH0_432,0,0.00345363,1
270,1,0.0043505,1
270,0,0.00418516,1
276_BRANCH0_296,1,0.00488743,1
276_BRANCH0_296,0,0.00424573,1
276,1,0.00442124,1
276,0,0.00434844,1
309_BRANCH0_330,1,0.0047965,1
309_BRANCH0_330,0,0.0043713,1
411_BRANCH0_420,1,0.00496123,1
411_BRANCH0_420,0,0.00416892,1
279_BRANCH0_296,1,0.00476907,1
279_BRANCH0_296,0,0.00451919,1
279_BRANCH0_339,1,0.00453308,1
279_BRANCH0_339,0,0.125191,1
279,1,0.0049344,1
279,0,0.00430953,1
282_BRANCH0_296,1,0.00458371,1
282_BRANCH0_296,0,0.00426203,1
282_BRANCH0_341,1,0.00431269,1
282_BRANCH0_341,0,0.1124,1
282,1,0.00500438,1
282,0,0.00432344,1
288,1,0.00453936,1
288,0,0.00437768,1
290,1,0.00449858,1
290,0,0.00401329,1
291,1,0.00472242,1
291,0,0.00405046,1
292,1,0.00453288,1
292,0,0.00434957,1
293,1,0.00446024,1
293,0,0.00397004,1
295,1,0.00437233,1
295,0,0.00401772,1
296_BRANCH0_309,1,0.00408186,1
296_BRANCH0_309,0,0.00466158,1
296_BRANCH0_319,1,0.00432545,1
296_BRANCH0_319,0,0.00491019,1
296,1,0.004051,1
296,0,0.00474967,1
302,1,0.00438295,1
302,0,0.00444503,1
303,1,0.0041442,1
303,0,0.0045339,1
305,1,0.00398025,1
305,0,0.00451239,1
309_BRANCH0_333,1,0.0602079,1
309_BRANCH0_333,0,0.00450669,1
309_BRANCH0_339,1,0.00484783,1
309_BRANCH0_339,0,0.00439812,1
399_BRANCH0_428,1,0.0050044,1
399_BRANCH0_428,0,0.00454125,1
309_BRANCH0_343,1,0.00487298,1
309_BRANCH0_343,0,0.00436024,1
319_BRANCH0_345,1,0.00501116,1
319_BRANCH0_345,0,0.00469822,1
309,1,0.00484103,1
309,0,0.00416918,1
319_BRANCH0_340,1,0.135069,1
319_BRANCH0_340,0,0.00475776,1
319_BRANCH0_342,1,0.0238195,1
319_BRANCH0_342,0,0.00464265,1
319_BRANCH0_344,1,0.00814648,1
319_BRANCH0_344,0,0.00475671,1
319_BRANCH0_346,1,0.00496318,1
319_BRANCH0_346,0,0.00431923,1
319_BRANCH0_347,1,0.00484226,1
319_BRANCH0_347,0,27.8828,0
331,1,0.00430492,1
331,0,0.00405769,1
319,1,0.00471049,1
319,0,0.00429905,1
329,1,0.00468316,1
329,0,0.0040358,1
336,1,0.00424574,1
336,0,0.00464773,1
357_BRANCH0_360,1,0.00997054,1
357_BRANCH0_360,0,0.00423296,1
337,1,0.00453,1
337,0,0.0049827,1
338,1,0.00459781,1
338,0,0.00502648,1
343,1,0.0041181,1
343,0,0.00404174,1
344,1,0.00501299,1
344,0,0.00507466,1
386_BRANCH0_422,1,0.00513235,1
386_BRANCH0_422,0,0.00562266,1
349,1,0.00436611,1
349,0,0.00436735,1
351,1,0.00435955,1
351,0,0.00436236,1
355,1,0.00379713,1
355,0,0.0042438,1
356,1,0.00436087,1
356,0,0.00423419,1
357_BRANCH0_370,1,0.00398176,1
357_BRANCH0_370,0,0.00423477,1
360_BRANCH0_371,1,0.00460239,1
360_BRANCH0_371,0,0.00641327,1
360_BRANCH0_372,1,0.00424876,1
360_BRANCH0_372,0,0.00636138,1
360_BRANCH0_374,1,0.194553,1
360_BRANCH0_374,0,0.00500843,1
360_BRANCH0_375,1,0.561399,1
360_BRANCH0_375,0,0.00503839,1
360_BRANCH0_379,1,0.461754,1
360_BRANCH0_379,0,51.2282,0
370,1,0.00416297,1
370,0,0.00387901,1
371,1,0.339956,1
371,0,0.00479917,1
372,1,0.00638159,1
372,0,0.00491088,1
373,1,0.00489467,1
373,0,0.00513979,1
374,1,0.00485698,1
374,0,0.00494993,1
375,1,0.00610776,1
375,0,0.00483745,1
376,1,0.00604044,1
376,0,0.00497723,1
377,1,0.00611573,1
377,0,0.00495826,1
380,1,0.00705337,1
380,0,0.00293182,1
381_BRANCH0_430,1,0.00490192,1
381_BRANCH0_430,0,0.0037538,1
381_BRANCH0_431,1,0.00487631,1
381_BRANCH0_431,0,0.00420508,1
381,1,0.00533097,1
381,0,0.00396954,1
386_BRANCH0_429,1,0.00479141,1
386_BRANCH0_429,0,0.00402536,1
386_BRANCH0_430,1,0.00518436,1
386_BRANCH0_430,0,0.00405347,1
393_BRANCH0_416,1,0.00606919,1
393_BRANCH0_416,0,0.0442296,1
393_BRANCH0_417,1,0.00632989,1
393_BRANCH0_417,0,0.00384439,1
393_BRANCH0_428,1,0.00479696,1
393_BRANCH0_428,0,0.004542,1
399_BRANCH0_416,1,0.00609339,1
399_BRANCH0_416,0,0.0459406,1
399_BRANCH0_425,1,0.00602088,1
399_BRANCH0_425,0,0.00506967,1
399_BRANCH0_430,1,0.00644268,1
399_BRANCH0_430,0,0.00403598,1
399,1,0.00492793,1
399,0,0.00401788,1
407_BRANCH0_416,1,0.00609949,1
407_BRANCH0_416,0,0.0522897,1
407_BRANCH0_419,1,0.00497639,1
407_BRANCH0_419,0,0.00376197,1
407,1,0.00486107,1
407,0,0.00387607,1
411,1,0.00562178,1
411,0,0.00425333,1
414,1,0.00579313,1
414,0,0.0448524,1
417,1,0.00414718,1
417,0,0.00489201,1
419,1,0.00372992,1
419,0,0.00480605,1
420,1,0.00425336,1
420,0,0.00484222,1
421,1,0.00423349,1
421,0,0.0027334,1
422_BRANCH0_430,1,0.00434272,1
422_BRANCH0_430,0,0.00447749,1
422,1,0.00431905,1
422,0,0.00350506,1
425_BRANCH0_431,1,0.0053724,1
425_BRANCH0_431,0,0.00474165,1
425,1,0.00446641,1
425,0,0.00433018,1
428,1,0.00459445,1
428,0,0.00406314,1
429,1,0.00397821,1
429,0,0.00324175,1
430,1,0.00438601,1
430,0,0.00262175,1
431,1,0.00379739,1
431,0,0.00282477,1
