0.648564
16_BRANCH0_22,1,0.0313982,1
16_BRANCH0_22,0,0.0334235,1
11,1,0.0311068,1
11,0,0.0311073,1
11_BRANCH0_19,1,0.0311953,1
11_BRANCH0_19,0,0.0311986,1
11_BRANCH0_16,1,0.0311051,1
11_BRANCH0_16,0,0.0311116,1
7,1,0.0311338,1
7,0,0.0311839,1
6,1,0.0311864,1
6,0,0.031208,1
19,1,0.0311873,1
19,0,0.0310957,1
3_BRANCH0_11,1,0.0311765,1
3_BRANCH0_11,0,0.0311492,1
16_BRANCH0_23,1,0.0312097,1
16_BRANCH0_23,0,0.0310917,1
10,1,0.0311716,1
10,0,0.0329127,1
3_BRANCH0_10,1,0.0205598,1
3_BRANCH0_10,0,8.1937e-05,1
2,1,3.767e-05,1
2,0,3.8856e-05,1
3,1,7.0821e-05,1
3,0,5.9744e-05,1
16,1,3.722e-05,1
16,0,5.7243e-05,1
1,1,3.7839e-05,1
1,0,5.0785e-05,1
22,1,3.9483e-05,1
22,0,2.9376e-05,1
23,1,6.6455e-05,1
23,0,4.4124e-05,1
